0.00004777409256537927001283438612
0.00004777409256537927001283438612
0.00004777409256537927001283438612
0.00004777409256537927001283438612
0.00004777409256537927001283438612
0.00004777409256537927001283438612
0.00004777409256537927001283438612
0.00004777409256537927001283438612
0.00004777409256537927001283438612
0.00004777409256537927001283438612
0.00004777409256537927001283438612
0.00004777409256537927001283438612
0.00004777409256537927001283438612
0.00004777409256537927001283438612
0.00004777409256537927001283438612
0.00004625233984638427494300818673
0.00004625233984638427494300818673
0.00004625233984638427494300818673
0.00004625233984638427494300818673
0.00004625233984638427494300818673
0.00004625233984638427494300818673
0.00004625233984638427494300818673
0.00004625233984638427494300818673
0.00004625233984638427494300818673
0.00004625233984638427494300818673
0.00004625233984638427494300818673
0.00004625233984638427494300818673
0.00004625233984638427494300818673
0.00004625233984638427494300818673
0.00004625233984638427494300818673
0.00004625233984638427494300818673
0.00004558535499504676765099770981
0.00004558535499504676765099770981
0.00004558535499504676765099770981
0.00004558535499504676765099770981
0.00004558535499504676765099770981
0.00004558535499504676765099770981
0.00004558535499504676765099770981
0.00004558535499504676765099770981
0.00004558535499504676765099770981
0.00004558535499504676765099770981
0.00004558535499504676765099770981
0.00004558535499504676765099770981
0.00004558535499504676765099770981
0.00004558535499504676765099770981
0.00004558535499504676765099770981
0.00004306231866638910367837475310
0.00004306231866638910367837475310
0.00004306231866638910367837475310
0.00004306231866638910367837475310
0.00004306231866638910367837475310
0.00004306231866638910367837475310
0.00004306231866638910367837475310
0.00004306231866638910367837475310
0.00004306231866638910367837475310
0.00004306231866638910367837475310
0.00004306231866638910367837475310
0.00004306231866638910367837475310
0.00004306231866638910367837475310
0.00004306231866638910367837475310
0.00004306231866638910367837475310
0.00004306231866638910367837475310
0.00004448374926215374582050688990
0.00004448374926215374582050688990
0.00004448374926215374582050688990
0.00004448374926215374582050688990
0.00004448374926215374582050688990
0.00004448374926215374582050688990
0.00004448374926215374582050688990
0.00004448374926215374582050688990
0.00004448374926215374582050688990
0.00004448374926215374582050688990
0.00004448374926215374582050688990
0.00004448374926215374582050688990
0.00004448374926215374582050688990
0.00004448374926215374582050688990
0.00004448374926215374582050688990
0.00004448374926215374582050688990
0.00004481997434391275541238053894
0.00004481997434391275541238053894
0.00004481997434391275541238053894
0.00004481997434391275541238053894
0.00004481997434391275541238053894
0.00004481997434391275541238053894
0.00004481997434391275541238053894
0.00004481997434391275541238053894
0.00004481997434391275541238053894
0.00004481997434391275541238053894
0.00004481997434391275541238053894
0.00004481997434391275541238053894
0.00004481997434391275541238053894
0.00004481997434391275541238053894
0.00004481997434391275541238053894
0.00004394369953890999702226420248
0.00004394369953890999702226420248
0.00004394369953890999702226420248
0.00004394369953890999702226420248
0.00004394369953890999702226420248
0.00004394369953890999702226420248
0.00004394369953890999702226420248
0.00004394369953890999702226420248
0.00004394369953890999702226420248
0.00004394369953890999702226420248
0.00004394369953890999702226420248
0.00004394369953890999702226420248
0.00004394369953890999702226420248
0.00004394369953890999702226420248
0.00004394369953890999702226420248
0.00004394369953890999702226420248
0.00004379474018907962313827667209
0.00004379474018907962313827667209
0.00004379474018907962313827667209
0.00004379474018907962313827667209
0.00004379474018907962313827667209
0.00004379474018907962313827667209
0.00004379474018907962313827667209
0.00004379474018907962313827667209
0.00004379474018907962313827667209
0.00004379474018907962313827667209
0.00004379474018907962313827667209
0.00004379474018907962313827667209
0.00004379474018907962313827667209
0.00004379474018907962313827667209
0.00004379474018907962313827667209
0.00004334529391652520423975139942
0.00004334529391652520423975139942
0.00004334529391652520423975139942
0.00004334529391652520423975139942
0.00004334529391652520423975139942
0.00004334529391652520423975139942
0.00004334529391652520423975139942
0.00004334529391652520423975139942
0.00004334529391652520423975139942
0.00004334529391652520423975139942
0.00004334529391652520423975139942
0.00004334529391652520423975139942
0.00004334529391652520423975139942
0.00004334529391652520423975139942
0.00004334529391652520423975139942
0.00004334529391652520423975139942
0.00004346035812506268272049296356
0.00004346035812506268272049296356
0.00004346035812506268272049296356
0.00004346035812506268272049296356
0.00004346035812506268272049296356
0.00004346035812506268272049296356
0.00004346035812506268272049296356
0.00004346035812506268272049296356
0.00004346035812506268272049296356
0.00004346035812506268272049296356
0.00004346035812506268272049296356
0.00004346035812506268272049296356
0.00004346035812506268272049296356
0.00004346035812506268272049296356
0.00004346035812506268272049296356
0.00004346035812506268272049296356
0.00004352264546485037394082920078
0.00004352264546485037394082920078
0.00004352264546485037394082920078
0.00004352264546485037394082920078
0.00004352264546485037394082920078
0.00004352264546485037394082920078
0.00004352264546485037394082920078
0.00004352264546485037394082920078
0.00004352264546485037394082920078
0.00004352264546485037394082920078
0.00004352264546485037394082920078
0.00004352264546485037394082920078
0.00004352264546485037394082920078
0.00004352264546485037394082920078
0.00004352264546485037394082920078
0.00004371867369401623402957298800
0.00004371867369401623402957298800
0.00004371867369401623402957298800
0.00004371867369401623402957298800
0.00004371867369401623402957298800
0.00004371867369401623402957298800
0.00004371867369401623402957298800
0.00004371867369401623402957298800
0.00004371867369401623402957298800
0.00004371867369401623402957298800
0.00004371867369401623402957298800
0.00004371867369401623402957298800
0.00004371867369401623402957298800
0.00004371867369401623402957298800
0.00004371867369401623402957298800
0.00004371867369401623402957298800
0.00004392723250051499686478708340
0.00004392723250051499686478708340
0.00004392723250051499686478708340
0.00004392723250051499686478708340
0.00004392723250051499686478708340
0.00004392723250051499686478708340
0.00004392723250051499686478708340
0.00004392723250051499686478708340
0.00004392723250051499686478708340
0.00004392723250051499686478708340
0.00004392723250051499686478708340
0.00004392723250051499686478708340
0.00004392723250051499686478708340
0.00004392723250051499686478708340
0.00004392723250051499686478708340
0.00004392723250051499686478708340
