3.847499524817022770660915194E-54
1.364653524358567406199698938E-24
7.865253828247371518728816891E-25
4.527005912475351584413695898E-23
3.438849539101813789525181092E-23
2.715944065128437521683561973E-23
4.231991743757294790522846738E-23
3.694109572997255197395955439E-23
3.248886172816529840731806777E-23
2.861243348460403979382605550E-23
2.596209665169649420197693388E-23
2.370521005424365169120633185E-23
2.198058351926739776114270769E-23
2.012994971239573120852252741E-23
1.837005513426705871679006587E-23
1.713314921614058513476538056E-23
1.611846908779618527220919420E-23
3.083462406948753453583950557E-23
2.919682598096884707608442572E-23
3.470094597980438202761852568E-23
3.310009805386868049136913441E-23
3.145975645269648717005769402E-23
2.989463242967568992248368175E-23
3.453216204908136030274937185E-23
3.887290936118140491434710345E-23
3.747929123278574755686523316E-23
3.659071531017997957162743534E-23
3.534050590557459023359615599E-23
3.415182583909728018386899572E-23
3.774367347834389984725668780E-23
3.622104691984657974057399917E-23
3.514100660502968178483047221E-23
3.411647073626766613037313053E-23
3.312225810981571388414566367E-23
3.205505920518438562547448427E-23
3.135130796927767373764414968E-23
3.442952349910652252397255075E-23
3.340155770113386100401784493E-23
3.245382224497437282602338323E-23
3.355481846720978223095983789E-23
3.278905484634583558192826783E-23
3.205233896333700975629588355E-23
3.131397869297712752951299397E-23
3.068947168618544884104983396E-23
3.016437749954371924219156856E-23
3.078331398765730537754507212E-23
3.015348359531267305506233958E-23
7.363445010362670312449384585E-22
7.212371256817168765172157719E-22
7.049355889504000903598034084E-22
6.885953387452609588307810776E-22
6.764589070412717871865128636E-22
6.623391052770488719510477768E-22
6.481838057274478179571739879E-22
6.395196985441002636326922574E-22
6.292945302332927997239842791E-22
6.192027642921859143640512308E-22
6.086978554828300872802170510E-22
5.983947291289388725185545051E-22
5.878845179587474706325440945E-22
5.767280793197485072795979066E-22
5.666797591375318930361393167E-22
5.581472870310634686733066454E-22
5.480775808112633798269962427E-22
5.394118162216073259047224988E-22
5.317456624011660705834797260E-22
5.288177491819768744954264923E-22
5.192638827959950569153143811E-22
5.105568632207645921127470535E-22
5.028362294587723661380283372E-22
4.981428714745933971136345647E-22
4.922872120201528649669362719E-22
4.859782332498472972180109149E-22
4.783844593001896935862113163E-22
4.749064618809883671937332077E-22
4.693772813801734208992240279E-22
4.613225115783765991322673565E-22
4.552084501065581208239537206E-22
4.489343281673294334079842904E-22
4.434171548861948447197456510E-22
4.378993337136043533177452519E-22
4.323206779913485644327203584E-22
4.266923819233082707448485161E-22
4.220595119019557841964807516E-22
4.164801252022612895013517045E-22
4.109910281185330328936877377E-22
4.054183420663835454338380983E-22
3.999062474602592737476720406E-22
3.968754160666152267732397030E-22
3.922789352984075253283655860E-22
3.898577213996341429518581292E-22
3.881015163191220497031550731E-22
3.847293235353926689091949966E-22
3.824299000435004500923803727E-22
3.779926967057887821818494018E-22
3.737220560801742831904885493E-22
3.700726827857803075248733953E-22
3.645203042009663474414148084E-22
3.604875360530220362424314171E-22
3.586867831342142312308901882E-22
3.557183321274233418355280199E-22
3.526486012643214604370015137E-22
3.487389326097942065294136725E-22
3.447343346302999780808365590E-22
3.433661826859044217488337986E-22
3.402326260683224127936146149E-22
3.373676723842037799008627854E-22
3.345055109335453405016908980E-22
3.318285768111600006422328217E-22
3.291852126633464330383693697E-22
3.261465428667840163351176132E-22
4.405188680277458057825681694E-22
4.396266163752707500126885005E-22
4.347444479293292166432102427E-22
4.336909408036048132646166898E-22
4.305619728247773609543461681E-22
4.263358194076851941317984901E-22
4.227843030496286287722729442E-22
4.187218016473183131678791695E-22
4.150689421107085534729396776E-22
4.123950804766720945912691782E-22
4.094422309467116523000544930E-22
4.063816575772284544078287642E-22
4.039706502592161186761079880E-22
4.004617497890597946465875794E-22
3.969931349265810355789362646E-22
3.937245258931701689424854070E-22
3.921065183858854556615976239E-22
3.893476366286746897432705946E-22
3.864829128923293145047313546E-22
3.832453812821793205518053421E-22
3.806233936279931405661818580E-22
3.779221273327853177205922233E-22
3.756170282720660463310245381E-22
3.722903241367518600296751656E-22
3.699545958807334519590924820E-22
3.682456528444010382808707803E-22
3.653173741185943790676827638E-22
3.621892065732630427256346175E-22
3.591876087250430477155289041E-22
3.562987332544762099501622499E-22
3.535690641884693282127678630E-22
3.513288506120599413699727672E-22
3.485155885281666390151956985E-22
3.471950561381476177254158325E-22
3.448599966924116638868906086E-22
3.428026418694973805085309079E-22
3.412380337039533510935985744E-22
3.396991451518084383582166151E-22
3.374177257202571850709745215E-22
3.349666365944518337744054797E-22
3.346882746179376671580716628E-22
3.326107287901559787486666604E-22
3.304241987619102648559927330E-22
3.289748626044312505190756005E-22
3.267941175535167569228075840E-22
3.258340014215921816819928246E-22
3.239580433597757426169868829E-22
3.216014535618451741272366374E-22
3.199260654431446854638217754E-22
3.176576183010297902343595757E-22
3.159084691709866727502989291E-22
3.137509355403553330738583170E-22
3.124703858256384264564382188E-22
3.111661772007365826480808351E-22
3.101574698776243622868870127E-22
3.082306683767070867424469712E-22
3.073390998655261282727463504E-22
3.051616111696855232962521815E-22
3.033595721346291231842357143E-22
3.014185195252801666487332782E-22
2.996018654434572590082983553E-22
2.981712923764547215311486672E-22
2.961621429218803499774055400E-22
2.943753496712195581271961807E-22
2.924783582686820505964214999E-22
2.909735425655000382786239403E-22
2.891436971645697966899470844E-22
2.874782869261751253847704098E-22
2.866509432030456190138816886E-22
2.853740629488137658762261154E-22
2.839741193370084203931334299E-22
2.822047830257795702180131830E-22
2.804770955699417378470730014E-22
2.791525003495421257582246854E-22
2.776331522370442050037997912E-22
2.763944318999127192770256154E-22
2.747981946961178432586264270E-22
2.733854806464761382447316840E-22
2.718971314179988341390350374E-22
2.705403184062495651544484579E-22
2.695445949544654065463652949E-22
2.679147440937727783871229870E-22
2.665350674417982994738593070E-22
2.659058880278677085296286112E-22
2.649559051610818567286159286E-22
2.638402413579732738072416381E-22
2.624223873161120877783054413E-22
2.611428899826409134752193552E-22
2.593792745413872349245577708E-22
2.587935183732327245841121896E-22
2.574270946620634346150170041E-22
2.563228001939211810663073428E-22
2.549227186833293413542845935E-22
2.539293906068964755130712013E-22
2.531960415630451051136187056E-22
2.520909995175360390315433773E-22
2.517278221194457443236346081E-22
2.502923973570144115700637107E-22
2.491147739106322800934150838E-22
2.481869775755152709280626760E-22
2.470204731067242162775246155E-22
2.460675678612865348764868191E-22
2.447047521369838575482357634E-22
2.434953273006510637069725143E-22
2.422139363460478511765530101E-22
2.411778155056576536981985038E-22
2.401109170186304207498828450E-22
2.391296679961596349762247847E-22
2.382299416747578379067755862E-22
2.373846287770682377931320184E-22
2.363439965336704083160134051E-22
2.353908225612533736307642091E-22
2.346774723534978950599016166E-22
2.335052858962764088565892656E-22
2.330513007731817841340087743E-22
2.325716233037499818347608665E-22
2.319394100805127781998323175E-22
2.309631814631852426843090474E-22
2.306010848870710632769360350E-22
2.296401100507961539321689529E-22
2.286364556860823386919823857E-22
2.281193383248751773587871689E-22
2.271142986960273333696466849E-22
2.262019578702031948262782560E-22
2.254769299469609133864317509E-22
2.244251683801642297702342091E-22
2.235218847284929509262860742E-22
2.231546315436639423017952851E-22
2.222543968041964277987704995E-22
2.212968178411002613515238750E-22
2.202464673086931571351780221E-22
2.194007520095166368041467125E-22
2.185687230184182817142775763E-22
2.176891330943749291575252181E-22
2.169088575560500534516106879E-22
2.167775416925436754052186293E-22
2.160366811455649669804689126E-22
2.151032093674916507803200186E-22
2.139465192845974639026960890E-22
2.131512829200883045697364582E-22
2.129727311015158780304847479E-22
2.120284014424532596270783322E-22
2.116144188988519163136543728E-22
2.121037238983154956445822218E-22
2.119032720048730824014166749E-22
2.112433577068673850626071700E-22
2.103180283461241132589899752E-22
2.095990719749505185059055053E-22
2.087351327326436136239219865E-22
2.079409363161869350547559716E-22
2.731558645662398744279888833E-22
2.720039841224965559078344807E-22
2.706921536007181159304825865E-22
2.695706718584302098081664152E-22
2.687394774414328894048619977E-22
2.676392434066513413038614888E-22
2.665921983474757876084038900E-22
2.651875901037603104632843641E-22
2.647650626344949997854193863E-22
2.643198430491063256966427102E-22
2.635397661992895745797211396E-22
2.621502951918373952139574169E-22
2.610881102121727102274011438E-22
2.601274090187459103295597493E-22
2.591642798799616379007748215E-22
2.581269830940482589432656000E-22
2.571163954648068254371907112E-22
2.564131094557385426846781646E-22
2.553455859638710536945194873E-22
2.545549588952304382470871515E-22
2.536713810948995094260428294E-22
2.528382147483852821219732010E-22
2.804709694754169911374064424E-22
2.798801949411109655805331582E-22
2.786177974564328601284074967E-22
2.776748707196678057548439915E-22
2.772161217732908727755701960E-22
2.763378272511604695731141837E-22
2.753529607854681093083036202E-22
2.745427943607576325644762655E-22
2.735439194282425527224555144E-22
2.732707077044532539257440943E-22
2.722751944330346655796330526E-22
2.717808785085899171344052394E-22
2.708337956255005589465483990E-22
2.699939291098874482806206995E-22
2.690165847733859162624624655E-22
2.691118326911447600016555269E-22
2.687265792213748972357621743E-22
2.684450670073489378666509494E-22
2.679530900903938499847121859E-22
2.672174564966925115522881269E-22
2.669532487505892669156262381E-22
2.660899095135595704509262729E-22
2.652404011262444178059754466E-22
2.643209934960995145064222578E-22
2.640656179364834811673821541E-22
2.633717474956367564102736444E-22
2.625323932774771650777735329E-22
2.622007762529813273088764446E-22
2.614043221249206470012377447E-22
2.606719953199083417102864125E-22
2.598299886251485745258279033E-22
2.590034176505274126427628666E-22
2.581305786761455062544878055E-22
2.572794785837994213089718294E-22
2.564027761327721958549718262E-22
2.552931844653679245376331801E-22
2.545335386565925175659619960E-22
2.535686164635820669913677031E-22
2.528388859624292157809011152E-22
2.521593933433358960861898483E-22
2.511999853186678939529062692E-22
2.502387834631322241612785512E-22
2.493761195063963055593950155E-22
2.486795930525128731847907716E-22
2.479300106126044276014705245E-22
2.470773045244934688003475759E-22
2.469264481948167744080184732E-22
2.461631330645188731359308180E-22
2.454962467404188494419999446E-22
2.447769162780765133232531326E-22
2.446486942912877936519553678E-22
2.439343981260913226379935616E-22
2.432291610530903984073967086E-22
2.424979578422845411490287132E-22
2.417676084957089836971283697E-22
2.410050734804486931699119421E-22
2.402897182778371283410996373E-22
2.396744497916909407903197823E-22
2.389375082305926114428638366E-22
2.382998325458759475693686327E-22
2.377270023402822480156762291E-22
2.370608141784757844326650096E-22
2.366180878208640175797343639E-22
2.364083895127267479141316864E-22
2.359981600257102323806932917E-22
2.353215737249666114181215454E-22
2.345899039242712760781431644E-22
2.338415334985189091419231027E-22
2.335758579148476380546377688E-22
2.328419273773025107870659269E-22
2.322220374979440445214411765E-22
2.315629310883300426999782909E-22
2.308647811570392479289012104E-22
2.302325950544513912539422638E-22
2.295650872731056613535593282E-22
2.290227121582048640066785643E-22
2.283873849525767529984937198E-22
2.278131107816601186008321545E-22
2.272519796674206288355589436E-22
2.267117955491817519698193872E-22
2.260053340193365421321240181E-22
2.252697616201303234527670087E-22
2.248280711884152048432629172E-22
2.242104998515811590835936118E-22
2.237296267862982561951141705E-22
2.234257530054190132556199946E-22
2.228617795308179107913258875E-22
2.221647441298765843974477474E-22
2.215891754559055491697803128E-22
2.209163938439866140402219948E-22
2.203209126198071677904252484E-22
2.196851913369071753885669667E-22
2.191691181141215767808499625E-22
2.184728096139412200768153979E-22
2.178417302743679986948123890E-22
2.173699787932447563298569975E-22
2.167613066070247465288525420E-22
2.161567550433555212407509408E-22
2.155081419875419238226425789E-22
2.151341455428275224030668929E-22
2.145414840764488095110471300E-22
2.140090484466666993365348680E-22
2.135071869454623650577713068E-22
2.130132877247641277427134870E-22
2.124306641567696398099335777E-22
2.118277867895586631497870673E-22
2.112771340245309493352436986E-22
2.111185103791551910088121162E-22
2.106223036128284843515728944E-22
2.102364671461004458847378684E-22
2.096378824356082295747454357E-22
2.094547408374133836497998679E-22
2.088679857158081175874335399E-22
2.084332261280265305617921857E-22
2.078944848335495221494501444E-22
2.073458210173302878283643581E-22
2.072339468716018708125076687E-22
2.069528156907140162484477324E-22
2.064476097173674451723082337E-22
2.058558861671830336776595769E-22
2.052220247795151381936490759E-22
2.047426325763421379833147859E-22
2.046736786722541451154465824E-22
2.041484586721620418538932380E-22
2.037090322933518316394145652E-22
2.033193319919900645207787810E-22
2.028404563734142155758091457E-22
2.023198806895738504679158744E-22
2.018316778470403686994252030E-22
2.013106915684040583560977274E-22
2.008722565690127275306139553E-22
2.003394414019426485675743697E-22
1.999242279191121420058724913E-22
1.995185172399793679033191623E-22
1.989545725825987203992641358E-22
1.984689502135356605535981053E-22
1.980951238142847041185289942E-22
1.976122917220777080043045721E-22
1.971660824181927379877124551E-22
1.966966806780509352019793150E-22
1.966442925213082118226784670E-22
1.961795988842308577584012873E-22
1.957419517443613518224960489E-22
1.953031919579694156305890903E-22
1.948996863320087840635371654E-22
1.947561744818706841465432997E-22
1.943001567491898694318816222E-22
1.938621592638690221956245024E-22
1.933688854759157760746587615E-22
1.929610110933001772937509886E-22
1.924098256234721403894687952E-22
1.919310887378117630439463607E-22
1.914835989115367191764228483E-22
1.909712109744850323736778810E-22
1.906021063034353277204288922E-22
1.903681475619859090459636449E-22
1.899290393817339368699794091E-22
1.894671817157099518766041778E-22
1.890525521727582637051405515E-22
1.886013053219701654989908739E-22
1.884380490647863962348939441E-22
1.880606091029553660347174507E-22
1.876033932203460881552457464E-22
1.871704423283006915220294753E-22
1.867262662358598199001823355E-22
1.863118857023456657785618530E-22
1.859433661723742772862738962E-22
1.855508814263511391886446330E-22
1.849995194484128121316393817E-22
1.848934363541276884867499371E-22
1.847114899504323375075536837E-22
1.843156062561093234393547702E-22
1.839502370687715428764054534E-22
1.835485447214189433675105956E-22
1.830173724289422606386172865E-22
1.826105869528278662309042860E-22
1.821082774145845721373303611E-22
1.816659397675941167802875660E-22
1.818545469553329887278513160E-22
1.814957039142656960178029119E-22
1.810917523941183310473627547E-22
1.806359154120488332837277283E-22
1.801816371618198793967381965E-22
1.797057746041440948977962542E-22
1.792627462128902758913238013E-22
1.789220185940704194416513255E-22
1.786127606017168437191218396E-22
1.782464454412223287164757190E-22
1.783664203322945996977188717E-22
1.780027468163804919964511904E-22
1.776693432907430215214674019E-22
1.773522357228661449581420742E-22
1.770045631092057983170097230E-22
1.766290946738419963955616902E-22
1.764086391064294368077047937E-22
1.761097826186991621211066802E-22
1.756539002631607196688275000E-22
1.753133182058802635477312386E-22
1.749431859225475028830140368E-22
1.745962740208583551609232059E-22
1.742322076117724959197878370E-22
1.738666780858125630262999750E-22
1.737047124295187936351615609E-22
1.733847881173356447885550451E-22
1.730273283981687618694102459E-22
1.726252034001184336075576205E-22
1.722377633251106054756832765E-22
1.719460217522802125780365598E-22
1.718975636172885603436598608E-22
1.717273020373057987088722280E-22
1.715432945276557182885641029E-22
1.712237306197213887587136370E-22
1.708977658513295637678586337E-22
1.705529817364166698471633874E-22
1.702637858509792893616729274E-22
1.698714554991082855361806977E-22
1.695299826720590208467441305E-22
1.691676060580460968958604970E-22
1.688314277855630986828958639E-22
1.685041512121123046941072148E-22
1.681731302109014641866405543E-22
1.677438447554856015866257916E-22
1.673877242957697671349916828E-22
1.670717077304588240251845985E-22
1.667868874711374908797804823E-22
1.667307784102136541481022091E-22
1.667095535776197760567400078E-22
1.664363269392660369337425270E-22
1.664099674118746109490005056E-22
1.660805644468630786769732229E-22
1.658698033712124631349560826E-22
1.655875176304641198794431553E-22
1.653079112970492324710185035E-22
1.657402117615521410324924382E-22
1.654332641733523569121655385E-22
1.653722749007331682305753627E-22
1.651372985453475631485747704E-22
1.648275959382628692966267218E-22
1.645252628007568328978669719E-22
1.642550030725503201285481834E-22
1.639771956899815305971506142E-22
1.639109025019240496144131340E-22
1.636979711188781250777214124E-22
1.636395366160869380232001276E-22
1.636410366880371854002911785E-22
1.633455135667839427639360724E-22
1.632662646185615863878751055E-22
1.632372736142536767379195509E-22
1.629101422520939814582946915E-22
1.626709151249622279577702002E-22
1.623582051818792670496602057E-22
1.621113666865791329184083602E-22
1.620648468703989584890511036E-22
1.937912751742349132390462760E-22
1.934339614073490534759508377E-22
1.930318620026127692816306353E-22
1.926608090940155873674594591E-22
1.922356292621378051985035314E-22
1.919385504118980125655474597E-22
1.920758107709797528878758644E-22
1.917617997896781591317963597E-22
1.916891772005994039586854872E-22
1.913013072680905642013430818E-22
1.909661859090893739152504873E-22
1.905976374576219464999156741E-22
1.902889544384030948687602412E-22
1.899127512842016957560451832E-22
1.895431604918586328997976670E-22
1.891785940912580131766596392E-22
1.891324822232334541327297903E-22
1.889011657227176925129392831E-22
1.885842803028599366768909866E-22
1.881502431179927431127509169E-22
1.879738543060636155329387047E-22
1.876890331397974694665303532E-22
1.876423942432316552395919993E-22
1.872837801249235143980730484E-22
1.869228967889913760568645301E-22
1.867685592501624991564565356E-22
1.864297871165692656518993732E-22
1.862143783563005558673291690E-22
1.861527469104551831879027266E-22
1.858486727979431040198382458E-22
1.858446596506997726263487446E-22
1.855197046855388974921122900E-22
1.851702004570961265734000925E-22
1.847840823832680250940123286E-22
1.844287109207315167993253670E-22
1.841009872940386980199950466E-22
1.838300261134694036197859634E-22
1.834551580212836833682419396E-22
1.833618908072744956046103062E-22
1.830001995256969954715557287E-22
1.827142676209411924087144354E-22
1.823450647065950890014907681E-22
1.820978104761580581156251946E-22
1.818140419599565455757401862E-22
1.814953525513810797723643011E-22
1.814481425310333180500718107E-22
1.810959035403007979857281084E-22
1.806849286719918388824885886E-22
1.803498593152038545691397605E-22
1.800666395421016713588253277E-22
1.797119132103730320298466874E-22
1.795081950364810898458436632E-22
2.590282023775360226511086165E-21
2.585944809744741801962237780E-21
2.582368624864421752646407656E-21
2.578691516743569109363964609E-21
2.574472414719934943891267426E-21
2.569539408043607788191947858E-21
2.565045461523011786211996604E-21
2.561049041744267749904363368E-21
2.556972083150765764297520793E-21
2.553180206210505079868392849E-21
2.548474178997816530895121216E-21
2.545373943029141939999226907E-21
2.541420831511610343332282960E-21
2.536656072699023115259752904E-21
2.532485678359285476284134291E-21
2.528400277069641839652865451E-21
2.525124828073260817448339777E-21
2.520943682794458157129903545E-21
2.516984701709270903735007140E-21
2.513027895087359167068558854E-21
2.508885973833036640460122113E-21
2.504051767013492660593692945E-21
2.499264430851761768944473916E-21
2.495270839986416955317932090E-21
2.491078887176088366809215657E-21
2.487338329901989861761208093E-21
2.483905552301065022162830290E-21
2.480345893734303484077323359E-21
2.476687600716429748556733682E-21
2.473131968867032075030306798E-21
2.469274092050808259949240605E-21
2.465898585060193710765266848E-21
2.461309347242522501893630248E-21
2.456316249622391720348529500E-21
2.451622936718766558557413092E-21
2.448573759139508346285109311E-21
2.444825262299470067514626268E-21
2.440519911847466374169592439E-21
2.437570640051596695115521476E-21
2.434381900905175949265529201E-21
2.429925441473997584563706297E-21
2.427241913183948965877910987E-21
2.424029252813277417939832448E-21
2.420403488132532899324025727E-21
2.417008599554908238959949593E-21
2.413208447169073635487131781E-21
2.409363129225915006958442436E-21
2.404651825299944016876430335E-21
2.401146893677829448746599912E-21
2.397086319767955024846616394E-21
2.393390783240298461778022841E-21
2.390028300768265320905070916E-21
2.387016283153938636562879848E-21
2.384205717402497735126393420E-21
2.379987776559332026324268109E-21
2.375939339740549760333745552E-21
2.372379611203229664660692263E-21
2.369851188664493943270443074E-21
2.367069606753699583706796881E-21
2.364226444654961041398765468E-21
2.360154720242223455524981144E-21
2.356722762536092997873034038E-21
2.353091075782720524599928482E-21
2.349692378957615622518628555E-21
2.346335193158709194881432059E-21
2.341756290822232090316958568E-21
2.338510643974460139867312459E-21
2.335004498583955531444959938E-21
2.331783750464993605712376590E-21
2.328116982441771660564786381E-21
2.324907110053324849051070143E-21
2.321688394718091007930413563E-21
2.318147096644146386322436188E-21
2.315088942683522624119160410E-21
2.312212341922623516524987510E-21
2.335521408084947320185167886E-21
2.332009559684419362217728764E-21
2.329053186620258081212669476E-21
2.325567283676537437010117063E-21
2.322163741391945279196361581E-21
2.318706920292523144576245410E-21
2.314714433609245829650090652E-21
2.311650215399610962999574888E-21
2.308345338332525846753447159E-21
2.304645822040716162317894599E-21
2.300828921189918944848691502E-21
2.297592306660122898601704321E-21
2.294372896602331189737598981E-21
2.290757368229079422830335312E-21
2.288085433874055607783504800E-21
2.284333678504781708518658750E-21
2.280816708070319186379327555E-21
2.277318467695270610210373744E-21
2.273961834248445715223779693E-21
2.271073014860763536531378491E-21
2.268030798494730748623579656E-21
2.264259939566777423759427698E-21
2.261320368849662387912314647E-21
2.257516652231716343604628106E-21
2.254281896162931308700951110E-21
2.251076251636577394661231083E-21
2.248437819639426283027081690E-21
2.245483608899697814306091978E-21
2.242075958066722207423288451E-21
2.237818449883337308244063447E-21
2.234445648431127127819266422E-21
2.231332711770541720886681107E-21
2.227553574452631341684457514E-21
2.224845867866823985454842102E-21
2.221955366643859844296136656E-21
2.219491577615162234673267578E-21
2.217188015276612424196902643E-21
2.213958522393872465926292955E-21
2.211100074080904708687828299E-21
2.207809380776845642350737849E-21
2.204935503840928814682691817E-21
2.202072989086061667650800325E-21
2.199632999813333182801342079E-21
2.196896053757340741632434016E-21
2.193957983658961855950728024E-21
2.189904014198687925776815488E-21
2.205133487038004030070298510E-21
2.202096187208393457313945048E-21
2.199090625708209311028396430E-21
2.196587662709256270568884371E-21
2.209597937599130920214359508E-21
2.207368042991908918813959897E-21
2.204264824191603123731986515E-21
2.201797636776877768350874227E-21
2.199092672752753552260879624E-21
2.196026744411655420995842876E-21
2.192785874926646136337418117E-21
2.189337765183171498677544357E-21
2.186659003918495250051775177E-21
2.184032285617316373984378626E-21
2.180737301572573643536998313E-21
2.177982161580965135835162440E-21
2.174761271656721169791671473E-21
2.172075849942143298538327804E-21
2.169794034086044556483031811E-21
2.166421580269881684664065235E-21
2.163911078454097440264175898E-21
2.161213690260811937984927438E-21
2.158144375404944965228996383E-21
3.716210979431439966506108899E-21
3.712584494510123904684228680E-21
3.707702129553716118602684865E-21
3.703729829135718878060089042E-21
3.697202877323763210810184102E-21
3.693028155028739721568702110E-21
3.688018519512977611927610514E-21
3.682272742442085408532025715E-21
3.677024098195494019142769543E-21
3.673540632249672853298249524E-21
3.668569529155483785765682904E-21
3.663322267267987442714748274E-21
3.658287148424450843238136731E-21
3.653343302086678973746672701E-21
3.649039093595871156367731329E-21
3.643970683998800615140395312E-21
3.639536332474669802049657191E-21
3.635804277763592935245204655E-21
