1.008569438634318713190470382E-24
1.363415382155335073732614433E-22
7.033863314910846966047083450E-23
4.547436083292068689513567438E-23
6.623675905909271743796144508E-23
5.118781548669339828188558687E-23
6.471257084816657603515293181E-23
5.654974174250936551905169156E-23
5.045525843611996348326972115E-23
4.513253109637197277969973451E-23
4.216478075243274265536315478E-23
3.821939818533859636409646652E-23
3.611952092792880126369063425E-23
3.342896374939083710577284190E-23
3.144431769221413411176245882E-23
2.935490415942719163227784499E-23
2.773060986315095031395053263E-23
2.629024298404216988438442090E-23
2.484157648509732514290339639E-23
2.369478784295650593610529421E-23
2.258688471199330075897690480E-23
2.167402914435474325085644941E-23
2.084418235231230676744900057E-23
2.623462364628780080076624182E-23
5.119839444710799354550660405E-22
4.885333752029238085795088496E-22
4.691345673524259670576317919E-22
4.545529451866157963743613601E-22
4.360336525174712345271122797E-22
4.197069878302904024299092460E-22
5.502438583386316805180941440E-20
5.310183212233225104987552252E-20
5.137592468079172963673245966E-20
5.014606050498296614826013339E-20
4.880884746811477521905861907E-20
4.755172087472914029402302399E-20
4.631178769475410307820915833E-20
4.488373319696705361749647438E-20
4.388354673024243336887617634E-20
4.252436743731493308546586233E-20
4.156237501604035673957785497E-20
4.055994147276472691918578814E-20
3.959286681808779795141980884E-20
3.875634113586663738533540074E-20
3.826271587927301434373789693E-20
3.739641067809625812540283999E-20
3.640428629177653659993299097E-20
3.552252363624885817602918501E-20
3.456692287646245924254059337E-20
3.376575987194843603829468636E-20
3.320529130231488070214118844E-20
3.254665789129635567449491626E-20
3.195805767461144843250323271E-20
3.136133127634115894365064400E-20
3.070977097910978600415810003E-20
3.014491187165879146911740790E-20
2.963048730312712452989822702E-20
2.907354578257403015839055071E-20
2.869570076712755673501715127E-20
2.832663365285301417787602051E-20
2.776874273522827088547842618E-20
2.725892340185606967565128246E-20
2.682135977083262050779794299E-20
2.630432923186929059403958173E-20
2.597059887636810680636807535E-20
2.556392057310755951506815283E-20
2.517080482156588644565866599E-20
2.473358449399264210520682784E-20
2.438479424449061269231181116E-20
2.406293043833404415101438377E-20
2.375448435559329524701163527E-20
2.341257720439440042156995763E-20
2.309606399294192900711660159E-20
2.278595701589673551284239160E-20
2.250158044526711425064764599E-20
2.225863916983687277492679964E-20
2.196045368961696157737732047E-20
2.164207865800099515343846747E-20
2.141747463823225410069367064E-20
2.109615821617320982565579234E-20
2.080754216630468582826832148E-20
2.047203842543908732946749055E-20
2.027786014056986157771808800E-20
1.999542413442335714808526685E-20
1.979116668946138851487866707E-20
1.953611859201587043399623544E-20
1.937168371239954077090848563E-20
1.918050660660386501547908398E-20
1.896727218347667023392756423E-20
1.875848007139908212834480691E-20
1.859250028553994237171165664E-20
1.836398641471086525976267762E-20
1.818095624551336844454216435E-20
1.798894450511765613720014770E-20
1.779652425597142754070912709E-20
1.760511527666356930973415559E-20
1.739407377494977405011931734E-20
1.724853168735853042258694803E-20
1.709136031591443478312522164E-20
1.694113611119046154988460878E-20
1.695610228666407565825055731E-20
1.679226105618890749470017458E-20
1.663083521565069655033933553E-20
1.643266367793915357524902114E-20
1.628595809969140514619276318E-20
1.613152951103359788990778418E-20
1.594738636114733709838338378E-20
1.581483083317022687382356047E-20
1.567288800906269688112129870E-20
1.549993762570691673617710247E-20
1.533129056442663396962031893E-20
1.522070308843535969803836374E-20
1.506247699946896952820809544E-20
1.489771317161062855656301024E-20
1.476816179725199253269556207E-20
1.466248958079297884308552568E-20
1.453055757878043005058094796E-20
1.442468698771297571114971065E-20
1.430994729312042608273693294E-20
1.420172446979248463640357914E-20
1.409749541419617413939638385E-20
1.399782867024132404866842943E-20
1.383669919421102043774029831E-20
1.372221585106745640540309570E-20
1.362041755963332341383254272E-20
1.350112809101602941566680529E-20
1.339241692731128453044270568E-20
1.340565802366308311042887757E-20
1.331035146652243368659759338E-20
1.319549627923423631969840479E-20
1.310336772262156289915255759E-20
1.300656094495363039985254278E-20
1.289745747295152646413048832E-20
1.279372928524400255083878626E-20
1.268516201983989289180529188E-20
1.257734242916224599676854577E-20
1.247989089918454355403780782E-20
1.238453936678205867836344763E-20
1.229092820914503929365554368E-20
1.220165553789219588443739470E-20
1.212471105341179722721611287E-20
1.203538647228157693838996142E-20
1.194214141491392898599695816E-20
1.186568281035039801803088774E-20
1.176711838702198097105905004E-20
1.170140950826415227029294810E-20
1.162919013028837429415637237E-20
1.154050302157226100093940749E-20
1.147993580378515590683094886E-20
1.139312824277572548604796317E-20
1.131245738836877697577254586E-20
1.124011424571508715019712796E-20
1.116859249159394410523386377E-20
1.109960201354751420670827558E-20
1.101650378573630546559157458E-20
1.094516101682035952147855892E-20
1.088498498164238251228488633E-20
1.082598169155588233279614307E-20
1.076288287534411151477191861E-20
1.067994971275097663928299393E-20
1.060745345985455865818587399E-20
1.054021501938615870786604775E-20
1.046933919346428719073387511E-20
1.039893362186096342866321985E-20
1.034032565498592361133117150E-20
1.027199694760212560873482001E-20
1.020804736920081198105645121E-20
1.014817992786909285796465681E-20
1.008367899701050558380206241E-20
1.000871177531230845765222083E-20
9.949693253983442050563406871E-21
9.909718934460757435401883034E-21
9.859482686054138782063804754E-21
9.788519024075364136832924567E-21
9.735374548644971094251114220E-21
9.685420085584730260421582688E-21
9.625320432523688198617311511E-21
9.559738450169812599992996149E-21
9.508797176471353973539681511E-21
9.461574801333623337840916210E-21
9.393931584888775526054922260E-21
9.343810744497594761180685380E-21
9.299863485010048814428757215E-21
9.253766133405258018039264809E-21
9.212618072421384564343382179E-21
9.168195320248707768433848234E-21
9.120131614398048623171119296E-21
9.071747528009828749570293896E-21
9.028742568479483412724850097E-21
8.973584034740932467618044313E-21
8.926419652689315466116193844E-21
8.878634014899360068449206560E-21
8.835476447613914861995553194E-21
8.796211708050362734303963770E-21
8.740894625282533143928007532E-21
8.683027114185461203522998787E-21
8.648199663753338839001921154E-21
8.601905547327808165883881963E-21
8.565643498987881022729994997E-21
8.519595133263802821802189658E-21
8.475667233353766064612594935E-21
8.437277911222229910278630206E-21
8.398071367927355012915003323E-21
8.351235611254540760602264544E-21
8.306802463972987940105567329E-21
8.264602418652388017619334015E-21
8.227554550277232526273950112E-21
8.196039641423275840634207885E-21
8.157085659273088502270174475E-21
8.121627043743779269300649219E-21
8.085294700278781615594420576E-21
8.042411735472288949436250542E-21
8.002558298483103124919387738E-21
7.964768558688144731274366847E-21
7.928479327714471597337905922E-21
7.896078616264894427069697083E-21
7.858127529200465267953094537E-21
7.814998200908281080915006580E-21
7.776682455767693444436947778E-21
7.739987751721451089863497349E-21
7.707679878862977656725213198E-21
7.674435136494864324305725292E-21
7.633526741154711334643403197E-21
7.594119749046620478384180319E-21
7.560938489211135118349353940E-21
7.524800226543282068573499351E-21
7.491159495836237445646285685E-21
7.456161162696770498512995071E-21
7.419668117067080067701367353E-21
7.397178020891700166911456059E-21
7.366046951351849107799516796E-21
7.327358211214023759791864244E-21
7.299080583600928375251822885E-21
7.269824386349158915707375968E-21
7.238982198266277254356147245E-21
7.208137796755058379652396270E-21
7.178567135084473944333878204E-21
7.152582369511258229901756439E-21
7.120750405942277514670861096E-21
7.098051572741659603554103286E-21
7.067420984888416335738341337E-21
7.039136146058741193338316775E-21
7.014275484506260204550112991E-21
6.984603165934651020509325033E-21
6.958480249551937941572749262E-21
6.928100813544975642473220311E-21
6.891883222635027533428433666E-21
6.863070366623123403480087842E-21
6.830991165009727308487303293E-21
6.803298510872887994398858783E-21
6.777499941080629089460258821E-21
6.744935673358363461546575732E-21
6.721836814825026683836706383E-21
6.694454354680419925416046472E-21
6.663854222143338886167137041E-21
6.635947076147389604136187381E-21
6.613187996559680954239395084E-21
6.587187648641314941582082658E-21
6.560973283829642331475127887E-21
6.534739348338873493520495905E-21
6.511971207031802089525845925E-21
6.485626732193434186008863049E-21
6.456688873726341132353657842E-21
6.435619860198582800399792662E-21
6.404443877702740802948610362E-21
6.382109950223421028922770394E-21
6.357961346032656571835690611E-21
6.330169654075613695982522156E-21
6.306374480140215644029784988E-21
6.285725824272164025683127784E-21
6.262728610768911893254150044E-21
6.246637222431634982167376610E-21
6.219824615065605857510571968E-21
6.199114670096663545265822334E-21
6.178745146680147458267521844E-21
6.155029440521173475298326143E-21
6.131159448094621079504685948E-21
6.108678647751554926081807149E-21
6.085037315489816364111802598E-21
6.065037915959104062674338137E-21
6.046107931297588281249779537E-21
6.019971321082774554815144163E-21
5.995740110606439188424609946E-21
5.973277998686959667226400582E-21
5.951522362820482218773716157E-21
5.931185715348172124495847709E-21
5.915209769510888755444607078E-21
5.898514185504251481784108751E-21
5.872802704179591808477351442E-21
5.852768634958707149355395112E-21
5.831089936963088515667423129E-21
5.806913427542451290578905419E-21
5.785862628566409694982997296E-21
5.766936411430665118720199381E-21
5.747764243544914181935175530E-21
5.727981607317168362404722456E-21
5.707817451636390334550827099E-21
5.691287068465231016531367804E-21
5.672084364878158093618653637E-21
5.654282238184308188969278065E-21
5.638746151277130227609891902E-21
5.618900836416530523567477376E-21
5.605535488884009579934775194E-21
5.587075719109025135921901797E-21
5.562843939782459644995487327E-21
5.544232263456704863464290840E-21
5.527690279853382105590145010E-21
5.508902691416021903505872025E-21
5.493222614010400377746734164E-21
5.473142366997053849352901598E-21
5.458407103199569199665670421E-21
5.438417175268849968990219977E-21
5.420912951221510586711659913E-21
5.400906348467897995951744600E-21
5.384431351657158467917798047E-21
5.367403968104379920465240699E-21
5.348688157938028706689055926E-21
5.333183699906584205382867554E-21
5.313394402394421904412340533E-21
5.298764490353478626106405911E-21
5.282742768577841118016149815E-21
5.263437392397856186700237520E-21
5.248179954823382926366025660E-21
5.230486680680661431661365325E-21
5.242160891647388886124180374E-21
5.226310192771054892012002622E-21
5.205698838064963300269164354E-21
5.193406142299429933063869639E-21
5.173629073775848626106707516E-21
5.154534277602149997736613630E-21
5.141644880106268489867913387E-21
5.124724484910076300751191121E-21
5.107479217502771744649057712E-21
5.093515340178630825147944638E-21
5.073612716384684979445181394E-21
5.059736719815252464139693234E-21
5.047576285514555182172809051E-21
5.033318078899466465873495461E-21
5.022388110964731712709922340E-21
5.011251645842208991121097601E-21
4.996184501411728509169220546E-21
4.982191623615932628772488268E-21
4.966202904680531459613021155E-21
4.954728123646047162595518600E-21
4.943260303136608135134654881E-21
4.927052601118229800891149187E-21
4.913390351955666102443309552E-21
4.898919796807092615005492443E-21
4.884387269368134597116809138E-21
4.871084650803845913448882987E-21
4.858685636398102997929617773E-21
4.844830309548465140325523083E-21
4.833576245022326613824050150E-21
4.820580126890695331065981329E-21
4.807191126492478569120004569E-21
4.791833960651595636294965379E-21
4.779307186404208451682532332E-21
4.763648000878256362306444981E-21
4.785601477930747379891652700E-21
4.771051349517278390756754090E-21
4.755249103957661336041293486E-21
4.743652446594884735851047891E-21
4.732205518584872209441332976E-21
4.720881248295353108594826668E-21
4.709679940554682603215179630E-21
4.694768225254828441389971269E-21
4.683020723830461037387539678E-21
4.670597068572125048026249440E-21
4.657374950023354877698633195E-21
4.646225789951935905832403298E-21
4.635593816619890390756454233E-21
4.619649520872778789874310896E-21
4.606567615968666271489813282E-21
4.594771557483823499073798782E-21
4.583271130452449146119306219E-21
4.572499292036796498541509185E-21
4.559398174130032245211044878E-21
4.544429227638815043507021376E-21
4.530129494568339914088571578E-21
4.515995364996807979942099220E-21
4.503706813181093856549929337E-21
4.493351074468373363326333184E-21
4.480881515957246796320109531E-21
4.471940505646268637548577203E-21
4.460661821156825367420440975E-21
4.450347441873675475078659455E-21
4.436806566796239617040698988E-21
4.426873183127297144441209257E-21
4.417385331133594295693202576E-21
4.407340322969699634298254327E-21
4.394548388502436706013204407E-21
4.383629947785345295040110293E-21
4.373753808490801866560397585E-21
4.361202936968769220087148967E-21
4.349469957013699779605744440E-21
4.367079178244458551234272805E-21
4.353561184115509147942353037E-21
4.345322581315087807467971913E-21
4.336175112703849732616496210E-21
4.325105213860347762432348835E-21
4.312463857666075714072735476E-21
4.302459408808546838494294739E-21
4.292778638571380177700848925E-21
4.283757536755573309398306683E-21
4.271131813409978289190537003E-21
4.260313482006090611903705825E-21
4.248811251294079359725607433E-21
4.239882795455107524944202123E-21
4.230217749679118388748910300E-21
4.218651647061520846596969269E-21
4.208280673548065173882357221E-21
4.196313708372550833696287442E-21
4.185706315231745150408559297E-21
4.172487983171956446176153354E-21
4.161726204338919924449655636E-21
4.152889883235065939446356685E-21
4.144015497520812409012664693E-21
4.136379141860995184387503738E-21
4.125324320668986705131532260E-21
4.115140271714161040366840266E-21
6.629384718709282210567089251E-21
6.615692929959210333782678333E-21
6.600394876568094738600659390E-21
6.586267511477506144887128975E-21
6.569936958430086132195215255E-21
6.555073375980324069109855130E-21
6.542431769577321198599855960E-21
6.526284694279184322939344670E-21
6.513873371932697683556996839E-21
6.500361770740280204995377917E-21
6.483594122608639643652588051E-21
6.468931564029735756606115028E-21
6.453894904517649654895968586E-21
6.439697675573240706768961971E-21
6.427406228473633420157431853E-21
6.412238441224068424697452634E-21
6.398351636686798883085356146E-21
6.386890374198210652502601137E-21
6.371043937408163556953647906E-21
6.357913252671808862153721434E-21
6.347765855828168954564425642E-21
6.330821001724119232665167138E-21
6.317607980120926699672822182E-21
6.301344578796745438326745888E-21
6.287529902858513067624142389E-21
6.276063328148211566527909289E-21
6.263532269374917388121416761E-21
6.249107554551817363319108000E-21
6.236477918951953403918570580E-21
6.223181427318947195896383253E-21
6.207112856128476035924139248E-21
6.193341473745446042591770183E-21
6.179149793934850639245086150E-21
6.165248301509602412869700418E-21
6.152424901287970748080961284E-21
6.137775908471037826604415481E-21
6.126657945423364752106822351E-21
6.112400213301888550591597896E-21
6.097434401727379752238121695E-21
6.083065026128643961099680147E-21
6.071587276149997515379180439E-21
6.058524749169703971690342505E-21
6.044388352399215621156375594E-21
6.030951640018279178955900825E-21
6.017862758995243273088415100E-21
6.005823174859586546774366023E-21
5.991182596820945512265285018E-21
5.977758003196840838056129061E-21
5.958672919528637409280580860E-21
5.945437443914907946387442131E-21
5.971664490089256603427483015E-21
5.958081063507905106606633948E-21
5.943268859049263083755118857E-21
5.929409440763800740863240614E-21
5.917587032084848365823970417E-21
5.907222832139518382142726796E-21
5.894234290838089713018435803E-21
5.881744074902406880088769395E-21
5.865918440133034405160904562E-21
5.852142499168923800727544504E-21
5.839858079060653234012918178E-21
5.828110147271052702863367996E-21
5.813601907020789609541242546E-21
5.803217811181343815180184505E-21
5.789698369103157158629024805E-21
5.774845092696577495518740921E-21
5.764228952648300982869548610E-21
5.753749846547920153257243423E-21
5.740291858610756213616962572E-21
5.728823042782999440326513224E-21
5.715717317861480506134870214E-21
5.700425698554023946164407364E-21
5.691025120615900602164887080E-21
5.680156910130296707624326237E-21
5.668393964578980773406572765E-21
5.655878155910804365436734389E-21
5.642815291527105394642971455E-21
5.630092171160093687166053878E-21
5.616521944548482772672359084E-21
5.606773212281009938184401443E-21
