8.642654662049201903519138610E-43
2.791196796220619883173569223E-24
7.355179563294579801550279697E-23
4.891881816893187358047275223E-23
3.491216652915335550533840911E-23
2.823694921366846937143112887E-23
2.962090147346300863831633226E-23
2.585651373895609716159863922E-23
2.284797065029121532131277035E-23
2.045131928187820187164823178E-23
1.844835375415193111016860516E-23
1.647725086672896492634411914E-23
1.503618583888088508207880238E-23
1.379153450089893953260270567E-23
1.289390126128768482149782473E-23
1.230005537953063171914338142E-23
2.021594418557884956190200407E-23
3.380258147480113455814152715E-23
3.189208397791292450968246884E-23
3.025274864603571898551744856E-23
2.862464496597805107485361189E-23
2.749669228591012741897856735E-23
2.640891823573038319415494154E-23
3.704754204037327826604727060E-23
3.563367549901067972584705125E-23
3.434530308925185206088256610E-23
3.313013891321509290477847945E-23
3.858761358889859568722559234E-23
3.717365246217377986397365118E-23
3.574166038056088698220449354E-23
3.478429369422327622735880458E-23
3.378968240447902639487597840E-23
3.251749792779214140438972391E-23
3.575496118679423018201130925E-23
4.279009532677792521184738802E-23
4.549959097074875226669900164E-23
4.419505027961505515758967492E-23
4.286896943752282635093124423E-23
4.177816563564143388310028835E-23
4.077841060503697724740581734E-23
3.977263957399883091510629518E-23
3.846830992226246311888864290E-23
3.784247018947832038756658519E-23
4.312540815261734955878268034E-23
4.539159688899378823054769853E-23
4.424785044577527967900683809E-23
4.340775070792967223449561421E-23
4.249084342785392283218679227E-23
4.139227396903874031537119911E-23
4.044808301333727424040215643E-23
4.217212120353049169697524802E-23
4.144466871627882321132339956E-23
4.329112333880832949360135054E-23
4.247156626623709896273302926E-23
4.173757571178421958195970397E-23
4.101647752335452992560193641E-23
4.028153580577514712197136935E-23
3.963752724492212607704966869E-23
4.131565603928342669598124508E-23
4.528791032438499692344775107E-23
4.896194039655925435405039329E-23
4.809873008531370564144763491E-23
4.722922395119836287978373294E-23
4.649631849963244623373077031E-23
4.561506446661506369971248025E-23
4.496852540726917712838292079E-23
4.435657004701493488923311362E-23
4.365269735748900874384844245E-23
4.293515211105224848923657860E-23
4.219867276601888667069141721E-23
4.157583589599212712943966483E-23
4.100584320769098124292328392E-23
4.039456150704289116141211929E-23
3.979637590462925927021056406E-23
3.931142028285235962668968189E-23
3.880174773751790342699539030E-23
3.823928747907933064919953872E-23
3.768536562044399863319670322E-23
3.723264018783339695274012723E-23
3.856767132290082131775430371E-23
3.811697132341462309189719467E-23
3.777287076519048785033052969E-23
3.733338237533568408097792877E-23
4.007984909316651171304994029E-23
4.116696589349691567526774090E-23
4.071095402483392879616523039E-23
4.023151492728485722879045506E-23
3.974203318510713644387618150E-23
3.933861717623828391437047948E-23
3.894156611445543939455205259E-23
3.852634618980435203130021124E-23
3.803077508885671464080435676E-23
3.907062580644527228287737077E-23
3.864181695403213261452275108E-23
3.818855182514642449888418250E-23
3.779645555889008812673507080E-23
3.744235765499127680753810695E-23
4.096289755018416610758759653E-23
4.058418540732494668593950125E-23
4.024913351148798106339111676E-23
3.979459344357699889454016513E-23
3.942322103689498178500818527E-23
3.907603237410682322370651078E-23
3.998880315302565066611573413E-23
3.971399957986653830670066250E-23
3.934538389778854435526385856E-23
3.900318848014525881957315301E-23
3.855785713537209926837977266E-23
3.825198701527220626420607242E-23
3.794924195199328887850941528E-23
3.765244771834811596417683704E-23
3.739426094036522895900434152E-23
3.704370543240956466129099138E-23
3.671336389528317778912566755E-23
3.697018932159108259559186620E-23
3.667884382736751842605360718E-23
3.630773442333475765941477717E-23
3.597737152889269254804939034E-23
3.570606817990224364093494161E-23
3.531243264491447664371659207E-23
3.503216979378424100255362351E-23
3.484865967128314451733962520E-23
3.455498849727264778018712821E-23
3.420766162599856433985650825E-23
3.396256569313091524741180628E-23
3.375842319100661381740097758E-23
3.349622200037079778209952250E-23
3.327617013673135500775378005E-23
3.301029460958352867380303504E-23
3.276835632463525055868822140E-23
3.252441927713724556980845888E-23
3.228896906638437006039793864E-23
3.201756446927855783306760143E-23
3.279224349365414127285059818E-23
3.255230940859119869535844612E-23
3.229291800932990740864395310E-23
3.205615483410130659609836884E-23
3.183510676684217125577917829E-23
3.226795206408178143957319558E-23
3.300715566719364595677284033E-23
3.278132376180996797276147893E-23
3.256428555024156041058452622E-23
3.235297289137126940686859616E-23
3.214252337696137204344881707E-23
3.195369819537474008499545205E-23
3.175183007033408104097937383E-23
3.154706685594360974702601023E-23
3.130933229230250279602684762E-23
3.108698960184486932303565217E-23
3.089880939974898725731114510E-23
3.068528988051581256904970771E-23
3.047008810908912350867640443E-23
3.022586899362133097895773915E-23
3.004636595911978627938431427E-23
2.985379902905847799091954814E-23
2.524175315154779271059609567E-22
2.511316778173920959317645056E-22
2.497657327317944545890922081E-22
2.482159468283532956545357452E-22
2.473098716026632269674339049E-22
2.456238228766658047542526785E-22
2.444004580713478761754635499E-22
2.428701301345961434954877765E-22
2.422349951735324919624111414E-22
2.407498097803127760581382154E-22
2.393444919821604918808748052E-22
2.381928657231434058897522006E-22
2.368351384866418712859813760E-22
3.111904513473466601185516852E-22
3.095466693164772529722721471E-22
3.075213110259362595936356523E-22
3.058698025264661439293587452E-22
3.062100991602885164866781719E-22
3.047121061908296071635182904E-22
3.031723239579756408885302769E-22
3.013654040362609803243691023E-22
2.999851069888917199737828538E-22
2.986544503681618182898899253E-22
2.971547252667154735794167420E-22
2.951464643169569493402336757E-22
2.934267492732314774129965377E-22
2.915662943977290399019686995E-22
2.903832638821823455471273461E-22
2.887926334788088615814292046E-22
2.871779675403961441600016932E-22
2.858097361130306611939598801E-22
2.855505994226481008120012119E-22
2.839460290298039800055482711E-22
2.821687980075416336167739676E-22
2.809881158043516995385933830E-22
2.793714815200993621881718854E-22
2.783300321086354097080205108E-22
2.769288356964582647877419379E-22
2.754549640518111321090602380E-22
2.740491442269550565459740574E-22
2.727489096597681542416452005E-22
2.714425411960140158954697303E-22
2.702775709213541080890389653E-22
2.689667034808470827295096648E-22
2.689153925005639684177687003E-22
2.678725488787758550026349393E-22
2.666085591262050784912071533E-22
2.651328841962184197729716818E-22
2.635646441693195318955877892E-22
2.624812142134278216632109777E-22
2.618070862367908689823692459E-22
2.604322884264205654196632642E-22
2.591142645888098174076190386E-22
2.585132472802730646395622139E-22
2.575011293693740857611419699E-22
2.564501836685521311458342449E-22
2.552341801064880460967750961E-22
2.541065222714332785742833999E-22
2.528613534196131455243163300E-22
2.516555444265541732744057683E-22
2.503024761450354520372780422E-22
2.492377457087708825405784552E-22
2.480902769133845125346989627E-22
2.469647577380422817623100718E-22
2.458517910347389095524886866E-22
2.446960162730937823492684881E-22
2.434917053824530350248980709E-22
2.425600138101324375542365111E-22
2.414297367155941925175454873E-22
2.403992051009786492086164385E-22
2.405591237667487186891866468E-22
2.394698043186433804849757390E-22
2.391843215369396921638526458E-22
2.381222265909942987131057365E-22
2.375146395733617244946749150E-22
2.366839764048417066756691498E-22
2.357589389407496241190363243E-22
2.347070888264143881245415761E-22
2.344381415845861950915608339E-22
2.340877708593841506847864643E-22
2.332050238596521029948271980E-22
2.320616865267753287068238739E-22
2.312038118932643381447035964E-22
2.306594576983286718469763250E-22
2.296797417173017312267076004E-22
2.288207241376010991676926048E-22
2.284764825387660960386943223E-22
2.277340454744416923455841540E-22
2.273724925347990205688083391E-22
2.263882931555956395785225264E-22
2.258317574693977238204185460E-22
2.253759256847791981094198352E-22
2.250676819121942962899493489E-22
2.240469424721096039311887752E-22
2.229972034360625326414901537E-22
2.221122421155469369752176632E-22
2.218434230098064524361437711E-22
2.208948256625551517486846595E-22
2.202241763096782093062823699E-22
2.198822758464437909653563465E-22
2.189484276759135391906163122E-22
2.181544028937942235084294866E-22
2.173610208138235441438400253E-22
2.165408375708040218371328369E-22
2.156894950616481597563264767E-22
2.148762986874018316939890431E-22
2.141034500238281630196350740E-22
2.132032028357886058328372993E-22
2.124310425289571684569863912E-22
2.115017579916083492415855158E-22
2.106994884072355119660670177E-22
2.099974411929748600945497637E-22
2.098056319498066823443168519E-22
2.091061222885422781099477035E-22
2.085018005418685524865931833E-22
2.077987858416213522777227979E-22
2.069571117031751763113423483E-22
2.064069674563696382308046779E-22
2.057631037656508698252185916E-22
2.049776960189778441568537421E-22
2.041281664431260847301170744E-22
2.039690398212572141645927872E-22
2.032662374825624846849333653E-22
2.026036754177380994679412914E-22
2.018351878388551493062922133E-22
2.010808061785806469644987972E-22
2.002585923059057917070910387E-22
1.999577520487695882306033826E-22
1.991551009722469858514591342E-22
1.984567204099496846861316216E-22
1.982366731456140755315521470E-22
1.984301198021089128643364098E-22
1.977391567079979794744449560E-22
1.970589331192247637794820612E-22
1.962660068897203790572984987E-22
1.956003295433967463885638701E-22
1.954129520269626395919748818E-22
1.946617597158458330987962460E-22
1.946053762147656217812091675E-22
1.940229784210659442164921328E-22
1.933470383787078980348786007E-22
1.929071044306852218462215592E-22
1.922407289715038972457074257E-22
1.915195099679355974244102942E-22
1.908594059846270602482889651E-22
1.901888880556307178200245845E-22
1.896395657983249592553327242E-22
1.894619765531697514528041180E-22
1.892089793750054923240816481E-22
1.886029940919455095569815084E-22
1.879257811207522984444961222E-22
1.874960589036935619469406517E-22
1.867297546022904972177529140E-22
1.860881600784033107061580958E-22
1.855264280845239427916465644E-22
1.849450860601069676229236534E-22
1.843285845760112913766309867E-22
1.837317172700807226690457543E-22
1.831825628119668095672157010E-22
1.826647054821542126054188135E-22
1.820402927445312596051483737E-22
1.823513606941823451581346553E-22
1.816523929366365344330530831E-22
1.810871633304900772243047226E-22
1.804058260107877947394199246E-22
1.799047458149637984330956404E-22
1.794238589189422136883363347E-22
1.795120748751816849307694909E-22
1.793128770580528055099392368E-22
1.787705444523670652374509687E-22
1.785896500007907337898909492E-22
1.779411099716782893904467467E-22
1.778993914045532298556394319E-22
2.293091808362288232898174630E-22
2.284529227660237529171032287E-22
2.277864371441175701608652014E-22
2.272767448186603450226100839E-22
2.267037315622300191912919274E-22
2.260141622369267287617225234E-22
2.253654857292230322823625194E-22
2.245549506673690014527931886E-22
2.239883436265415931434093480E-22
2.233418969258176428747921571E-22
2.227583210510934751715372063E-22
2.220391886334048578502390225E-22
2.242848857772640910349421404E-22
2.237006549574721533149506663E-22
2.232813329284870532476563005E-22
2.227775765444988740208091204E-22
2.225885149462688414449778725E-22
2.220738424571164577573668877E-22
2.214071354908405505051797755E-22
2.212189472528742646964548162E-22
2.204995991379749721104548360E-22
2.199278972146134398977752218E-22
2.191937631358394232860774578E-22
2.186589720124789141419758869E-22
2.180668496827762084235684510E-22
2.174462735650748427178392861E-22
2.168948832114792137624056280E-22
2.163206230758023147668831349E-22
2.156918616665714119300913832E-22
2.150349658928584176908031095E-22
2.147836618182908931402332216E-22
2.142294823513649818353909875E-22
2.140472632522133149559109738E-22
2.135317470448489345979331327E-22
2.130054311431101266242095993E-22
2.124578895205275764977801719E-22
2.117720310857277403997312132E-22
2.111213797694930611743099970E-22
2.106504220401088957827355580E-22
2.103480385512273088717899655E-22
2.097175712501204235302112982E-22
2.091646648730280900132724594E-22
2.085975117089956435409225751E-22
2.079365295904572299775475910E-22
2.073851083111947017418839568E-22
2.070962275135652449909574527E-22
2.065241541722044073094224424E-22
2.060617545917607763782554312E-22
2.056957499671158059469942187E-22
2.349030301761552448055017805E-22
2.343763553502565663517401699E-22
2.338551887727628971221419220E-22
2.334376226982535042142887850E-22
2.328494960620495896063143942E-22
2.325617573947413807264818868E-22
2.320664178519601671618327718E-22
2.315228874269375443806261112E-22
2.314616837501569816450082172E-22
2.310215620219908766746341611E-22
2.303654001554765191751823647E-22
2.297258985558416290162610240E-22
2.291987143227300252360214837E-22
2.287394720620508786418107250E-22
2.281588574363195402530608909E-22
2.275351698487788016528556502E-22
2.558335530018533520526038088E-22
2.552179074047373936717119036E-22
2.546392617090601857365292716E-22
2.541080286442559913911035702E-22
2.535208940325020005963243681E-22
2.537371614233397098997199763E-22
2.529407764079570636839164383E-22
2.523194408776633898519986241E-22
2.516129499732986014865300726E-22
2.514372934309351970515785034E-22
2.509435076464571591711298748E-22
2.504092447198202807373053981E-22
2.496740661919781524830259633E-22
2.490692014343231040477641660E-22
2.484434392588698601907845419E-22
2.479197778995460858698367078E-22
2.473844669897437866287316183E-22
2.467024507055187990379039962E-22
2.461784350902482911066133007E-22
2.456349884089306810859337814E-22
2.450484686255974892623350888E-22
2.443908144491422045137032727E-22
2.438116155395826182814600744E-22
2.434914620957524897560741200E-22
2.700407060114049528898687732E-22
2.694302042775982762077670890E-22
2.687537827182013774297222351E-22
2.681182684840466118123334807E-22
2.675257337899237147516385699E-22
2.667953063024250376349810828E-22
2.662279913237815040270443239E-22
2.655987679265886983685041768E-22
2.649539128666520252349802916E-22
2.644143286046156651687856072E-22
2.639041040130613192806597936E-22
2.633923181796198664480899005E-22
2.629114110572797896460755179E-22
2.624054070483547648164483586E-22
2.623170415980162307274097895E-22
2.618445717299797213500760561E-22
2.612241301896659461681454861E-22
2.606507703766573801474060550E-22
2.599958342937624235368467531E-22
2.595826773595334978716277692E-22
2.591159678082784217507621867E-22
2.586200810477628769015951733E-22
2.579542879793585793304384773E-22
2.574886112720563339492036060E-22
2.570795289214661803924764346E-22
2.566439476479561499527045030E-22
2.560816488243995804976432754E-22
2.555277917802408167154877382E-22
2.549790823727265956250070997E-22
2.551670080104921815126483261E-22
2.549621453083006842193185931E-22
2.543454965368751514046810543E-22
2.537392262865186767551404639E-22
2.532515826498054544754286240E-22
2.526493120348379217601276280E-22
2.526382320847228687647719812E-22
2.520043661086121277057323296E-22
2.514283342260625572742453705E-22
2.509501977767013325948018406E-22
2.504909010949168392645901274E-22
2.500119776154351438291177323E-22
2.494381738394443607430820123E-22
2.488706420462244063856963347E-22
2.483043727036761493644923523E-22
2.479601669253037371929543743E-22
2.473855593040791459711843175E-22
2.469326983401489446003269352E-22
2.463582965346711001598515010E-22
2.461214126375229593312987933E-22
2.459604115857252201744745390E-22
2.453947679376373816064018194E-22
2.449097405456709956557453646E-22
2.447531199549776021319414433E-22
2.442018795473385785984863836E-22
2.436472387913359835836623475E-22
2.431778076684926616340537409E-22
2.426532230154827870377733061E-22
2.421464402217416490280741524E-22
2.415361708431027179403788767E-22
2.413776464395845590563961819E-22
2.409298837511009567794225229E-22
2.404734851409487277888548671E-22
2.399393355889426435986585294E-22
2.397416339572284460637085649E-22
2.400532142111910507939886928E-22
2.395451229631361186771731242E-22
2.390466257093212450151459567E-22
2.385339690450845352120965500E-22
2.384505623150675661141735792E-22
2.378912942268828047447388169E-22
2.374055733508685113194512519E-22
2.369025560675729812380897316E-22
2.597898726032914321980956101E-22
2.592300894367419038133682898E-22
2.585442697712434848622673316E-22
2.581222128785737184959061902E-22
2.575391653185504679634446847E-22
2.569951925125231485105327102E-22
2.565058676841987765649194449E-22
2.564061676543467725721679293E-22
2.560013953998624360677128901E-22
2.555432797093746745429193551E-22
2.550282334277254979380398811E-22
2.548378832396406519048889804E-22
2.543772997868033186205314408E-22
2.539388319142736202790128138E-22
2.534154573180837125855618438E-22
2.529470361585594405754581646E-22
2.524912286467995454482951256E-22
2.519641072399237189369929465E-22
2.517281362444622545974082241E-22
2.515290773726708969144022843E-22
2.510637750476515977724212981E-22
2.505806101069978420470618019E-22
2.501448401885265916207443292E-22
2.496142089368703521294319527E-22
2.490472375249587611582858074E-22
2.487147933194894501808151709E-22
2.484996128792662003303715621E-22
2.480369678052972500588853220E-22
2.477455884237467122232370574E-22
2.473676490504762542857745082E-22
2.468836705505353876563411997E-22
2.466831743094328227779454171E-22
2.461864667911844686786350726E-22
2.456629787935012058964915578E-22
2.452358936876121573446254327E-22
2.447799766669826944898044379E-22
2.442662010468274883996135759E-22
2.437816535327272861466689942E-22
2.435440529050547542607116702E-22
2.430234615016387590669178519E-22
2.425470905332845908718580765E-22
2.421599018302461526445919998E-22
2.417178169277029320547500987E-22
2.415841718995906720969072222E-22
2.414467031757152886709280896E-22
2.626975595696735940439886233E-22
2.622284629523850549397723578E-22
2.617406680429351305682067634E-22
2.612685001832617821733936442E-22
2.607773686123446498446179865E-22
2.604651677331319269857912158E-22
2.598792893744007609000147733E-22
2.594306843554358742129963085E-22
2.591451921677758120970780011E-22
2.589225665130995639037620790E-22
2.583557153826836027887689098E-22
2.578762515819835331505009212E-22
2.574487798686795322923801900E-22
2.571886443330308291205234823E-22
2.567722454810211326074338999E-22
2.562651844893264954697428836E-22
2.558237445016343568580697374E-22
2.554443185935264797191685453E-22
2.548335098476014292884377613E-22
2.544970623925712768300480766E-22
2.540254112114695992243901875E-22
2.535369273751653017520939900E-22
2.531879069185323987042200608E-22
2.528717140223205749229207325E-22
2.524739081659115297787326921E-22
2.521287412409736762568187540E-22
2.517122052214460025868814331E-22
2.511777252668798350300201351E-22
2.508130775356417300991885914E-22
2.503009796645890813191074261E-22
2.498361597349488076739235669E-22
2.495739121399874176297594067E-22
2.490659946566800569121265991E-22
2.486360244306653858296207493E-22
2.482281292108905292160811462E-22
2.478094541095447162662785039E-22
2.473612506038588105339442461E-22
2.469130630479533640769331875E-22
2.464889275092269174472039975E-22
2.460763832309141913250854121E-22
2.458129339203895012729150959E-22
2.454103157278918938556457363E-22
2.449629196387446524144049518E-22
2.444686967593249609779821339E-22
2.637925618812452207819748822E-22
2.634038373523428784238510511E-22
2.630021079779745274264244833E-22
2.626127437200563422352323080E-22
2.621799586826215880696861030E-22
2.617072737314950395697176010E-22
2.613589642929551438497144625E-22
2.608986171786277238304562930E-22
2.604262087648521813573544626E-22
2.600121715458767693731274663E-22
2.594817642380786129732003161E-22
2.593496454977352174594245475E-22
2.589664709758962623808816769E-22
2.585399557272229002026083457E-22
2.582189629236371514827507709E-22
2.578353716701230629790046993E-22
2.573226556180404694318561120E-22
2.568456011598544355502873126E-22
2.566407213562943044089231404E-22
2.561274991157534839927382686E-22
2.555612509784698046245250027E-22
2.551350301234508626741072765E-22
2.547223484730635831317768782E-22
2.542863329258814198528420306E-22
2.538861967342221975775096367E-22
2.534298046956715439163752319E-22
2.531661566291468717752595150E-22
2.529804706374357740800540599E-22
2.526071582024567612881439947E-22
2.521528038392606409053310603E-22
2.518498326283785803218985288E-22
2.517523512776778812480376868E-22
2.515774497886628943642544145E-22
2.511497227795982778736259364E-22
2.508075523586817122973445430E-22
2.503122742457807679664144897E-22
2.499902336114018682345981677E-22
2.495053651865082203852554750E-22
2.491301448986790018170261305E-22
2.491386476681527970696676851E-22
2.488348214443209522002884599E-22
2.484230007629316267784303632E-22
2.481106293344657394603228615E-22
2.477150028047270548138459757E-22
2.473040493159867913897483482E-22
2.468511307965304501017235037E-22
2.464482437253501371455211995E-22
2.460160712733630423437151423E-22
2.455325946547296639661924783E-22
2.451903156706478676174188459E-22
2.448816101067216378589615062E-22
2.444894904591550261273531733E-22
2.441124588154635341911141206E-22
2.436095121980091583855919137E-22
2.432001098532256959583487480E-22
2.430310523710828793476703036E-22
2.426568305977716665996626402E-22
2.423332666937730984202717210E-22
2.419570771135878772183636999E-22
2.415723706071077051994491242E-22
2.412279123571987672803453420E-22
2.408708639197732135710123875E-22
2.405742986066726031863281083E-22
2.402224065784489856577674838E-22
2.400395548789457937422650199E-22
2.396721490438372316950261118E-22
2.393310310229893407051094448E-22
2.390261905616259116698384368E-22
2.387154721908725020930737919E-22
2.383757892474354659804608405E-22
2.379503472152470305071595224E-22
2.375794808636183600351266592E-22
2.375061688792751111698979994E-22
2.371587851097207687820087355E-22
2.368420664624546699829881920E-22
2.364570546246885185270309660E-22
2.360960203755173779537088053E-22
2.359057308379408052516909622E-22
2.355914004681197306489217995E-22
2.351740497042654381830296793E-22
2.347891979162019506418004901E-22
2.343419655326348178909565650E-22
2.340363592490116508710597873E-22
2.337116608934483282063230127E-22
2.333146602773866635108532877E-22
2.329228735666172882699413463E-22
2.326585470330513910591757709E-22
2.323128407070279599826523632E-22
2.319315675259199842635111399E-22
2.315514917469633147368436799E-22
2.312831470101014033503195687E-22
2.311543621310613236013979844E-22
2.307888312059458299447100631E-22
2.303164916280979717679686361E-22
2.300117055810074115119068175E-22
2.295612637367558206918443479E-22
2.292343014668255119541461421E-22
2.290242081822296325537382461E-22
2.286912647060370345313578604E-22
