7.172257105127077800558095081E-34
1.716760805677310949792231323E-26
4.957525052865721361594752319E-26
4.010176794634620983809576168E-26
2.284979883015408037185927425E-23
1.845696202423507631817824631E-23
3.939878554116142924728043183E-23
3.367354636871394608137769222E-23
2.874049588421207431503486474E-23
2.587025074704775847806186953E-23
2.412929048793366716877581846E-23
2.164747463293338636329298701E-23
1.964956542560735550265027155E-23
1.800171112713948797091493572E-23
1.706716836892428391490426333E-23
1.594971108750248592902655870E-23
1.507937340991879131045437885E-23
2.283823398785363588987237081E-23
2.995401975226883345654761141E-23
2.845417757953690235614443880E-23
3.448808677317677187636998662E-23
3.311667893358621999346979359E-23
4.528447396927235784234028494E-23
5.013405303685695196115873378E-23
4.821788907185626142862012799E-23
4.644034562928337076449760960E-23
4.994282191603289423290260500E-23
4.801653992170397072761349448E-23
4.621863644457627645213484893E-23
4.478029862402595635800451960E-23
4.325655944423221364541790934E-23
4.642866894772326515446460967E-23
4.203742333237617784095999812E-22
4.093425852672370483689775063E-22
3.939726626026692478839378868E-22
3.829119572896421192556487995E-22
3.700689424178030989808469087E-22
3.591898680335704043573837050E-22
3.515666616443757212452115425E-22
3.469883705345769772198738841E-22
3.390240521829929112532858875E-22
3.346132885131297733518440533E-22
3.261427665516613613454821604E-22
3.188774212856370174850512746E-22
3.143824261179208725032441255E-22
3.074248648952762494169513394E-22
2.997773097366152958772490027E-22
2.928371134743262472293989188E-22
5.308040233270750559964350743E-22
5.176570845539503559619878858E-22
5.037730751976817573129481571E-22
4.941331270325744000428232611E-22
4.888289222372772679823020878E-22
4.792721711790446439715964950E-22
4.697784805034437928699363650E-22
4.611330888151190881486531003E-22
4.552390552601197338084687548E-22
4.487465744337924334808938983E-22
4.413988413363963775937177110E-22
4.365580261199905483251450257E-22
4.292672985941840568132770919E-22
4.248276387173420282990992297E-22
4.181373599467344573317753059E-22
4.144284996194284816282811492E-22
4.078799481900393732008922832E-22
4.014470517971786714773219755E-22
3.940803390469714362904995536E-22
3.892447856210912852474633594E-22
3.847388073612077834971858893E-22
3.792253543306416325664317551E-22
3.744766538716222371141633730E-22
3.689272654268849151215998558E-22
3.625613273343032201038047968E-22
3.578162553463776811714967097E-22
3.530686584056181606539934179E-22
3.478928135846230090462964113E-22
3.436081958616972932243122745E-22
3.405297587582286727357413881E-22
3.355864106793546941095916215E-22
3.315588359754187617132199261E-22
3.269106353618106161552263507E-22
3.226853736409741008725014899E-22
3.215657035586534111178508638E-22
3.179119406585969819507339286E-22
3.126760854804355297645144775E-22
3.108757248884906479301869175E-22
3.078343916263805921275221999E-22
3.046945334336416269728371326E-22
3.013815445150892380267339350E-22
2.978686808423822122059653314E-22
2.944059614513494640135457160E-22
2.918169213566434338067256586E-22
2.882519508770370854113161609E-22
2.863450450867764426172444573E-22
2.837510621577640701827366703E-22
2.808232543360739303111404443E-22
2.804820852798817034432910116E-22
2.778483486963871339938174851E-22
2.756654524909299914444533948E-22
2.729256408068190858885945126E-22
2.718354807550351577287223746E-22
2.690386810535383775847615849E-22
2.664131393310966422709624862E-22
2.634417362381017449428726739E-22
2.607413532298822549372983584E-22
2.581174196318021702755318715E-22
2.557927456594861109390579741E-22
2.529214781429362806905822503E-22
3.708593845988824974681598048E-22
3.679403573230564804873121372E-22
3.643642162464381794855379438E-22
3.609704353191229260937422317E-22
3.571132216000249649320927394E-22
3.543102011699826079349424584E-22
3.510832557958527749952205232E-22
3.495361081097694023579257180E-22
3.464173598175834125849890011E-22
