1.586198937920392794187944965E-7
0.000009659441881610272196883172242
0.00001058992110546882940065770970
0.00001077235242072517095538478974
0.00001071371947128474930858828961
0.00003484578546876016416251476269
0.00003075892520841740417941853077
0.00003305670336537328632952002541
0.00003022264512304309122056419228
0.00002816863483920534907979270797
0.00002653228511266905200733533476
0.00002795242691356177455158110047
0.00002918168361540892137808539867
0.00003055412471848280472122351166
0.00003120081053991892178261102847
0.00002996872182466453093538406913
0.00002870578585954395169598177077
0.00003154007462853226952011367733
0.00003374478113380344937989502818
0.00003255566413483143979008521532
0.00003296183599691902071021372516
0.00003189575538475339035148144434
0.00003561641945424553434298288329
0.00003460315207185384690707632977
0.00003613874106829369764506277894
0.00003658303100015960988468669025
0.00003816284223978723406846907180
0.00003939488455531269120060490963
0.00003947483920523852986421560864
0.00003846378513509208791098717677
0.00003759276963912205161870947461
0.00003675886348618318303536700887
0.00003596402452247724003643058616
0.00003518281078708983576157792720
0.00003446988194282054414351448886
0.00003376989597393189122876994630
0.00003310134492278690887595995312
0.00003434092114354286063252123910
0.00003461931476609197328726114707
0.00003403211046353333695731917911
0.00003352472274525232292947845529
0.00003297799524746882555647628873
0.00003246443908302155706444589236
0.00003351631000611691528195772581
0.00003369055197163145442056209773
0.00003321300470499618693509513644
0.00003336947572363143726258899118
0.00003291370828793586136531434667
0.00003248054839442237717917629567
0.00003205697106264673122097382763
0.00003167706700746142129746427984
0.00003267497707787194256412799149
0.00003228340719046554946942094799
0.00003188428595475456375602037500
0.00003150038303339417976842838219
0.00003114795424599202433908475615
0.00003077947242298635928889770054
0.00003105298148194988053618547750
0.00003071659121536758782335988423
0.00003041466070897990623582369915
0.00003110167499673806723217998955
0.00003134376122908311751917154945
0.00003208836110797046766047373693
0.00003174367646918142066425848321
0.00003141660933878479885913416379
0.00003164495679485886254361888919
0.00003135209905737776815729245034
0.00003105022049382993345395454241
0.00003226702770689670558200311079
0.00003248998074775265436648443062
0.00003260425115718404922931201907
0.00003230199357389911212459596164
0.00003291331476015664383887073926
0.00003263665113150475098177826928
0.00003233558744958434511584000215
0.00003206307787334155386030329523
0.00003258113622424010581058352479
0.00003230007668174503073884623866
0.00003202373723175780220844331251
0.00003215814551125422618424629741
0.00003233181935411761922816971979
0.00003333770733940662559174381848
0.00003351681835756347782869212430
0.00003326596842252574267020442302
0.00003300485303312402880046023745
0.00003316559921079030800669141366
0.00003289357035618884228831770732
0.00003261639165811713033089066084
0.00003269948214595244331098717959
0.00003278161424723733062066670279
0.00003252821897451723151798037956
0.00003263562550268540771787168045
0.00003305349170376873967835597050
0.00003314741674489845839733806281
0.00003292566317633689476735170852
0.00003300652843367292109465805034
0.00003340281478470026513512970224
0.00003317538360036609099699905179
0.00003330301425857664942320844474
0.00003308902154612262726680284118
0.00003286474952315398128271419203
0.00003294136899226711794360646865
0.00003272850491435418237355566933
0.00003250944303218698237882647780
0.00003231095268328968644354852603
0.00003211572169789419511809998947
0.00003192152777850226535243710941
0.00003200823590337255491717746626
0.00003214643679614754016942356750
0.00003223913498478954883309800045
0.00003271568603909658720749940329
0.00003251935868005323081636400095
0.00003232226925265988272472267692
0.00003213479024324536794265752259
0.00003195066249979335331908312009
0.00003202266684186297412776380328
0.00003185943300386210285170622779
0.00003167053737777382946900654457
0.00003174949178470775023234421496
0.00003158299956589193502432020722
0.00003169726811323042512296819138
0.00003152250263594732058739519101
0.00003159219294767526770062196561
0.00003142642898505235328655199528
0.00003124693873716292595873152551
0.00003108143447267430835384952797
0.00003117256288567038249038867308
0.00003126214922930133265720159800
0.00003109581237211022424107002587
0.00003094249608486947107870928109
0.00003079446643540032123667700904
0.00003110625485941503968335188902
0.00007286904954077696197579716613
0.00007240065898833092600331416643
0.00007194705755028728139794853103
0.00007150422294666936324620427667
0.00007154677953580452524878702234
0.00007136360496686739773504179270
0.00007140106051245350186897829645
0.00007122876012446176281570696923
0.00007101736551954477691303566140
0.00007082174558766970957979391215
0.00007087428889506060886263534307
0.00007046687963639940784030293175
0.00007026766408217356580849390653
0.00006986517412578357786258117447
0.00006969562986500295035396931361
0.00006929343561741790859980212618
0.0001060583853774340190297729772
0.0001054212066448118760361990414
0.0001049905423585888506362864778
0.0001043703143541298650298913821
0.0001037453731993158646285748646
0.0001033889260589078429692488301
0.0001030257967447416830826152762
0.0001026235114647559025031386381
0.0001020395935867483282420441157
0.0001016545402739015917961271558
0.0001010850461068072300074470408
0.0001008925217998130639220871298
0.0001007035455272733627806518604
0.0001007825147801289901659601820
0.0001002355283103715787453271584
0.00009968891635136555629892532838
0.00009955153776242554338266796775
0.00009919672171898606263574983668
0.00009884456764837989232634675833
0.00009831650006389818106980623424
0.00009819262330515843098181100429
0.00009809211634904460797762203615
0.00009796286102138307631722199506
0.00009745627718207397791987391077
0.00009716296421317447134417528173
0.00009667369582551259586015187822
0.00009618544562823547775333409678
0.00009607716088692343860550855243
0.00009576320998795785485719773200
0.00009549027239597508769685812689
0.00009519112076046617319958220746
0.00009506061003005423512327503603
0.00009480049104430199050112037737
0.00009433502027004793551448900889
0.00009406758474439428411910721015
0.00009361019495696655969325015169
0.00009317198049598324697152745411
0.00009273435920752256635275628680
0.00009261669901378721390443091038
0.00009218206157741314635316085359
0.00009228350321958575016473901654
0.00009220316529590750353124372933
0.00009196831956555532947168190285
0.00009170492508553826175660494084
0.00009143565535827991964609018864
0.00009101661643627080143162819735
0.00009060694088047445745528251781
0.00009056174420900879362762173073
0.00009063946637625018315275297969
0.00009038055910449540257402243810
0.00008998137171040685971900938210
0.00008957342338027557688685020959
0.00008918033638083634094965851052
0.00008894523530844666035626566101
0.00008874075923752741290157857255
0.00008852956514709889750896367223
0.00008828988051900382296332409181
0.00008808389266163984905026759061
0.00008770851613694979354907719111
0.00008751585077940945164506968460
0.00008729789644328382666957285938
0.00008692700261496261902011326415
0.00008656611812066055784290245912
0.00008620493336521245032359757007
0.00008601382117878673741590752177
0.00008594085212749693475307553246
0.00008587218578944520948393743671
0.00008553195883134049390918780247
0.00008535594640770307416559954178
0.00008515243824660380632391848740
0.00008481025683767690436621887505
0.00008463428598979221791481737281
0.00008429659085030912951971128117
0.00008396654728304278667845992272
0.00008393305197261338626754902437
0.00008390861338405261014462333949
0.00008358116833077019030152104129
0.00008355432409189606300415118359
0.00008323690913161694348926664254
0.00008305170050341813180258688410
0.00008273509913873870213121619302
0.00008242504147698396641955345413
0.00008240451848979569183169310556
0.00008209830644057616648856948422
0.00008179245641793262751430502159
0.00008149288929033523479400246831
0.00008119116750808605735880333234
0.00008102500602019602232425763827
0.00008073297280150050414445924152
0.00008044237393150014019921894106
0.00008015033564485837816284854855
0.00007986640504612273743173795272
0.00007983466162821661736337543719
0.00007970021741890898215269617588
0.00007942013833707087304631047895
0.00007913270526272210246114644352
0.00007885722879650132591069794074
0.00007870994833538329718891377772
0.00007897731463400404397468251575
0.00007869799436360017902681858488
0.00007843030674879983989207110367
0.00007828780949560792132115305542
