0.00001976193221391300708883842075
0.00001121543572254326964543643223
0.00002894713114210978788392512486
0.00003476342871934385638913299359
0.00004705845526983280045441866661
0.00004584796214279582217495175112
0.00004621170042719531756570385832
0.00004626043492874272081102759405
0.00004195186774100505290471705232
0.00004251696984716137573867925556
0.00003932414742716969093694385318
0.00003674538307923819105459084233
0.00003470708732091884943934582610
0.00003561073595200390113398293523
0.00003391925528528527397375815977
0.00003472034187971517764254523498
0.00003324666354553796726376529578
0.00003412713861386809481978539820
0.00003282795684191210608355856139
0.00003168698590489855751771847767
0.00003070666997914509261366874400
0.00002970060124681345464128694548
0.00002883117891502845167147046061
0.00002964080699777879073375162973
0.00003014639525357351570480369699
0.00003055053187545285928936791301
0.00002978113212817941804741304029
0.00003015258908154833126087716444
0.00002949484718704565808642621843
0.00002892270674294362052351752110
0.00002950500922787407024092357939
0.00002985683976245481792348130042
0.00003018023657174895983796735524
0.00003055200468832985867111403096
0.00003192130841776814679800291694
0.00003134445939475431958077932356
0.00003259977422603278007574853255
0.00003286866134104827694337074029
0.00003404787645619855981061429921
0.00003345587687726540234152762930
0.00003370337005342990425553893564
0.00003386603764763671699876729398
0.00003407296201428308703827607132
0.00003353504349467097871905364613
0.00003301267266972965651608383736
0.00003331057366652888979292608967
0.00003282899940389292294696477837
0.00003233820552731607988384598134
0.00003253484958371487556491671864
0.00003418931318781585041521003646
0.00003372598188040397563405938724
0.00003327843134147167870834573425
0.00003286382677381593506397689952
0.00003244242789565846801950443635
0.00003272106741314428327248792525
0.00003342507558155679141009997575
0.00003410749515445133381815521132
0.00003475343541507895999673102329
0.00003432607671518449712781694951
0.00003393631440098399436941488722
0.00003522484735173210625446964793
0.00003757228144892846573632586373
0.00003712415434827565660600962321
0.00003672414068022068037806861279
0.00003688242266164063900945007661
0.00003648372659413922014267244082
0.00003655221447740987292863858596
0.00003615837185383533481741584265
0.00003631578986304929430824509812
0.00003637237312690626522837098279
0.00003601741968151037040950463947
0.00003567790800701562641005989323
0.00003585140763120225537735180625
0.00003551299563113285427962574706
0.00003606688775919892969103088064
0.00003652547675825227827642579064
0.00003713380850249317020013103715
0.00003679045197684396560836780843
0.00003645154611755490127225439310
0.00003613110182671717613944340770
0.00003628573937027287090722556974
0.00003632923732533559890346072753
0.00003646400745946061204888376120
0.00003651873953783659851589982331
0.00003691800650600482644507607890
0.00003767095073973581560545388125
0.00003737447429179644229006170743
0.00003783792552745543616059079275
0.00003827296338402930394289189040
0.00003797693656853158554311404642
0.00003809390379539619951554504022
0.00003819241387953762969647148367
0.00003821013447783010246898745232
0.00003829227636106223242166499155
0.00003870528737000870856503334809
0.00003842340967869745976995237989
0.00003851917761181760461627840346
0.00003860692395488570767831803494
0.00003830414922309948770082142686
0.00003839251159585641291837495955
0.00003877178791587722090490642989
0.00003849172337908673702916078277
0.00003856604462028586752615004448
0.00003951829224870914803433295919
0.00004029291059011231945386987542
0.00004001521123850203308168187021
0.00004003660930414101610106623840
0.00004037203731054050910505275757
0.00004012034400080035010184627004
0.00003985616791594826146540949817
0.00003959157730978494787489592053
0.00003960079094194697910262769324
0.00003935391044363338659393541635
0.00003963278817029472157432851367
0.00003936910870263530013231926036
0.00003911489928974431925542193949
0.00003939694425853042038171897694
0.00003915868925707431941979643779
0.00003891631961457743524263492216
0.00003869425396429790388503099198
0.00003846131640945761605403450494
0.00003824436347441059466613293725
0.00003859321321077544082558094507
0.00003837498769406640234992802901
0.00003816001649756865755134117872
0.00003794080235092826687097398455
0.00003824239823342814163777619318
0.00003801036390920522482636454822
0.00003780956133749269864042327229
0.00003760575594545653047352844020
0.00003740070011627476859309051594
0.00003718971498195749180744801479
0.00003699310929128089731736401760
0.00003680057021942226938123915542
0.00003659885687554205758093113715
0.00003639424778044434983468688870
0.00003619998271936910194308174713
0.00003601140196890144305362596077
0.00003626380563340001415776067291
0.00003633437410978215688695941562
0.00003616279135006430771777663083
0.00003650583365494349020924081125
0.00003633826588201392096443738220
0.00003616729370230615068837207694
0.00003648833571841667223215837743
0.00003652351820485819179675866133
0.00003658213341483606078620004879
0.00003660971529661034288480241896
0.00003643496703576983949455680388
0.00003650368202124276772587852336
0.00003656613223876308349837596616
0.00003639646484133986513035966435
0.00003666231431791583947732102124
0.00003649938675841522565139884931
0.00003634689746899183465667998390
0.00003641595129663873282299732948
0.00003626027124667614666863654833
0.00003610480276923085942812005321
0.00003614581904473562281712511144
0.00003644157066451967744627814858
0.00003627740546554504997962590766
0.00003630303797276259977346856739
0.00003615160697829707048662334386
0.00003600658888257421515084308347
0.00003585027809862941462734180005
0.00003570646055128371319524409302
0.00003556322754858365273700592225
0.00003541865482516650906873127441
0.00003528066848373890109728272347
0.00003513203780823965733749667408
0.00003498810724768742805212341096
0.00003485558577976906555945615375
0.00003506949852116443049336575643
0.00003528539987470902769178308450
0.00003514103470051749631354141514
0.00003500053967389009155811231930
0.00003506338179512743385868696279
0.00003510135303562296929587604615
0.00003496501742838327574530714170
0.00003500088577962176077074106661
0.00003506671024486168288931572535
0.00003492692243102113244507139839
0.00003478544652646167316023045591
0.00003482267201778926728828397532
0.00003488390690020852333949375345
0.00003475767922364483819366960968
0.00003462648979048230379848184444
0.00003450189922731563620960560625
0.00003437037709197076322726426024
0.00003424644201045725334845850335
0.00003412580265768681740766050567
0.00003400949363523727767786737667
0.00003404396546445717284819548533
0.00003393436901195530370999905215
0.00003400286457172492233080766960
0.00003389386042215912792119068957
0.00003377975576218700953383554192
0.00003366877698577277366419402493
0.00003373344621128737599501243287
0.00003380041823315232813145723855
0.00003386668585805603218264036873
0.00003390452702208882357243264773
0.00003379203395550644365796947538
0.00003367566902199008169581110911
0.00003356999365811732837253363572
0.00003378428361197788659724278487
0.00003367147995751765125482038357
0.00003355311942304956897744115377
0.00003344440967023158243126540818
0.00003333859935467710260082759449
0.00003323196097487280106991815404
0.00003330109044190134888963317468
0.00003333746683041659701879475578
0.00003323142894647042354449250397
0.00003313069442955826736487386723
0.00003333795137571687163179085007
0.00003323559962534741928537762687
0.00003329473173803944151061847497
0.00003366048628621459572755016051
0.00003355586471870001241854084466
0.00003361812294359208545749702987
0.00003351424087262535578372149577
0.00003355674361914861040440024663
0.00003361551983982464573489669010
0.00003351246750801114853231049160
0.00003340433011862493976803059823
0.00003331536935419896623001430716
0.00003322298822106674834972497389
0.00003343691963632758803193329713
0.00003347926892569153421756860371
0.00003338379928355892830494475335
0.00003341248086121980463516455565
0.00003345109859531294282537619572
0.00003348358630370803604874550588
0.00003354153571983719728921110575
0.00003344699664930971120979847759
0.00003335164784659389632624086073
0.00003326206081157044473142480613
0.00003316498994674653047311398823
0.00003306789918538647358526983977
0.00003309936090036586919899877647
0.00003300969707086787942580944357
0.00003292093760838450783712440829
0.00003283809282010250190674272936
0.00003289316974294209992596095400
0.00003280432595882493975979819020
0.00003298436664646485714191215167
0.00003304530123172869960810861319
0.00003307181812739638563893251908
0.00003298371320820692610485689374
0.00003301500963025135883555169530
0.00003292869718263504780247277649
0.00003296568987071343675005958823
0.00003300289321449243902317436638
0.00003303663737463312270872100083
0.00003318488700043503652398186233
0.00003309763458723616005066701869
0.00003300869626809012997980936171
0.00003304040592972364784853203755
0.00003309374416398081733336697327
0.00003300195703382664839712139031
0.00003303935784280567817517654891
0.00003320851195822202699248257271
0.00003312305498959418732972705129
0.00003303263639283360936697033308
0.00003294408589920962352354373969
0.00003298019880156882372915673827
0.00003289659366616773001691549146
0.00003280954904115084509745855393
0.00003286385892359840308816812850
0.00003278046039110961831717420586
0.00003269637835822338414905805927
0.00003262169766791760003878380836
0.00003254298884337200325604823634
0.00003246778152914561467604903090
0.00003252295624128333969609225632
0.00003244903840231246424196556381
0.00003250297303093725054564348947
0.00003256067711011287946237326281
0.00003248385185299863957409792629
0.00003240827353679809246155143597
0.00003258122071365088096649213014
0.00003250723675444082007593316032
0.00003279032522498903734855840189
0.00003271063076263583436637126702
0.00003263607273299147011066614962
0.00003255815351224289664740200825
0.00003248834441643768851565722214
0.00003241710898614497880019594366
0.00003259764599524683410436252756
0.00003251886448004668692557715425
0.00003244272350691002635796976035
0.00003236106163451958967433126467
0.00003253042766138091864579450388
0.00003245832424900897669416095673
0.00003248656482884316261547568157
0.00003241114475399987927997165386
0.00003234615525041959043135758055
0.00003227428830507647221034399215
0.00003219838022608724211050523480
0.00003248858846719289349427141959
0.00003252081379333861108619014838
0.00003254956009748816614811787628
0.00003269111760016663484995869239
0.00003262472006070203759774671814
0.00003255678277628512697394675530
0.00003281846161069363842522999592
0.00003296402295845278915893347484
0.00003289701453046860222368160852
0.00003304073064251215327017528650
0.00003297200395251659698629249940
0.00003311017913021022156292932079
0.00003315612191630147425512019153
0.00003308388146387537630706249436
0.00003310817423047510820477170122
0.00003313481728355524906720532713
0.00003306563782921758863254785317
0.00003300328607561083635352753191
0.00003293511156135958784564370642
0.00003298794076844721630133007943
0.00003292272558737868534556179229
0.00003285490122647602124984947207
0.00003279172208031693574482446974
0.00003283701576272338099732439110
0.00003287832403359069762495184581
0.00003280960838673413623823157475
0.00003274792887358666945328150934
0.00003288304108082615011026476423
0.00003292505086375600547462102360
0.00003285402844220294418193750102
0.00003289706617268023688012923708
0.00003293949189886756833965380865
0.00003287616223098517826136030827
0.00003280734943683343135727624996
0.00003274248884676675205297680396
0.00003268332069099032105616732933
0.00003262498753971294999934217526
0.00003275875834511805387393254209
0.00003279932008718404006233593030
0.00003291332684514653187661735191
0.00003302211806798878040988699106
0.00003295853465911302034612837046
0.00003310931799161981742165272004
0.00003304525079783943256640807557
0.00003306953739460118959423237897
0.00003318195038675484080465426376
0.00003312277764920711889012352452
0.00003306222700839530605882394110
0.00003308729514976153058652245223
0.00003311165850958785015525969531
0.00003322343514457146780069100143
0.00003325948773264769813979769932
0.00003320001537781549004313484685
0.00003346617798991352578223226285
0.00003340086833461707623681323381
0.00003342391421782298909779835109
0.00003344404201143202207843536215
0.00003346635089889790685580145646
0.00003360623290183903210516310003
0.00003354857546310560659498439055
0.00003348856706065736543863862020
0.00003342470066092317136669837902
0.00003345985951888549522029976103
0.00003348333398099012004227560037
0.00003342567478919768261061837136
0.00003336410659313189355433426660
0.00003338447537938682229574208967
0.00003340576061119164706004696442
0.00003334625836933271537038081169
0.00003328552624862120769506495374
0.00003322354278040814196774707843
0.00003324664563470238345086136967
0.00003318722030005272711761421002
0.00003320626277985244104492468674
0.00003334036361501613737409550140
0.00003337378378533536386125330213
0.00003331046308061472748403534595
0.00003325472512009636779595082247
0.00003319847828128557385047691320
0.00003314078585275560070227586106
0.00003317534277575685279476167193
0.00003319693273948837087360085237
0.00003314023561080932282536496953
0.00003316502666593777405841271680
0.00003310980253184078094732818908
0.00003305526554793087065632742256
0.00003299953813454682347735790461
0.00003311248568845528146602803574
0.00003314492046782862750954347963
0.00003318308754975209141194334189
0.00003329524660782885551038878057
0.00003323409353430967323136904048
0.00003317372622522534190402968873
0.00003319908116919604663250092893
0.00003314499086484956147161717266
0.00003308780988022470848505982502
0.00003303135376110787536304718886
0.00003305439387402896442136875628
0.00003299341447249114626299470064
0.00003293963261201886728929578462
0.00003288165083678507910197444899
0.00003290381649953317898238872686
0.00003284369468563405456196676533
0.00003293704600743240949928380574
0.00003296041222803312418079039239
0.00003290990185584927064325461078
0.00003285677494240259531190899067
0.00003295632937016515541480097025
0.00003290332810227023594295794905
0.00003285274160987095055136678406
0.00003295116684607926073819878218
0.00003306243826349455237724181755
0.00003301158611302353694877871549
0.00003295762722655277259895795998
0.00003290493842436477380506864994
0.00003284915720822557390336934558
0.00003279315320092369205367845908
0.00003281369367428065651523651920
0.00003276027781871420010040565855
0.00003279674641142064877954785766
0.00003274470290591446366804793226
0.00003269338991483038015589299898
0.00003264462677955049182504530132
0.00003266762402289587991934734574
0.00003268955458078803436800914177
0.00003272566003149847348224941623
0.00003267407794628490820358476069
0.00003262771170112291391283349364
0.00003257564176988708971796903853
0.00003268159640818272377529758183
0.00003263423979383895051303417288
0.00003266472102030045992860936396
0.00003261305448838449745262379658
0.00003263861184557573174750702005
0.00003259105263919784491187962706
0.00003261083385478844628938609395
0.00003279350574921277540868130392
0.00003289449777026763445261174115
0.00003299724615105706309256523317
0.00003302803786385657366882476256
0.00003297650351797493579603482232
0.00003293142167585971921490566023
0.00003296381889222142043843062105
0.00003291717599695669485065025618
0.00003293537864547772792502795764
0.00003302750793666563629681122961
0.00003297973219822577133593125089
0.00003306581319195843464834785522
0.00003309876942111003963782094634
0.00003313075836874658913547792650
0.00003323328342727256833591903527
0.00003326346996244324376924351345
0.00003321190461395950032556451101
0.00003316879982189199601066246176
0.00003311682540959532570090317698
0.00003307255749588771806164316211
0.00003302619798307038926510476803
0.00003297789103682188041698918321
0.00003300820121221375038807255134
0.00003296226507259076764113136919
0.00003299273623688784199070687774
0.00003294509006907954522242554741
0.00003303983525952811523317516032
0.00003305531130309492788154828857
0.00003316360698734640167754032301
0.00003311496943481883284805021144
0.00003306864220961275115506766563
0.00003302124586441807491060283692
0.00003304123614445371779749446027
0.00003299458965765770383987677979
0.00003301160886207960074444744239
0.00003303978014980128376889757264
0.00003307114233356764772062850696
0.00003323934784395495251431629889
0.00003319450736258821949796058151
0.00003314560552310999504658070763
0.00003317440981816845566876493838
0.00003326487219241899455906995853
0.00003328488623879160813480494335
0.00003330367121301746181562186593
0.00003325786666856266514549516306
0.00003335108057175071446619116318
0.00003330563416251508557417372239
0.00003339590797705654888795802257
0.00003341173775024543712075559583
0.00003336384477977931311803852176
0.00003331931826149175507672875550
0.00003334823309542809815660182046
0.00003343752076131494896641369812
0.00003339231216179733694412924995
0.00003342017278462369428892028087
0.00003337520358362918149259267805
0.00003339390372245891371965513114
0.00003334847603867453944864972055
0.00003330472081232577350554586695
0.00003325782750043283224551555516
0.00003321363591411121294250794480
0.00003324504279537463125357133353
0.00003339152369226466468661528417
0.00003341692466850362004557648097
