0.00001976193221391300708883842075
0.00001065015330737125822670134066
0.00002659739303711695763477873013
0.00002126260951070790948508272426
0.00004156384118811955648152143998
0.00003536488587895896621084454545
0.00004227525554319598251017752987
0.00003791689981550708668786427351
0.00004295727288376799941086151277
0.00004319397616705616936804101291
0.00004359859692571590231321005355
0.00004078019284892782102865170250
0.00004120569806388256625242677404
0.00004123929468701237113984088578
0.00003920278012832357751022749809
0.00003934841723310314146731605399
0.00003751402714374136283148067842
0.00003813170261525002451392428311
0.00003661102421091646885850964414
0.00003518798003831284445398907651
0.00003398627497352097558294359514
0.00003288965490243229445164729748
0.00003353195214198633878122528991
0.00003259465889967775830025757573
0.00003169317867810493232092553985
0.00003207716729467029332814829593
0.00003129449176851867111577603870
0.00003051943574483994817854287508
0.00002984237854630090404282781220
0.00003020452974114084156705309930
0.00002953632075324728340127768281
0.00003088737323426977382298011573
0.00003142937497990552451191114986
0.00003176125512537177038504730318
0.00003113160432498455218278339465
0.00003057176866315396548740048692
0.00003007553071489442814189890006
0.00003146737673522318327069367974
0.00003168715813356846347379387998
0.00003192598430027572660405739277
0.00003141459947357749310906974614
0.00003177651335012222141896919037
0.00003442342469441046121948973480
0.00003458072273464899612314399133
0.00003472601378314204721004030516
0.00003420171409275603561261011080
0.00003435816675913783815332548755
0.00003387257782847097483513524688
0.00003398132466039363068315633772
0.00003351923908742832981856451367
0.00003382140037511930110091466797
0.00003338432581802553482345507502
0.00003412374263908835948841031934
0.00003426072475996946772386632730
0.00003384710225587102462515061229
0.00003341609216687471681857155014
0.00003302879638460559247522864340
0.00003265181019567826844067243236
0.00003229738173039893670894571379
0.00003255389568221952813844538492
0.00003267501255473231102068223518
0.00003232826709079327540103144921
0.00003362954273278210744554437686
0.00003329144062790925681047728442
0.00003295139685507195079572565079
0.00003352557608728751559953333153
0.00003317430488227370983411020871
0.00003338435420073770221162185429
0.00003308608605627071980157167428
0.00003278221248175355120839539206
0.00003245064564413660500282870626
0.00003216428323190692727637806163
0.00003187498829262969512997749922
0.00003156936291852979402567155975
0.00003176248584141109221561864081
0.00003147166265214237165014954693
0.00003168187830703202617029225943
0.00003182831062537975511543474497
0.00003233122538364709455187908304
0.00003251758432125697619732294474
0.00003262905344009702108227989400
0.00003236612639334529691806160989
0.00003247141495252295080898901862
0.00003222197905999280754567604279
0.00003198007161918479507575289721
0.00003173236161984906231651615598
0.00003183553533112492971049902697
0.00003202623915863457998303329039
0.00003180183896684474050820320089
0.00003156752835957660090183288624
0.00003171776292107946910276001774
0.00003187549003483467717649781102
0.00003166099013182555090866925047
0.00003144204754878812817903222850
0.00003123351199166776555801739276
0.00003103435184856016671461400018
0.00003083093090853489255177105599
0.00003094590674431037726900819981
0.00003073983782954008749547178383
0.00003054973930434516651502747618
0.00003036157246050388479367425776
0.00003052682407382175018607487262
0.00003098546437213064133640904681
0.00003079094804392836382376392346
0.00003089701579436416467961696691
0.00003071248029732011569830661495
0.00003118706825140429187326676680
0.00003134353358713160389266373441
0.00003115281105225189736272820753
0.00003123978711813116199208435034
0.00003106592775996970414872352447
0.00003153887601492392538696293530
0.00003167573540962798867390910890
0.00003175817658649214899705414296
0.00003159267460009140530376946717
0.00003199666406109803518775544846
0.00003181514071553182381640897018
0.00003162837976708600219190664705
0.00003145455678268338036692287110
0.00003126571254097970227944705315
0.00003110134334936122345375615875
0.00003123306818682804417826539402
0.00003135800816444556190667242883
0.00003177446296963903806746621687
0.00003160647244841144990973404737
0.00003171741596105915670952805378
0.00003183765626446212080550533053
0.00003191135921685510216962745441
0.00003175079843874683765549370038
0.00003159093122089529804316066364
0.00003171793176929095303684801658
0.00003183045150377453988805068328
0.00003167368260836806876500045895
0.00003152223380678046797042518334
0.00003181876296645895286206305281
0.00003214559358880154906072906680
0.00003199685706328768820496551693
0.00003236447693162515805255642964
0.00003223479837837044533069347036
0.00003229990352424233443483468619
0.00003260603885271228811966926667
0.00003245464096824735340186980475
0.00003272779598363830570074172562
0.00003279113049597723545076639165
0.00003263115770424207238633028895
0.00003248018539044549878017786604
0.00003257338950268604761754203476
0.00003242621018915008408505074113
0.00003267921173591762283637216394
0.00003253458347912183959468445974
0.00003238022786535469585943513480
0.00003223959619729891790085696235
0.00003249233905901482982126461456
0.00003236050691315139177862334870
0.00003222214973990037046096640695
0.00003232296674808148835244152434
0.00003241489929876439641442758589
0.00003227323930715514988392062560
0.00003273334849023468189093930136
0.00003258756697575792970161510770
0.00003244487104222791335703975467
0.00003231245883858044396054437071
0.00003237695858420789852201255690
0.00003246102957199271221656719236
0.00003255004585790700960434134374
0.00003242153530911440566469943315
0.00003228736696878618232997208310
0.00003216426456887249155314444409
0.00003220991734115074117826632272
0.00003246355939354340530903698569
0.00003273197857781938911678242040
0.00003260560351397833592170353773
0.00003285751154587705378579650337
0.00003272292840203340393443845546
0.00003317757685496339982878303229
0.00003325461097737105383542862507
0.00003312880294045290612360900821
0.00003300122414615129675898447411
0.00003307917391635503900284825954
0.00003294543077675837785094918727
0.00003335888596515069283067324983
0.00003356827400593455260092496728
0.00003345584920706072333168572537
0.00003352155992413330201308412092
0.00003356530178554667394142909186
0.00003360233557874119558626807397
0.00003365058022736191003062210051
0.00003353440330834472228543176133
0.00003357621580627824800334333155
0.00003346160338830975365291055768
0.00003350541805669660303383243299
0.00003373269999545451215880692727
0.00003362005021651447783394697613
0.00003350160997620707739009589022
0.00003339252898646537118237027786
0.00003361461799729913802883278364
0.00003350295243781082975128219153
0.00003339042271677673100963819830
0.00003328169234695726549500631565
0.00003317786642766052978189772582
0.00003306386197975173725214343961
0.00003310136163852098214061781599
0.00003298816086914888203137524266
0.00003302962622909505110863660159
0.00003292336309668568114482504501
0.00003281709967807197380949021090
0.00003270615472741750954001401314
0.00003260565646149817936280745325
0.00003248539588923639698502943969
0.00003238423718519001673767280328
0.00003271572814117536573872285926
0.00003260976817010445088912758353
0.00003250940245365343132359433894
0.00003255567811800855018178382922
0.00003245014361055206525088716928
0.00003234370011678464408670196934
0.00003240627937600246463384225648
0.00003230544906112571827046342940
0.00003235230534955090365207884692
0.00003226255373841949293845965677
0.00003216393740484412184613089588
0.00003220840043884460872313176624
0.00003211286659209699894339753966
0.00003217716008164558785227011219
0.00003208033424126941084408196418
0.00003199072640354597784892582976
0.00003190282441413418138912124214
0.00003180530697976661147054050382
0.00003187048424478750081517629271
0.00003178340323048515931221427152
0.00003197196183265691092823890336
0.00003189087986953742738057977409
0.00003196202608531548743069882062
0.00003202504940135655146953931739
0.00003193415466518498863487237160
0.00003199683653775992359744470694
0.00003190442647372726074771735111
0.00003209181561586635735836023248
0.00003200293475397479850185658510
0.00003203486364406782199990297905
0.00003195010303526180623602065741
0.00003186562990179224318634134732
0.00003218401798962210292310606321
0.00003210242037433934522937085734
0.00003201733570285526401499459367
0.00003205182483519007835096559913
0.00003196759228360615172775585079
0.00003188485532516173244344251558
0.00003192646154435600463128173144
0.00003198408341498419115801245327
0.00003214196934989416189668808706
0.00003206178616912834734822902319
0.00003197792502196950021419000473
0.00003212926785440630160635641209
0.00003203888251269876257803235042
0.00003207709279891485091403744880
0.00003225539260120080469264956233
0.00003217165534506061255112439368
0.00003209290580846436023122647266
0.00003225764666499900345030118112
0.00003218396403216989434509411387
0.00003222157193762540852985755215
0.00003213808983949827703498082495
0.00003230537932757534972657221380
0.00003235611999470667468974567245
0.00003240820289081300522308572259
0.00003233337551639288908900309399
0.00003236070727017752391879905380
0.00003228092565193441756818632388
0.00003255303390760363761730330575
0.00003258500698068000877342408162
0.00003250372535249693327582782958
0.00003253497611604350139340269141
0.00003269681303495414927255850703
0.00003261060489857221930678711758
0.00003299740343921840861365771180
0.00003292317243345296100510364299
0.00003297350893579878862785169684
0.00003313080740070395446265412085
0.00003304942402198462951391378431
0.00003308723538037250390453186005
0.00003312375292898076590128202076
0.00003304828045652846530194988070
0.00003331036400619305855936337127
0.00003346180356744293004677136520
0.00003338649946452060073944257880
0.00003330326259525686362517095359
0.00003347076988077949923670391273
0.00003349688837471808916603787390
0.00003352555964850170231690099609
