0.00004115358464551420070661972893
0.00004115358464551420070661972893
0.00004115358464551420070661972893
0.00004470926974742552840402501275
0.00004470926974742552840402501275
0.00004470926974742552840402501275
0.00005066628195358846832364993514
0.00005066628195358846832364993514
0.00005066628195358846832364993514
0.00004683281637863761774854230010
0.00004683281637863761774854230010
0.00004683281637863761774854230010
0.00004837957660323547126378297591
0.00004837957660323547126378297591
0.00004837957660323547126378297591
0.00004741183308526216231403301565
0.00004741183308526216231403301565
0.00004741183308526216231403301565
0.00004700210062567884121215026089
0.00004700210062567884121215026089
0.00004700210062567884121215026089
0.00004576448559571284697081513965
0.00004576448559571284697081513965
0.00004576448559571284697081513965
0.00004624465271157979385415140226
0.00004624465271157979385415140226
0.00004624465271157979385415140226
0.00004624465271157979385415140226
0.00004619000390854846175987195441
0.00004619000390854846175987195441
0.00004619000390854846175987195441
0.00004566484159423187652458974877
0.00004566484159423187652458974877
0.00004566484159423187652458974877
0.00004592106103721906578350956438
0.00004592106103721906578350956438
0.00004592106103721906578350956438
0.00004564279068954737670458209570
0.00004564279068954737670458209570
0.00004564279068954737670458209570
0.00004498055583138114407226471036
0.00004498055583138114407226471036
0.00004498055583138114407226471036
0.00004482384317260111340647146065
0.00004482384317260111340647146065
0.00004482384317260111340647146065
0.00004460139539072119563018641303
0.00004460139539072119563018641303
0.00004460139539072119563018641303
0.00004396473942351135547279438089
0.00004396473942351135547279438089
0.00004396473942351135547279438089
0.00004396473942351135547279438089
0.00004444461102690161885621708537
0.00004444461102690161885621708537
0.00004444461102690161885621708537
0.00004474358413994241665566556990
0.00004474358413994241665566556990
0.00004474358413994241665566556990
0.00004541431517417636840785320449
0.00004541431517417636840785320449
0.00004541431517417636840785320449
0.00004511268181675226365327113389
0.00004511268181675226365327113389
0.00004511268181675226365327113389
0.00004504949223899374143485117813
0.00004504949223899374143485117813
0.00004504949223899374143485117813
0.00004519535449854533094958127905
0.00004519535449854533094958127905
0.00004519535449854533094958127905
0.00004500723911152319272342770896
0.00004500723911152319272342770896
0.00004500723911152319272342770896
0.00004448525981416114739264282939
0.00004448525981416114739264282939
0.00004448525981416114739264282939
0.00004448525981416114739264282939
0.00004504389366707987201274000289
0.00004504389366707987201274000289
0.00004504389366707987201274000289
0.00004446546857592092891586117231
0.00004446546857592092891586117231
0.00004446546857592092891586117231
0.00004412498129819382614501897559
0.00004412498129819382614501897559
0.00004412498129819382614501897559
0.00004466965200931129658733433337
0.00004466965200931129658733433337
0.00004466965200931129658733433337
0.00004450933789326019717901870800
0.00004450933789326019717901870800
0.00004450933789326019717901870800
0.00004463159933550435670822086015
0.00004463159933550435670822086015
0.00004463159933550435670822086015
0.00004482797912692120704874464309
0.00004482797912692120704874464309
0.00004482797912692120704874464309
0.00004474321814659670243393583376
0.00004474321814659670243393583376
0.00004474321814659670243393583376
0.00004488293165956595970816534283
0.00004488293165956595970816534283
0.00004488293165956595970816534283
0.00004488293165956595970816534283
0.00004486533181644609797630557570
0.00004486533181644609797630557570
0.00004486533181644609797630557570
0.00004478967568310089785972389857
0.00004478967568310089785972389857
0.00004478967568310089785972389857
0.00004501067502595346794469884757
0.00004501067502595346794469884757
0.00004501067502595346794469884757
0.00004527864241122110418494882518
0.00004527864241122110418494882518
0.00004527864241122110418494882518
0.00004594610204193409529782791412
0.00004594610204193409529782791412
0.00004594610204193409529782791412
0.00004571665245910280928909670699
0.00004571665245910280928909670699
0.00004571665245910280928909670699
0.00004540756165340986686785543969
0.00004540756165340986686785543969
0.00004540756165340986686785543969
0.00004546400250137248314163650729
0.00004546400250137248314163650729
0.00004546400250137248314163650729
0.00004546400250137248314163650729
0.00004517069793057667824687395060
0.00004517069793057667824687395060
0.00004517069793057667824687395060
0.00004500661221185778403367358743
0.00004500661221185778403367358743
0.00004500661221185778403367358743
0.00004488993842934658307013571615
0.00004488993842934658307013571615
0.00004488993842934658307013571615
0.00004490896491259383410399255898
0.00004490896491259383410399255898
0.00004490896491259383410399255898
0.00004465716085959839849740630684
0.00004465716085959839849740630684
0.00004465716085959839849740630684
0.00004464396056495456369635076475
0.00004464396056495456369635076475
0.00004464396056495456369635076475
0.00004458926967961615791952061656
0.00004458926967961615791952061656
0.00004458926967961615791952061656
0.00004491091306265332464476279481
0.00004491091306265332464476279481
0.00004491091306265332464476279481
0.00004491091306265332464476279481
0.00004466146753043938224625773056
0.00004466146753043938224625773056
0.00004466146753043938224625773056
0.00004470620737876286156200239396
0.00004470620737876286156200239396
0.00004470620737876286156200239396
0.00004502783831360327657542735441
0.00004502783831360327657542735441
0.00004502783831360327657542735441
0.00004515182362147935380391516881
0.00004515182362147935380391516881
0.00004515182362147935380391516881
0.00004494911385275316190721640448
0.00004494911385275316190721640448
0.00004494911385275316190721640448
0.00004486822252752542063574006580
0.00004486822252752542063574006580
0.00004486822252752542063574006580
0.00004481856646427550050823557769
0.00004481856646427550050823557769
0.00004481856646427550050823557769
0.00004484444102733289516364052484
0.00004484444102733289516364052484
0.00004484444102733289516364052484
0.00004475327539892819982141626383
0.00004475327539892819982141626383
0.00004475327539892819982141626383
0.00004475327539892819982141626383
0.00004470151949239671431645101633
0.00004470151949239671431645101633
0.00004470151949239671431645101633
0.00004448256017606179415132968524
0.00004448256017606179415132968524
0.00004448256017606179415132968524
0.00004446541722832392108707696415
0.00004446541722832392108707696415
0.00004446541722832392108707696415
0.00004446666617068971056633746956
0.00004446666617068971056633746956
0.00004446666617068971056633746956
0.00004430071626545994230601937466
0.00004430071626545994230601937466
0.00004430071626545994230601937466
0.00004430071626545994230601937466
0.00004425383113277293924560908328
0.00004425383113277293924560908328
0.00004425383113277293924560908328
0.00004418387286750885416945579620
0.00004418387286750885416945579620
0.00004418387286750885416945579620
0.00004388036204960184947953764496
0.00004388036204960184947953764496
0.00004388036204960184947953764496
0.00004396234535431123761232527919
0.00004396234535431123761232527919
0.00004396234535431123761232527919
0.00004394822944306573652757605906
0.00004394822944306573652757605906
0.00004394822944306573652757605906
0.00004384519169124230072945730243
0.00004384519169124230072945730243
0.00004384519169124230072945730243
0.00004374011687527793165020837432
0.00004374011687527793165020837432
0.00004374011687527793165020837432
0.00004380801204657114051475036942
0.00004380801204657114051475036942
0.00004380801204657114051475036942
0.00004380801204657114051475036942
0.00004388349176947043156317967670
0.00004388349176947043156317967670
0.00004388349176947043156317967670
0.00004385558715428880384999679082
0.00004385558715428880384999679082
0.00004385558715428880384999679082
0.00004385237065043006328691678055
0.00004385237065043006328691678055
0.00004385237065043006328691678055
0.00004370575376580365989902680267
0.00004370575376580365989902680267
0.00004370575376580365989902680267
0.00004392871992487448872542739880
0.00004392871992487448872542739880
0.00004392871992487448872542739880
0.00004379266188747076612203436176
0.00004379266188747076612203436176
0.00004379266188747076612203436176
0.00004395693137568889890675669335
0.00004395693137568889890675669335
0.00004395693137568889890675669335
0.00004424465269256293930522753740
0.00004424465269256293930522753740
0.00004424465269256293930522753740
0.00004424465269256293930522753740
0.00004457933230982904926723792650
0.00004457933230982904926723792650
0.00004457933230982904926723792650
0.00004455671225142215833022896549
0.00004455671225142215833022896549
0.00004455671225142215833022896549
0.00004464791954251627266405372149
0.00004464791954251627266405372149
0.00004464791954251627266405372149
0.00004488608566887942905059847386
0.00004488608566887942905059847386
0.00004488608566887942905059847386
0.00004493953190235558498093448287
0.00004493953190235558498093448287
0.00004493953190235558498093448287
0.00004486533649900093561448563678
0.00004486533649900093561448563678
0.00004486533649900093561448563678
0.00004465491122790988790988956013
0.00004465491122790988790988956013
0.00004465491122790988790988956013
0.00004469756944680332054502371898
0.00004469756944680332054502371898
0.00004469756944680332054502371898
0.00004454711985102987010980841509
0.00004454711985102987010980841509
0.00004454711985102987010980841509
0.00004454711985102987010980841509
0.00004464293398145060865623312052
0.00004464293398145060865623312052
0.00004464293398145060865623312052
0.00004470759975896606366528351089
0.00004470759975896606366528351089
0.00004470759975896606366528351089
0.00004460432349233895884843764881
0.00004460432349233895884843764881
0.00004460432349233895884843764881
0.00004443530722268663952888862830
0.00004443530722268663952888862830
0.00004443530722268663952888862830
0.00004437474224940979516556836249
0.00004437474224940979516556836249
0.00004437474224940979516556836249
0.00004441302323885653572144169728
0.00004441302323885653572144169728
0.00004441302323885653572144169728
0.00004443315158525702077698023734
0.00004443315158525702077698023734
0.00004443315158525702077698023734
0.00004438330157410658716340523413
0.00004438330157410658716340523413
0.00004438330157410658716340523413
0.00004438330157410658716340523413
0.00004449466851381074280452019161
0.00004449466851381074280452019161
0.00004449466851381074280452019161
0.00004453050111407592603665643167
0.00004453050111407592603665643167
0.00004453050111407592603665643167
0.00004449215969869355411212907245
0.00004449215969869355411212907245
0.00004449215969869355411212907245
0.00004454538265429005635705314570
0.00004454538265429005635705314570
0.00004454538265429005635705314570
0.00004453866315667991909755105844
0.00004453866315667991909755105844
0.00004453866315667991909755105844
0.00004448956989009389049393929894
0.00004448956989009389049393929894
0.00004448956989009389049393929894
0.00004449449127963227259558147193
0.00004449449127963227259558147193
0.00004449449127963227259558147193
0.00004443379732031524189134923595
0.00004443379732031524189134923595
0.00004443379732031524189134923595
0.00004443379732031524189134923595
0.00004447452934193858141975993255
0.00004447452934193858141975993255
0.00004447452934193858141975993255
0.00004446250106420414667378058486
0.00004446250106420414667378058486
0.00004446250106420414667378058486
0.00004448733318808632571528356312
0.00004448733318808632571528356312
0.00004448733318808632571528356312
0.00004439724279157177416865786035
0.00004439724279157177416865786035
0.00004439724279157177416865786035
0.00004434490788343011993368617324
0.00004434490788343011993368617324
0.00004434490788343011993368617324
0.00004432117883224709060387535210
0.00004432117883224709060387535210
0.00004432117883224709060387535210
0.00004431826768432970142479792418
0.00004431826768432970142479792418
0.00004431826768432970142479792418
0.00004450208120491920473727340093
0.00004450208120491920473727340093
0.00004450208120491920473727340093
0.00004438433619523949478786525299
0.00004438433619523949478786525299
0.00004438433619523949478786525299
0.00004438433619523949478786525299
0.00004440397680269691879030485167
0.00004440397680269691879030485167
0.00004440397680269691879030485167
0.00004441864008562391299821728902
0.00004441864008562391299821728902
0.00004441864008562391299821728902
0.00004443810421397954197501161033
0.00004443810421397954197501161033
0.00004443810421397954197501161033
0.00004452496919258670275640153565
0.00004452496919258670275640153565
0.00004452496919258670275640153565
0.00004444038588800211314583205406
0.00004444038588800211314583205406
0.00004444038588800211314583205406
0.00004435380835456023031955835800
0.00004435380835456023031955835800
0.00004435380835456023031955835800
0.00004426292328761734321963211065
0.00004426292328761734321963211065
0.00004426292328761734321963211065
0.00004419110236024219900118270862
0.00004419110236024219900118270862
0.00004419110236024219900118270862
0.00004419110236024219900118270862
0.00004420470616295918043557479213
0.00004420470616295918043557479213
0.00004420470616295918043557479213
0.00004429164986256359479154577076
0.00004429164986256359479154577076
0.00004429164986256359479154577076
0.00004426783938977569807261004635
0.00004426783938977569807261004635
0.00004426783938977569807261004635
0.00004437511999995915843603528145
0.00004437511999995915843603528145
0.00004437511999995915843603528145
0.00004435480785718681797196382131
0.00004435480785718681797196382131
0.00004435480785718681797196382131
0.00004447097441089549988007982415
0.00004447097441089549988007982415
0.00004447097441089549988007982415
0.00004457896206516464625343848608
0.00004457896206516464625343848608
0.00004457896206516464625343848608
0.00004451166423070344827695603630
0.00004451166423070344827695603630
0.00004451166423070344827695603630
0.00004451166423070344827695603630
0.00004454733770191532169350244384
0.00004454733770191532169350244384
0.00004454733770191532169350244384
0.00004450278576768747486320811531
0.00004450278576768747486320811531
0.00004450278576768747486320811531
0.00004458789596811521370024261621
0.00004458789596811521370024261621
0.00004458789596811521370024261621
0.00004454024943558394294613245419
0.00004454024943558394294613245419
0.00004454024943558394294613245419
0.00004446669347732422670668579448
0.00004446669347732422670668579448
0.00004446669347732422670668579448
0.00004448499196630932891237988864
0.00004448499196630932891237988864
0.00004448499196630932891237988864
0.00004454043008199605890606906614
0.00004454043008199605890606906614
0.00004454043008199605890606906614
0.00004441057880280183319838098186
0.00004441057880280183319838098186
0.00004441057880280183319838098186
0.00004439771946908846490858953311
0.00004439771946908846490858953311
0.00004439771946908846490858953311
0.00004439771946908846490858953311
0.00004445496976522635485506736374
0.00004445496976522635485506736374
0.00004445496976522635485506736374
0.00004443839907278177196896407002
0.00004443839907278177196896407002
0.00004443839907278177196896407002
0.00004447802974469419680701521766
0.00004447802974469419680701521766
0.00004447802974469419680701521766
0.00004456468525122650232584928794
0.00004456468525122650232584928794
0.00004456468525122650232584928794
0.00004442487786322808211198487339
0.00004442487786322808211198487339
0.00004442487786322808211198487339
0.00004442487786322808211198487339
0.00004433744281842814527434992796
0.00004433744281842814527434992796
0.00004433744281842814527434992796
0.00004440001325472553755634315599
0.00004440001325472553755634315599
0.00004440001325472553755634315599
0.00004431303856653889986885147667
0.00004431303856653889986885147667
0.00004431303856653889986885147667
0.00004434496824850925351666850773
0.00004434496824850925351666850773
0.00004434496824850925351666850773
0.00004441584148702294433813965876
0.00004441584148702294433813965876
0.00004441584148702294433813965876
0.00004449222249222145114804590053
0.00004449222249222145114804590053
0.00004449222249222145114804590053
0.00004453306582369954000015079933
0.00004453306582369954000015079933
0.00004453306582369954000015079933
0.00004449585573714768383033959694
0.00004449585573714768383033959694
0.00004449585573714768383033959694
0.00004449585573714768383033959694
0.00004445663770984022032798919159
0.00004445663770984022032798919159
0.00004445663770984022032798919159
0.00004455204178435935178608715663
0.00004455204178435935178608715663
0.00004455204178435935178608715663
0.00004455483801745939939379429810
0.00004455483801745939939379429810
0.00004455483801745939939379429810
0.00004457403964674787449842937455
0.00004457403964674787449842937455
0.00004457403964674787449842937455
0.00004461036902744902774725841978
0.00004461036902744902774725841978
0.00004461036902744902774725841978
0.00004460170318308141642429454229
0.00004460170318308141642429454229
0.00004460170318308141642429454229
0.00004452338521991757153605906406
0.00004452338521991757153605906406
0.00004452338521991757153605906406
0.00004447856429033448140457515617
0.00004447856429033448140457515617
0.00004447856429033448140457515617
0.00004447856429033448140457515617
