0.00004084080111154567950109781987
0.00004084080111154567950109781987
0.00004084080111154567950109781987
0.00003956964103947961014260107104
0.00003956964103947961014260107104
0.00003956964103947961014260107104
0.00003995589239084908021212206625
0.00003995589239084908021212206625
0.00003995589239084908021212206625
0.00004111753245770829540796067619
0.00004111753245770829540796067619
0.00004111753245770829540796067619
0.00003917880774759443169917141342
0.00003917880774759443169917141342
0.00003917880774759443169917141342
0.00004060042562076897440126827171
0.00004060042562076897440126827171
0.00004060042562076897440126827171
0.00004009315996670089396717899960
0.00004009315996670089396717899960
0.00004009315996670089396717899960
0.00004099294113134151416444662168
0.00004099294113134151416444662168
0.00004099294113134151416444662168
0.00004202397670277405244766694184
0.00004202397670277405244766694184
0.00004202397670277405244766694184
0.00004202397670277405244766694184
0.00004499942907339487273262033319
0.00004499942907339487273262033319
0.00004499942907339487273262033319
0.00004451870681113367971615297334
0.00004451870681113367971615297334
0.00004451870681113367971615297334
0.00004574578288606811624845724955
0.00004574578288606811624845724955
0.00004574578288606811624845724955
0.00004434213929556016963865857020
0.00004434213929556016963865857020
0.00004434213929556016963865857020
0.00004539682320059375834832745037
0.00004539682320059375834832745037
0.00004539682320059375834832745037
0.00004526958502661222583306909677
0.00004526958502661222583306909677
0.00004526958502661222583306909677
0.00004472910823596259552259666464
0.00004472910823596259552259666464
0.00004472910823596259552259666464
0.00004393935060839405789793111322
0.00004393935060839405789793111322
0.00004393935060839405789793111322
0.00004393935060839405789793111322
0.00004441926701221628153488733945
0.00004441926701221628153488733945
0.00004441926701221628153488733945
0.00004567104300620039055936353536
0.00004567104300620039055936353536
0.00004567104300620039055936353536
0.00004652900729790960725556594406
0.00004652900729790960725556594406
0.00004652900729790960725556594406
0.00004726630796109164377686257986
0.00004726630796109164377686257986
0.00004726630796109164377686257986
0.00004745500697802895992634662723
0.00004745500697802895992634662723
0.00004745500697802895992634662723
0.00004681391180631680478707695917
0.00004681391180631680478707695917
0.00004681391180631680478707695917
0.00004714991920660796336796128534
0.00004714991920660796336796128534
0.00004714991920660796336796128534
0.00004722601399555818199313672964
0.00004722601399555818199313672964
0.00004722601399555818199313672964
0.00004722601399555818199313672964
0.00004704726011230001269043174019
0.00004704726011230001269043174019
0.00004704726011230001269043174019
0.00004700342854634122805767393514
0.00004700342854634122805767393514
0.00004700342854634122805767393514
0.00004712874191575705254046383847
0.00004712874191575705254046383847
0.00004712874191575705254046383847
0.00004695703719937447056884046520
0.00004695703719937447056884046520
0.00004695703719937447056884046520
0.00004654339762755125595113791181
0.00004654339762755125595113791181
0.00004654339762755125595113791181
0.00004689253873714142469522357186
0.00004689253873714142469522357186
0.00004689253873714142469522357186
0.00004714136650852611809789936075
0.00004714136650852611809789936075
0.00004714136650852611809789936075
0.00004715142545624275937205586562
0.00004715142545624275937205586562
0.00004715142545624275937205586562
0.00004721068536200378922345608071
0.00004721068536200378922345608071
0.00004721068536200378922345608071
0.00004721068536200378922345608071
0.00004704988878471611026414868649
0.00004704988878471611026414868649
0.00004704988878471611026414868649
0.00004685761597063500404026764842
0.00004685761597063500404026764842
0.00004685761597063500404026764842
0.00004693089228275999933912379549
0.00004693089228275999933912379549
0.00004693089228275999933912379549
0.00004698955306299505027267485387
0.00004698955306299505027267485387
0.00004698955306299505027267485387
0.00004690289297286398484175275338
0.00004690289297286398484175275338
0.00004690289297286398484175275338
0.00004682114573832047167148801788
0.00004682114573832047167148801788
0.00004682114573832047167148801788
0.00004712731677348466070198137943
0.00004712731677348466070198137943
0.00004712731677348466070198137943
0.00004710811671627019949722741223
0.00004710811671627019949722741223
0.00004710811671627019949722741223
0.00004710811671627019949722741223
0.00004683677583641785702734719113
0.00004683677583641785702734719113
0.00004683677583641785702734719113
0.00004664648037702963472399161555
0.00004664648037702963472399161555
0.00004664648037702963472399161555
0.00004673591901003579513944259383
0.00004673591901003579513944259383
0.00004673591901003579513944259383
0.00004720964482773752288057505590
0.00004720964482773752288057505590
0.00004720964482773752288057505590
0.00004742651694824482219717906040
0.00004742651694824482219717906040
0.00004742651694824482219717906040
0.00004767694119607247192721623906
0.00004767694119607247192721623906
0.00004767694119607247192721623906
0.00004763426803562913902367068084
0.00004763426803562913902367068084
0.00004763426803562913902367068084
0.00004754578666003786356442565958
0.00004754578666003786356442565958
0.00004754578666003786356442565958
0.00004754578666003786356442565958
0.00004705700578781808553603165400
0.00004705700578781808553603165400
0.00004705700578781808553603165400
0.00004706588063784376697091801978
0.00004706588063784376697091801978
0.00004706588063784376697091801978
0.00004721434680389666530600966317
0.00004721434680389666530600966317
0.00004721434680389666530600966317
0.00004707745158261299929667090242
0.00004707745158261299929667090242
0.00004707745158261299929667090242
0.00004728239729794730685476331263
0.00004728239729794730685476331263
0.00004728239729794730685476331263
0.00004718489124523372467298741809
0.00004718489124523372467298741809
0.00004718489124523372467298741809
0.00004704301066371353262881495410
0.00004704301066371353262881495410
0.00004704301066371353262881495410
0.00004689456658644130667139730713
0.00004689456658644130667139730713
0.00004689456658644130667139730713
0.00004715270841264176820321426199
0.00004715270841264176820321426199
0.00004715270841264176820321426199
0.00004715270841264176820321426199
0.00004702433482275044303518807383
0.00004702433482275044303518807383
0.00004702433482275044303518807383
0.00004682762292972171928132550038
0.00004682762292972171928132550038
0.00004682762292972171928132550038
0.00004667462576728708369556963347
0.00004667462576728708369556963347
0.00004667462576728708369556963347
0.00004660620822121521667469047131
0.00004660620822121521667469047131
0.00004660620822121521667469047131
0.00004635198995472834267423525594
0.00004635198995472834267423525594
0.00004635198995472834267423525594
0.00004635198995472834267423525594
0.00004632241141139446474793599414
0.00004632241141139446474793599414
0.00004632241141139446474793599414
0.00004619200789874261475101904764
0.00004619200789874261475101904764
0.00004619200789874261475101904764
0.00004616678111099107920852420147
0.00004616678111099107920852420147
0.00004616678111099107920852420147
0.00004611564162590483945308060049
0.00004611564162590483945308060049
0.00004611564162590483945308060049
0.00004620478054611324612485038421
0.00004620478054611324612485038421
0.00004620478054611324612485038421
0.00004596701830032230035040570328
0.00004596701830032230035040570328
0.00004596701830032230035040570328
0.00004614842732142700812292566048
0.00004614842732142700812292566048
0.00004614842732142700812292566048
0.00004612888324123057232380327651
0.00004612888324123057232380327651
0.00004612888324123057232380327651
0.00004612888324123057232380327651
0.00004610826982077216595621784214
0.00004610826982077216595621784214
0.00004610826982077216595621784214
0.00004618633314420023730131309247
0.00004618633314420023730131309247
0.00004618633314420023730131309247
0.00004608410033808077345431215538
0.00004608410033808077345431215538
0.00004608410033808077345431215538
0.00004611758050966708613576235047
0.00004611758050966708613576235047
0.00004611758050966708613576235047
0.00004600418780489032166667396754
0.00004600418780489032166667396754
0.00004600418780489032166667396754
0.00004619947344376955895883900396
0.00004619947344376955895883900396
0.00004619947344376955895883900396
0.00004603996738920859592703638810
0.00004603996738920859592703638810
0.00004603996738920859592703638810
0.00004621865088997374530180087671
0.00004621865088997374530180087671
0.00004621865088997374530180087671
0.00004621865088997374530180087671
0.00004599626151715514272927747709
0.00004599626151715514272927747709
0.00004599626151715514272927747709
0.00004603833600286885717204207215
0.00004603833600286885717204207215
0.00004603833600286885717204207215
0.00004606971129628325248330433021
0.00004606971129628325248330433021
0.00004606971129628325248330433021
0.00004597597191204383596859577635
0.00004597597191204383596859577635
0.00004597597191204383596859577635
0.00004592920711468917541976995591
0.00004592920711468917541976995591
0.00004592920711468917541976995591
0.00004596335002983733218027247992
0.00004596335002983733218027247992
0.00004596335002983733218027247992
0.00004591915590695661414716486486
0.00004591915590695661414716486486
0.00004591915590695661414716486486
0.00004600869906881685757716914444
0.00004600869906881685757716914444
0.00004600869906881685757716914444
0.00004596116881264108321888468779
0.00004596116881264108321888468779
0.00004596116881264108321888468779
0.00004596116881264108321888468779
0.00004583102546286465444435595609
0.00004583102546286465444435595609
0.00004583102546286465444435595609
0.00004582158636032517323057952476
0.00004582158636032517323057952476
0.00004582158636032517323057952476
0.00004579617690930036354410789936
0.00004579617690930036354410789936
0.00004579617690930036354410789936
0.00004566843428213402903472039115
0.00004566843428213402903472039115
0.00004566843428213402903472039115
0.00004563741333365459963810573189
0.00004563741333365459963810573189
0.00004563741333365459963810573189
0.00004563663585637909214950228423
0.00004563663585637909214950228423
0.00004563663585637909214950228423
0.00004569674834500511600748860969
0.00004569674834500511600748860969
0.00004569674834500511600748860969
0.00004574457001499545691825746329
0.00004574457001499545691825746329
0.00004574457001499545691825746329
0.00004574457001499545691825746329
0.00004556918013756212017824164916
0.00004556918013756212017824164916
0.00004556918013756212017824164916
0.00004549207028826776355007960416
0.00004549207028826776355007960416
0.00004549207028826776355007960416
0.00004547054754724329443198131381
0.00004547054754724329443198131381
0.00004547054754724329443198131381
0.00004543239385205697523658171526
0.00004543239385205697523658171526
0.00004543239385205697523658171526
0.00004542546187791450673618517049
0.00004542546187791450673618517049
0.00004542546187791450673618517049
0.00004535422523183861832324070651
0.00004535422523183861832324070651
0.00004535422523183861832324070651
0.00004529927345544649688512765410
0.00004529927345544649688512765410
0.00004529927345544649688512765410
0.00004520546732235614065088468577
0.00004520546732235614065088468577
0.00004520546732235614065088468577
0.00004520546732235614065088468577
0.00004504884008507160861736775935
0.00004504884008507160861736775935
0.00004504884008507160861736775935
0.00004502599349317341331924372554
0.00004502599349317341331924372554
0.00004502599349317341331924372554
0.00004489027436891594290896959175
0.00004489027436891594290896959175
0.00004489027436891594290896959175
0.00004492434965147744455190369044
0.00004492434965147744455190369044
0.00004492434965147744455190369044
0.00004495337426300172053773340825
0.00004495337426300172053773340825
0.00004495337426300172053773340825
0.00004498627201084954568128695129
0.00004498627201084954568128695129
0.00004498627201084954568128695129
0.00004498248680651432394634499614
0.00004498248680651432394634499614
0.00004498248680651432394634499614
0.00004488141949412509771256965426
0.00004488141949412509771256965426
0.00004488141949412509771256965426
0.00004494334008606742301235843539
0.00004494334008606742301235843539
0.00004494334008606742301235843539
0.00004494334008606742301235843539
0.00004498078315070859965374140662
0.00004498078315070859965374140662
0.00004498078315070859965374140662
0.00004495247529123021955400825169
0.00004495247529123021955400825169
0.00004495247529123021955400825169
0.00004495758481497113245847176571
0.00004495758481497113245847176571
0.00004495758481497113245847176571
0.00004498693024116306121794207791
0.00004498693024116306121794207791
0.00004498693024116306121794207791
0.00004503104553628728857520441048
0.00004503104553628728857520441048
0.00004503104553628728857520441048
0.00004502324473312592719944012751
0.00004502324473312592719944012751
0.00004502324473312592719944012751
0.00004492432249382628406191557371
0.00004492432249382628406191557371
0.00004492432249382628406191557371
0.00004489954789336885106890116320
0.00004489954789336885106890116320
0.00004489954789336885106890116320
0.00004489954789336885106890116320
0.00004479316439421347180751612092
0.00004479316439421347180751612092
0.00004479316439421347180751612092
0.00004476452618274200476066929788
0.00004476452618274200476066929788
0.00004476452618274200476066929788
0.00004483507646288252228171638447
0.00004483507646288252228171638447
0.00004483507646288252228171638447
0.00004478088120810729326867916876
0.00004478088120810729326867916876
0.00004478088120810729326867916876
0.00004473323431931523319053917853
0.00004473323431931523319053917853
0.00004473323431931523319053917853
0.00004471289638545239351837667099
0.00004471289638545239351837667099
0.00004471289638545239351837667099
0.00004473806565269757630759635063
0.00004473806565269757630759635063
0.00004473806565269757630759635063
0.00004479698204213593394179580488
0.00004479698204213593394179580488
0.00004479698204213593394179580488
0.00004479698204213593394179580488
0.00004483289759906655707514555554
0.00004483289759906655707514555554
0.00004483289759906655707514555554
0.00004486020496084318807337353547
0.00004486020496084318807337353547
0.00004486020496084318807337353547
0.00004480763228781044662799931458
0.00004480763228781044662799931458
0.00004480763228781044662799931458
0.00004475035877945178561652335457
0.00004475035877945178561652335457
0.00004475035877945178561652335457
0.00004479996565253955818704119911
0.00004479996565253955818704119911
0.00004479996565253955818704119911
0.00004478792628078838173911874266
0.00004478792628078838173911874266
0.00004478792628078838173911874266
0.00004471111276749345046889685033
0.00004471111276749345046889685033
0.00004471111276749345046889685033
0.00004475449096701691209526599892
0.00004475449096701691209526599892
0.00004475449096701691209526599892
0.00004468723733498122068124886678
0.00004468723733498122068124886678
0.00004468723733498122068124886678
0.00004468723733498122068124886678
0.00004465828069073484314756313298
0.00004465828069073484314756313298
0.00004465828069073484314756313298
0.00004464274142612466506884475585
0.00004464274142612466506884475585
0.00004464274142612466506884475585
0.00004454927717460636159057827521
0.00004454927717460636159057827521
0.00004454927717460636159057827521
0.00004459377305344007613871159952
0.00004459377305344007613871159952
0.00004459377305344007613871159952
0.00004457907169536479209378072203
0.00004457907169536479209378072203
0.00004457907169536479209378072203
0.00004457907169536479209378072203
0.00004461593672195274197956585747
0.00004461593672195274197956585747
0.00004461593672195274197956585747
0.00004467103034898165134054977848
0.00004467103034898165134054977848
0.00004467103034898165134054977848
0.00004466519428731795492498116377
0.00004466519428731795492498116377
0.00004466519428731795492498116377
0.00004470285834892108980557919021
0.00004470285834892108980557919021
0.00004470285834892108980557919021
0.00004464192264283709824984034453
0.00004464192264283709824984034453
0.00004464192264283709824984034453
0.00004456831285613775208178650048
0.00004456831285613775208178650048
0.00004456831285613775208178650048
0.00004450951497590489407150547274
0.00004450951497590489407150547274
0.00004450951497590489407150547274
0.00004455750148741361829244802424
0.00004455750148741361829244802424
0.00004455750148741361829244802424
0.00004455750148741361829244802424
0.00004467415917473320054298950009
0.00004467415917473320054298950009
0.00004467415917473320054298950009
0.00004468721946074235013888776975
0.00004468721946074235013888776975
0.00004468721946074235013888776975
0.00004467056196695882519642714145
0.00004467056196695882519642714145
0.00004467056196695882519642714145
0.00004468672246262595409863851651
0.00004468672246262595409863851651
0.00004468672246262595409863851651
0.00004464852525383363053189058489
0.00004464852525383363053189058489
0.00004464852525383363053189058489
0.00004466695684513115504936817698
0.00004466695684513115504936817698
0.00004466695684513115504936817698
0.00004464717260417365367491708489
0.00004464717260417365367491708489
0.00004464717260417365367491708489
0.00004468744575415579563966652863
0.00004468744575415579563966652863
0.00004468744575415579563966652863
0.00004468744575415579563966652863
