0.00004502007788331922415328994042
0.00004502007788331922415328994042
0.00004502007788331922415328994042
0.00004600927516789365744645540571
0.00004600927516789365744645540571
0.00004600927516789365744645540571
0.00004719118363507898750624760632
0.00004719118363507898750624760632
0.00004719118363507898750624760632
0.00004738641058007518167888058303
0.00004738641058007518167888058303
0.00004738641058007518167888058303
0.00004745128208139818910312982649
0.00004745128208139818910312982649
0.00004745128208139818910312982649
0.00005024402192990788584709623394
0.00005024402192990788584709623394
0.00005024402192990788584709623394
0.00004750237363133270917397067913
0.00004750237363133270917397067913
0.00004750237363133270917397067913
0.00004589233857310625363314444208
0.00004589233857310625363314444208
0.00004589233857310625363314444208
0.00004472727448301918958266496539
0.00004472727448301918958266496539
0.00004472727448301918958266496539
0.00004472727448301918958266496539
0.00004241705115460149508843135423
0.00004241705115460149508843135423
0.00004241705115460149508843135423
0.00004186067731317481119754617148
0.00004186067731317481119754617148
0.00004186067731317481119754617148
0.00004099316605753836457544950145
0.00004099316605753836457544950145
0.00004099316605753836457544950145
0.00004087286224626450294222234875
0.00004087286224626450294222234875
0.00004087286224626450294222234875
0.00004189936789677164629188490107
0.00004189936789677164629188490107
0.00004189936789677164629188490107
0.00004158965303993140646705867329
0.00004158965303993140646705867329
0.00004158965303993140646705867329
0.00004292307354706745758853351555
0.00004292307354706745758853351555
0.00004292307354706745758853351555
0.00004262358940738327610198657927
0.00004262358940738327610198657927
0.00004262358940738327610198657927
0.00004262358940738327610198657927
0.00004245224149057685383697551899
0.00004245224149057685383697551899
0.00004245224149057685383697551899
0.00004372229469400329498843213835
0.00004372229469400329498843213835
0.00004372229469400329498843213835
0.00004421469413458985717627153488
0.00004421469413458985717627153488
0.00004421469413458985717627153488
0.00004420945514112403201736048323
0.00004420945514112403201736048323
0.00004420945514112403201736048323
0.00004395596653155330052293350462
0.00004395596653155330052293350462
0.00004395596653155330052293350462
0.00004430569307343743055035107661
0.00004430569307343743055035107661
0.00004430569307343743055035107661
0.00004472171669431319587491299973
0.00004472171669431319587491299973
0.00004472171669431319587491299973
0.00004455712870603003862820231734
0.00004455712870603003862820231734
0.00004455712870603003862820231734
0.00004455712870603003862820231734
0.00004451290521803099363080335819
0.00004451290521803099363080335819
0.00004451290521803099363080335819
0.00004479788403282486618922354910
0.00004479788403282486618922354910
0.00004479788403282486618922354910
0.00004455742988839325127467488773
0.00004455742988839325127467488773
0.00004455742988839325127467488773
0.00004434697024027013579794122131
0.00004434697024027013579794122131
0.00004434697024027013579794122131
0.00004399781955154952097520178726
0.00004399781955154952097520178726
0.00004399781955154952097520178726
0.00004350579244294419842356692377
0.00004350579244294419842356692377
0.00004350579244294419842356692377
0.00004406982828205061446040375074
0.00004406982828205061446040375074
0.00004406982828205061446040375074
0.00004399225098740131879807813960
0.00004399225098740131879807813960
0.00004399225098740131879807813960
0.00004406978716073201413851505072
0.00004406978716073201413851505072
0.00004406978716073201413851505072
0.00004406978716073201413851505072
0.00004457445775865117579277154503
0.00004457445775865117579277154503
0.00004457445775865117579277154503
0.00004429145703728906045562757547
0.00004429145703728906045562757547
0.00004429145703728906045562757547
0.00004443678439798450031356714143
0.00004443678439798450031356714143
0.00004443678439798450031356714143
0.00004451933461204475386250981812
0.00004451933461204475386250981812
0.00004451933461204475386250981812
0.00004441451628612599663178743186
0.00004441451628612599663178743186
0.00004441451628612599663178743186
0.00004426325654643529247364265369
0.00004426325654643529247364265369
0.00004426325654643529247364265369
0.00004438600251742457141985912129
0.00004438600251742457141985912129
0.00004438600251742457141985912129
0.00004430199275378580899423380912
0.00004430199275378580899423380912
0.00004430199275378580899423380912
0.00004430199275378580899423380912
0.00004400313359319320058798845792
0.00004400313359319320058798845792
0.00004400313359319320058798845792
0.00004356819580119591944714512082
0.00004356819580119591944714512082
0.00004356819580119591944714512082
0.00004350873988292200553822980272
0.00004350873988292200553822980272
0.00004350873988292200553822980272
0.00004331309941687814260343227988
0.00004331309941687814260343227988
0.00004331309941687814260343227988
0.00004329857303233720089286691626
0.00004329857303233720089286691626
0.00004329857303233720089286691626
0.00004335519965107563279580063992
0.00004335519965107563279580063992
0.00004335519965107563279580063992
0.00004327851806229833389995071993
0.00004327851806229833389995071993
0.00004327851806229833389995071993
0.00004336865381447332414977749617
0.00004336865381447332414977749617
0.00004336865381447332414977749617
0.00004336865381447332414977749617
0.00004313053565434847495722930128
0.00004313053565434847495722930128
0.00004313053565434847495722930128
0.00004310168236099047914167573977
0.00004310168236099047914167573977
0.00004310168236099047914167573977
0.00004318513766566762006744365461
0.00004318513766566762006744365461
0.00004318513766566762006744365461
0.00004323503137638695147837142659
0.00004323503137638695147837142659
0.00004323503137638695147837142659
0.00004366785865409527186888163918
0.00004366785865409527186888163918
0.00004366785865409527186888163918
0.00004356528970273139546976375103
0.00004356528970273139546976375103
0.00004356528970273139546976375103
0.00004353369043513903676509156340
0.00004353369043513903676509156340
0.00004353369043513903676509156340
0.00004366300671713297138898322125
0.00004366300671713297138898322125
0.00004366300671713297138898322125
0.00004350443449916471820944370006
0.00004350443449916471820944370006
0.00004350443449916471820944370006
0.00004350443449916471820944370006
0.00004349822260070624397504471717
0.00004349822260070624397504471717
0.00004349822260070624397504471717
0.00004336599226411091425299023382
0.00004336599226411091425299023382
0.00004336599226411091425299023382
0.00004346960667225531270689058500
0.00004346960667225531270689058500
0.00004346960667225531270689058500
0.00004354503810573583052005804808
0.00004354503810573583052005804808
0.00004354503810573583052005804808
0.00004354007601763954368059458974
0.00004354007601763954368059458974
0.00004354007601763954368059458974
0.00004362465892939144509454339391
0.00004362465892939144509454339391
0.00004362465892939144509454339391
0.00004373252594896531663834717727
0.00004373252594896531663834717727
0.00004373252594896531663834717727
0.00004363744226676493544676015343
0.00004363744226676493544676015343
0.00004363744226676493544676015343
0.00004363744226676493544676015343
0.00004357566914678998185805998658
0.00004357566914678998185805998658
0.00004357566914678998185805998658
0.00004342357909872335087573675886
0.00004342357909872335087573675886
0.00004342357909872335087573675886
0.00004348141197430868468353681355
0.00004348141197430868468353681355
0.00004348141197430868468353681355
0.00004330058141243940513257010580
0.00004330058141243940513257010580
0.00004330058141243940513257010580
0.00004327966435176268674889672255
0.00004327966435176268674889672255
0.00004327966435176268674889672255
0.00004327966435176268674889672255
0.00004338743504479905388688903702
0.00004338743504479905388688903702
0.00004338743504479905388688903702
0.00004328916808351879093191906680
0.00004328916808351879093191906680
0.00004328916808351879093191906680
0.00004318186571725888617768280024
0.00004318186571725888617768280024
0.00004318186571725888617768280024
0.00004320199380837240511343873210
0.00004320199380837240511343873210
0.00004320199380837240511343873210
0.00004306476714865528795559308075
0.00004306476714865528795559308075
0.00004306476714865528795559308075
0.00004308537039209140845092142749
0.00004308537039209140845092142749
0.00004308537039209140845092142749
0.00004303905099604307642713367551
0.00004303905099604307642713367551
0.00004303905099604307642713367551
0.00004293969930330427921556128551
0.00004293969930330427921556128551
0.00004293969930330427921556128551
0.00004293969930330427921556128551
0.00004307229840526758495730736368
0.00004307229840526758495730736368
0.00004307229840526758495730736368
0.00004300734849248031023580208509
0.00004300734849248031023580208509
0.00004300734849248031023580208509
0.00004302480904852928593630309093
0.00004302480904852928593630309093
0.00004302480904852928593630309093
0.00004307289774476845839639312224
0.00004307289774476845839639312224
0.00004307289774476845839639312224
0.00004317174062439097380589409866
0.00004317174062439097380589409866
0.00004317174062439097380589409866
0.00004311829596058478017582812326
0.00004311829596058478017582812326
0.00004311829596058478017582812326
0.00004297624181068329252417958610
0.00004297624181068329252417958610
0.00004297624181068329252417958610
0.00004298461770360011495831238033
0.00004298461770360011495831238033
0.00004298461770360011495831238033
0.00004304165206497062822011457703
0.00004304165206497062822011457703
0.00004304165206497062822011457703
0.00004304165206497062822011457703
0.00004311769032474573575236679392
0.00004311769032474573575236679392
0.00004311769032474573575236679392
0.00004306500244797320228631183039
0.00004306500244797320228631183039
0.00004306500244797320228631183039
0.00004303663201909488169554907374
0.00004303663201909488169554907374
0.00004303663201909488169554907374
0.00004306335315041061499375950545
0.00004306335315041061499375950545
0.00004306335315041061499375950545
0.00004290507491052989547875358205
0.00004290507491052989547875358205
0.00004290507491052989547875358205
0.00004283687242262987846895236036
0.00004283687242262987846895236036
0.00004283687242262987846895236036
0.00004293646139485830353555312539
0.00004293646139485830353555312539
0.00004293646139485830353555312539
0.00004289264105644837545463465298
0.00004289264105644837545463465298
0.00004289264105644837545463465298
0.00004289264105644837545463465298
0.00004275019752047073821706954526
0.00004275019752047073821706954526
0.00004275019752047073821706954526
0.00004292613483482123940837487057
0.00004292613483482123940837487057
0.00004292613483482123940837487057
0.00004294975653764316678105380859
0.00004294975653764316678105380859
0.00004294975653764316678105380859
0.00004299168919633656222821374099
0.00004299168919633656222821374099
0.00004299168919633656222821374099
0.00004300911206420699183781208102
0.00004300911206420699183781208102
0.00004300911206420699183781208102
0.00004297419660501969582460860425
0.00004297419660501969582460860425
0.00004297419660501969582460860425
0.00004313413688535496550591467307
0.00004313413688535496550591467307
0.00004313413688535496550591467307
0.00004319280642521895234549834223
0.00004319280642521895234549834223
0.00004319280642521895234549834223
0.00004319280642521895234549834223
0.00004325298548584125175030673942
0.00004325298548584125175030673942
0.00004325298548584125175030673942
0.00004326842485279857877560697088
0.00004326842485279857877560697088
0.00004326842485279857877560697088
0.00004325118892690011200175032761
0.00004325118892690011200175032761
0.00004325118892690011200175032761
0.00004337417138371322878153159463
0.00004337417138371322878153159463
0.00004337417138371322878153159463
0.00004336975790041476097107675105
0.00004336975790041476097107675105
0.00004336975790041476097107675105
0.00004338636558613234189399508177
0.00004338636558613234189399508177
0.00004338636558613234189399508177
0.00004335649578795226914336242578
0.00004335649578795226914336242578
0.00004335649578795226914336242578
0.00004337221995109872829405921700
0.00004337221995109872829405921700
0.00004337221995109872829405921700
0.00004331286423296813782539475999
0.00004331286423296813782539475999
0.00004331286423296813782539475999
0.00004331286423296813782539475999
0.00004327416105888774192117979443
0.00004327416105888774192117979443
0.00004327416105888774192117979443
0.00004327888060366141569020218437
0.00004327888060366141569020218437
0.00004327888060366141569020218437
0.00004334204791301343235764704396
0.00004334204791301343235764704396
0.00004334204791301343235764704396
0.00004329781186058743264662578720
0.00004329781186058743264662578720
0.00004329781186058743264662578720
0.00004322993804191048075581337695
0.00004322993804191048075581337695
0.00004322993804191048075581337695
0.00004340746502101423498942940728
0.00004340746502101423498942940728
0.00004340746502101423498942940728
0.00004356938070206030190705533088
0.00004356938070206030190705533088
0.00004356938070206030190705533088
0.00004365641780109961508098648968
0.00004365641780109961508098648968
0.00004365641780109961508098648968
0.00004365641780109961508098648968
0.00004368410918377307675811091532
0.00004368410918377307675811091532
0.00004368410918377307675811091532
0.00004381665920530383916965859874
0.00004381665920530383916965859874
0.00004381665920530383916965859874
0.00004370343703206308433993638738
0.00004370343703206308433993638738
0.00004370343703206308433993638738
0.00004379355804599540382424761823
0.00004379355804599540382424761823
0.00004379355804599540382424761823
0.00004375293600882903408268689351
0.00004375293600882903408268689351
0.00004375293600882903408268689351
0.00004387386747063849155282837512
0.00004387386747063849155282837512
0.00004387386747063849155282837512
0.00004393807934078370115675532363
0.00004393807934078370115675532363
0.00004393807934078370115675532363
0.00004394857592780040777617165008
0.00004394857592780040777617165008
0.00004394857592780040777617165008
0.00004394857592780040777617165008
0.00004389406193413756430987008550
0.00004389406193413756430987008550
0.00004389406193413756430987008550
0.00004388597197786746242169916153
0.00004388597197786746242169916153
0.00004388597197786746242169916153
0.00004395727609128705461659177113
0.00004395727609128705461659177113
0.00004395727609128705461659177113
0.00004389894821103862721833737558
0.00004389894821103862721833737558
0.00004389894821103862721833737558
0.00004385127423672176467194074683
0.00004385127423672176467194074683
0.00004385127423672176467194074683
0.00004377241216207920335558936036
0.00004377241216207920335558936036
0.00004377241216207920335558936036
0.00004379280448203779065238502034
0.00004379280448203779065238502034
0.00004379280448203779065238502034
0.00004387518893008134580680918185
0.00004387518893008134580680918185
0.00004387518893008134580680918185
0.00004392511207212298916875027799
0.00004392511207212298916875027799
0.00004392511207212298916875027799
0.00004392511207212298916875027799
0.00004395699501511172124326910804
0.00004395699501511172124326910804
0.00004395699501511172124326910804
0.00004406169225124353039121650408
0.00004406169225124353039121650408
0.00004406169225124353039121650408
0.00004399685250292743840847736940
0.00004399685250292743840847736940
0.00004399685250292743840847736940
0.00004390580065001307540178212543
0.00004390580065001307540178212543
0.00004390580065001307540178212543
0.00004386492635563461796641483453
0.00004386492635563461796641483453
0.00004386492635563461796641483453
0.00004384746000535325698399973937
0.00004384746000535325698399973937
0.00004384746000535325698399973937
0.00004382960102883578966235353677
0.00004381723896254869692777635848
0.00004381723896254869692777635848
0.00004381723896254869692777635848
0.00004379694904591120851873367880
0.00004379694904591120851873367880
0.00004379694904591120851873367880
0.00004375965432453478733410754295
0.00004375965432453478733410754295
0.00004375965432453478733410754295
0.00004377087303471960601430328836
0.00004377087303471960601430328836
0.00004377087303471960601430328836
0.00004379586395352908242820084612
0.00004379586395352908242820084612
0.00004379586395352908242820084612
0.00004388415032882152646683474821
0.00004388415032882152646683474821
0.00004388415032882152646683474821
0.00004388542442810450110253260017
0.00004388542442810450110253260017
0.00004388542442810450110253260017
0.00004388542442810450110253260017
0.00004390698516233813359803624015
0.00004390698516233813359803624015
0.00004390698516233813359803624015
0.00004387217130334338161810000246
0.00004387217130334338161810000246
0.00004387217130334338161810000246
0.00004386416061789306188516534539
0.00004386416061789306188516534539
0.00004386416061789306188516534539
0.00004391561166226819858728799590
0.00004391561166226819858728799590
0.00004391561166226819858728799590
0.00004389065491028755640897993876
0.00004389065491028755640897993876
0.00004389065491028755640897993876
0.00004389366787818300082973863190
0.00004389366787818300082973863190
0.00004389366787818300082973863190
0.00004381909847543477680758996313
0.00004381909847543477680758996313
0.00004381909847543477680758996313
0.00004379336542855787962193608339
0.00004379336542855787962193608339
0.00004379336542855787962193608339
0.00004379336542855787962193608339
