0.2493729300499437695482338270
0.2493729300499437695482338270
0.2493729300499437695482338270
0.2372197912871923768812267219
0.2372197912871923768812267219
0.2372197912871923768812267219
0.2384984060408513676544774976
0.2384984060408513676544774976
0.2384984060408513676544774976
0.2358890254441367121697801376
0.2358890254441367121697801376
0.2358890254441367121697801376
0.2371543498310649291019538445
0.2371543498310649291019538445
0.2371543498310649291019538445
0.2379824168845549489919737962
0.2379824168845549489919737962
0.2379824168845549489919737962
0.2438443654206200057060528255
0.2438443654206200057060528255
0.2438443654206200057060528255
0.2476210796879360938692072425
0.2476210796879360938692072425
0.2476210796879360938692072425
0.2501951337371991455674260567
0.2501951337371991455674260567
0.2501951337371991455674260567
0.2501951337371991455674260567
0.2498878404729672119364160761
0.2498878404729672119364160761
0.2498878404729672119364160761
0.2511538669135686417122639637
0.2511538669135686417122639637
0.2511538669135686417122639637
0.2499605799333782284456665293
0.2499605799333782284456665293
0.2499605799333782284456665293
0.2493693189086685485018130530
0.2493693189086685485018130530
0.2493693189086685485018130530
0.2494110053183130536385772786
0.2494110053183130536385772786
0.2494110053183130536385772786
0.2484181633019448952292723432
0.2484181633019448952292723432
0.2484181633019448952292723432
0.2471925495189330821693267623
0.2471925495189330821693267623
0.2471925495189330821693267623
0.2483644750574719176145635184
0.2483644750574719176145635184
0.2483644750574719176145635184
0.2483644750574719176145635184
0.2500833959936912019495435271
0.2500833959936912019495435271
0.2500833959936912019495435271
0.2485656609645632906806721731
0.2485656609645632906806721731
0.2485656609645632906806721731
0.2488131207575343703749977659
0.2488131207575343703749977659
0.2488131207575343703749977659
0.2504066971255175550646739370
0.2504066971255175550646739370
0.2504066971255175550646739370
0.2500868978105622984127988276
0.2500868978105622984127988276
0.2500868978105622984127988276
0.2498668997298970597273832357
0.2498668997298970597273832357
0.2498668997298970597273832357
0.2487807175819364862373248827
0.2487807175819364862373248827
0.2487807175819364862373248827
0.2491267621182957572939092655
0.2491267621182957572939092655
0.2491267621182957572939092655
0.2491267621182957572939092655
0.2492007117460750886571920512
0.2492007117460750886571920512
0.2492007117460750886571920512
0.2485104728692837495395728352
0.2485104728692837495395728352
0.2485104728692837495395728352
0.2484263706401847981137510580
0.2484263706401847981137510580
0.2484263706401847981137510580
0.2479173470750662251663648599
0.2479173470750662251663648599
0.2479173470750662251663648599
0.2487085925719197681838755268
0.2487085925719197681838755268
0.2487085925719197681838755268
0.2486003710733841803408635254
0.2486003710733841803408635254
0.2486003710733841803408635254
0.2487873995631042340699579430
0.2487873995631042340699579430
0.2487873995631042340699579430
0.2498284240248042300285349978
0.2498284240248042300285349978
0.2498284240248042300285349978
0.2492120136530723331107702145
0.2492120136530723331107702145
0.2492120136530723331107702145
0.2492120136530723331107702145
0.2495416781697037816891166765
0.2495416781697037816891166765
0.2495416781697037816891166765
0.2487417542086355032161139244
0.2487417542086355032161139244
0.2487417542086355032161139244
0.2488186208045503042579385356
0.2488186208045503042579385356
0.2488186208045503042579385356
0.2484594147610733316545091336
0.2484594147610733316545091336
0.2484594147610733316545091336
0.2485036945298821141086511262
0.2485036945298821141086511262
0.2485036945298821141086511262
0.2483903503225681925082808431
0.2483903503225681925082808431
0.2483903503225681925082808431
0.2489164917623470741663582541
0.2489164917623470741663582541
0.2489164917623470741663582541
0.2491733827315753596220165688
0.2491733827315753596220165688
0.2491733827315753596220165688
0.2491733827315753596220165688
0.2497890717261321801772040059
0.2497890717261321801772040059
0.2497890717261321801772040059
0.2500808271957237127511776169
0.2500808271957237127511776169
0.2500808271957237127511776169
0.2502913742569588314366619183
0.2502913742569588314366619183
0.2502913742569588314366619183
0.2497962303136799702962070314
0.2497962303136799702962070314
0.2497962303136799702962070314
0.2494120396905829014412788080
0.2494120396905829014412788080
0.2494120396905829014412788080
0.2490299956907796136771864868
0.2490299956907796136771864868
0.2490299956907796136771864868
0.2488662721963210119908632848
0.2488662721963210119908632848
0.2488662721963210119908632848
0.2494627826146929759879010418
0.2494627826146929759879010418
0.2494627826146929759879010418
0.2494627826146929759879010418
0.2497539440067366713706207640
0.2497539440067366713706207640
0.2497539440067366713706207640
0.2494195465827481746910353375
0.2494195465827481746910353375
0.2494195465827481746910353375
0.2493512891293308574416378348
0.2493512891293308574416378348
0.2493512891293308574416378348
0.2492553511292877901669893135
0.2492553511292877901669893135
0.2492553511292877901669893135
0.2493362323626829404983850199
0.2493362323626829404983850199
0.2493362323626829404983850199
0.2493864637512054707397784236
0.2493864637512054707397784236
0.2493864637512054707397784236
0.2497595108456686840982405629
0.2497595108456686840982405629
0.2497595108456686840982405629
0.2502068936085067551864672437
0.2502068936085067551864672437
0.2502068936085067551864672437
0.2509072446424005456312300554
0.2509072446424005456312300554
0.2509072446424005456312300554
0.2509072446424005456312300554
0.2502861704838088986170055376
0.2502861704838088986170055376
0.2502861704838088986170055376
0.2503808121830270326264995792
0.2503808121830270326264995792
0.2503808121830270326264995792
0.2500670199210258374615383020
0.2500670199210258374615383020
0.2500670199210258374615383020
0.2499687225155792745803126962
0.2499687225155792745803126962
0.2499687225155792745803126962
0.2500831857651156505526655663
0.2500831857651156505526655663
0.2500831857651156505526655663
0.2502418672682704705417976320
0.2506933983988000490998191468
0.2506933983988000490998191468
0.2506933983988000490998191468
0.2502815025501580689164314694
0.2502815025501580689164314694
0.2502815025501580689164314694
0.2494167753039984493942478151
0.2494167753039984493942478151
0.2494167753039984493942478151
0.2497582372653064377030606700
0.2497582372653064377030606700
0.2497582372653064377030606700
0.2493413103637614623218836341
0.2493413103637614623218836341
0.2493413103637614623218836341
0.2491829765156282204314075328
0.2491829765156282204314075328
0.2491829765156282204314075328
0.2495548764357669150183873089
0.2495548764357669150183873089
0.2495548764357669150183873089
0.2499386935794711335472242806
0.2499386935794711335472242806
0.2499386935794711335472242806
0.2499386935794711335472242806
0.2500968252390847211822110705
0.2500968252390847211822110705
0.2500968252390847211822110705
0.2502183509135730572057472613
0.2502183509135730572057472613
0.2502183509135730572057472613
0.2499440505687955074355374733
0.2499440505687955074355374733
0.2499440505687955074355374733
0.2497601520597300752165372138
0.2497601520597300752165372138
0.2497601520597300752165372138
0.2497240958224368193534043014
0.2497240958224368193534043014
0.2497240958224368193534043014
0.2496423753331568025760562107
0.2496423753331568025760562107
0.2496423753331568025760562107
0.2493367414919178619696128783
0.2493367414919178619696128783
0.2493367414919178619696128783
0.2488982213427689063202791417
0.2488982213427689063202791417
0.2488982213427689063202791417
0.2488982213427689063202791417
0.2489448566109997432697305834
0.2489448566109997432697305834
0.2489448566109997432697305834
0.2493331143468493516604491273
0.2493331143468493516604491273
0.2493331143468493516604491273
0.2491063421553671558374233907
0.2491063421553671558374233907
0.2491063421553671558374233907
0.2489094586866280709056686953
0.2489094586866280709056686953
0.2489094586866280709056686953
0.2491209345788279960264167191
0.2491209345788279960264167191
0.2491209345788279960264167191
0.2486330285741630538599455932
0.2486330285741630538599455932
0.2486330285741630538599455932
0.2490373091353058433692893250
0.2490373091353058433692893250
0.2490373091353058433692893250
0.2490595086203530049684532698
0.2490595086203530049684532698
0.2490595086203530049684532698
0.2489526636654224188087748053
0.2489526636654224188087748053
0.2489526636654224188087748053
0.2489526636654224188087748053
0.2488412456034267812582733435
0.2488412456034267812582733435
0.2488412456034267812582733435
0.2486194303777594248142072043
0.2486194303777594248142072043
0.2486194303777594248142072043
0.2485256584550653272953498806
0.2485256584550653272953498806
0.2485256584550653272953498806
0.2482776978494261810470148746
0.2482776978494261810470148746
0.2482776978494261810470148746
0.2482753980282396149161141627
0.2482753980282396149161141627
0.2482753980282396149161141627
0.2482327273717119099470473330
0.2482327273717119099470473330
0.2482327273717119099470473330
0.2480247858676172488263097685
0.2480247858676172488263097685
0.2480247858676172488263097685
0.2477779671175625182092091796
0.2477779671175625182092091796
0.2477779671175625182092091796
0.2477779671175625182092091796
0.2477327044035257335608320591
0.2477327044035257335608320591
0.2477327044035257335608320591
0.2475774286256479808987646754
0.2475774286256479808987646754
0.2475774286256479808987646754
0.2477725008263262551619492365
0.2477725008263262551619492365
0.2477725008263262551619492365
0.2480252715118485311010087106
0.2480252715118485311010087106
0.2480252715118485311010087106
0.2482688681977021521404439970
0.2482688681977021521404439970
0.2482688681977021521404439970
0.2483287766468494289371760549
0.2483287766468494289371760549
0.2483287766468494289371760549
0.2484587307317000461048095060
0.2484587307317000461048095060
0.2484587307317000461048095060
0.2485217607694626721292022822
0.2485217607694626721292022822
0.2485217607694626721292022822
0.2485217607694626721292022822
0.2486100566882506660276863356
0.2486100566882506660276863356
0.2486100566882506660276863356
0.2486626841207440423427309769
0.2486626841207440423427309769
0.2486626841207440423427309769
0.2485707651189669054030183850
0.2485707651189669054030183850
0.2485707651189669054030183850
0.2486907718915200308136451388
0.2486907718915200308136451388
0.2486907718915200308136451388
0.2486864551223232651030776144
0.2486864551223232651030776144
0.2486864551223232651030776144
0.2489449235830899217671737201
0.2489449235830899217671737201
0.2489449235830899217671737201
0.2490201166740868234575794800
0.2490201166740868234575794800
0.2490201166740868234575794800
0.2490389193962782467537098543
0.2490389193962782467537098543
0.2490389193962782467537098543
0.2491260452761589928213630910
0.2491260452761589928213630910
0.2491260452761589928213630910
0.2491260452761589928213630910
0.2490848124824012188233461123
0.2490848124824012188233461123
0.2490848124824012188233461123
0.2490497542332293287960579188
0.2490497542332293287960579188
0.2490497542332293287960579188
0.2491311021862716090346091892
0.2491311021862716090346091892
0.2491311021862716090346091892
0.2492090374110258917617932169
0.2492090374110258917617932169
0.2492090374110258917617932169
0.2493385232934225352669808962
0.2493385232934225352669808962
0.2493385232934225352669808962
0.2493134610417071546025337535
0.2493134610417071546025337535
0.2493134610417071546025337535
0.2493913499822959196783426929
0.2493913499822959196783426929
0.2493913499822959196783426929
0.2495212321926078509792709980
0.2495212321926078509792709980
0.2495212321926078509792709980
0.2495212321926078509792709980
0.2496741159903479102318751411
0.2496741159903479102318751411
0.2496741159903479102318751411
0.2498641054666681891457026703
0.2498641054666681891457026703
0.2498641054666681891457026703
0.2500524422886693667438095912
0.2500524422886693667438095912
0.2500524422886693667438095912
0.2502173801380342541778680340
0.2502173801380342541778680340
0.2502173801380342541778680340
0.2503494801034123355222664108
0.2503494801034123355222664108
0.2503494801034123355222664108
0.2499983316909533753940669854
0.2499983316909533753940669854
0.2499983316909533753940669854
0.2499541402887199294811219866
0.2499541402887199294811219866
0.2499541402887199294811219866
0.2499012362477014582194275308
0.2499012362477014582194275308
0.2499012362477014582194275308
0.2499012362477014582194275308
0.2499416212935815564648646017
0.2499416212935815564648646017
0.2499416212935815564648646017
0.2501275660892469551450319777
0.2501275660892469551450319777
0.2501275660892469551450319777
0.2501113526980470915979337840
0.2501113526980470915979337840
0.2501113526980470915979337840
0.2498897655691713547524343850
0.2498897655691713547524343850
0.2498897655691713547524343850
0.2500183708454046320096428192
0.2500183708454046320096428192
0.2500183708454046320096428192
0.2500018032566520037997650496
0.2500018032566520037997650496
0.2500018032566520037997650496
0.2499415453755373267858206413
0.2499415453755373267858206413
0.2499415453755373267858206413
0.2501615762768925861976021552
0.2501615762768925861976021552
0.2501615762768925861976021552
0.2500058708591875716412559842
0.2500058708591875716412559842
0.2500058708591875716412559842
0.2500058708591875716412559842
0.2500335058276824311958322672
0.2500335058276824311958322672
0.2500335058276824311958322672
0.2501040460766461227186715034
0.2501040460766461227186715034
0.2501040460766461227186715034
0.2502548018486802444162401889
0.2502548018486802444162401889
0.2502548018486802444162401889
0.2503848727642265223557949633
0.2503848727642265223557949633
0.2503848727642265223557949633
0.2504745619619407304002606171
0.2504745619619407304002606171
0.2504745619619407304002606171
0.2505218155507792016346279530
0.2505958335424200294791588017
0.2505958335424200294791588017
0.2505958335424200294791588017
0.2506460772639268384455748099
0.2506460772639268384455748099
0.2506460772639268384455748099
0.2507038903744088624335609895
0.2507038903744088624335609895
0.2507038903744088624335609895
0.2504178167514094553137760924
0.2504178167514094553137760924
0.2504178167514094553137760924
0.2504367607942775496247165207
0.2504367607942775496247165207
0.2504367607942775496247165207
0.2503334499438695388129560916
0.2503334499438695388129560916
0.2503334499438695388129560916
0.2503570669967224608848138896
0.2503570669967224608848138896
0.2503570669967224608848138896
0.2502656450616820314372911877
0.2502656450616820314372911877
0.2502656450616820314372911877
0.2502656450616820314372911877
0.2503054326661842608944437089
0.2503054326661842608944437089
0.2503054326661842608944437089
0.2502398360703595874546947581
0.2502398360703595874546947581
0.2502398360703595874546947581
0.2502483653907432828996671434
0.2502483653907432828996671434
0.2502483653907432828996671434
0.2502178264613790829390004016
0.2502178264613790829390004016
0.2502178264613790829390004016
0.2503495863791246088568969593
0.2503495863791246088568969593
0.2503495863791246088568969593
0.2502653745134404080565685232
0.2502653745134404080565685232
0.2502653745134404080565685232
0.2501237112647933136462194349
0.2501237112647933136462194349
0.2501237112647933136462194349
0.2500457752317244759104208294
0.2500457752317244759104208294
0.2500457752317244759104208294
0.2500457752317244759104208294
