0.2552472654086038646726578420
0.2552472654086038646726578420
0.2552472654086038646726578420
0.2584972674183511474200568351
0.2584972674183511474200568351
0.2584972674183511474200568351
0.2547761377041532121384178205
0.2547761377041532121384178205
0.2547761377041532121384178205
0.2529232427089121650727425618
0.2529232427089121650727425618
0.2529232427089121650727425618
0.2477503323824505294914628370
0.2477503323824505294914628370
0.2477503323824505294914628370
0.2456541099571018169397341888
0.2456541099571018169397341888
0.2456541099571018169397341888
0.2455145259264788335633252282
0.2455145259264788335633252282
0.2455145259264788335633252282
0.2496745063732782406428207915
0.2496745063732782406428207915
0.2496745063732782406428207915
0.2524275935763588424736925324
0.2524275935763588424736925324
0.2524275935763588424736925324
0.2524275935763588424736925324
0.2523298050115339092218770015
0.2523298050115339092218770015
0.2523298050115339092218770015
0.2523987007362507523790732806
0.2523987007362507523790732806
0.2523987007362507523790732806
0.2491189114841491442378617665
0.2491189114841491442378617665
0.2491189114841491442378617665
0.2484870374639308790444638497
0.2484870374639308790444638497
0.2484870374639308790444638497
0.2467416732881445411295050005
0.2467416732881445411295050005
0.2467416732881445411295050005
0.2458294101009616837490482836
0.2458294101009616837490482836
0.2458294101009616837490482836
0.2443810310771164688533066903
0.2443810310771164688533066903
0.2443810310771164688533066903
0.2451932355979842792741639674
0.2451932355979842792741639674
0.2451932355979842792741639674
0.2451932355979842792741639674
0.2447295196385172228708626825
0.2447295196385172228708626825
0.2447295196385172228708626825
0.2458926633379041049138912397
0.2458926633379041049138912397
0.2458926633379041049138912397
0.2462184986349292426049035681
0.2462184986349292426049035681
0.2462184986349292426049035681
0.2468340049159290779655288728
0.2468340049159290779655288728
0.2468340049159290779655288728
0.2458922253590618815362678209
0.2458922253590618815362678209
0.2458922253590618815362678209
0.2462052767516017721022326886
0.2462052767516017721022326886
0.2462052767516017721022326886
0.2478025498389826420358319275
0.2478025498389826420358319275
0.2478025498389826420358319275
0.2481503663156264025035231587
0.2481503663156264025035231587
0.2481503663156264025035231587
0.2481503663156264025035231587
0.2485171860350133502512509879
0.2485171860350133502512509879
0.2485171860350133502512509879
0.2488610514666456382859655600
0.2488610514666456382859655600
0.2488610514666456382859655600
0.2485279962776607356517315748
0.2485279962776607356517315748
0.2485279962776607356517315748
0.2487303896091046858837040940
0.2487303896091046858837040940
0.2487303896091046858837040940
0.2474565185651440795164374050
0.2474565185651440795164374050
0.2474565185651440795164374050
0.2478015215217201442473792563
0.2478015215217201442473792563
0.2478015215217201442473792563
0.2476080893673042256289641241
0.2476080893673042256289641241
0.2476080893673042256289641241
0.2472724518547993367350203176
0.2472724518547993367350203176
0.2472724518547993367350203176
0.2474168727584006913906297480
0.2474168727584006913906297480
0.2474168727584006913906297480
0.2474168727584006913906297480
0.2472274335920127774232722762
0.2472274335920127774232722762
0.2472274335920127774232722762
0.2468655398645060235963066204
0.2468655398645060235963066204
0.2468655398645060235963066204
0.2469620552400717384336574775
0.2469620552400717384336574775
0.2469620552400717384336574775
0.2471933858469208355706046308
0.2471933858469208355706046308
0.2471933858469208355706046308
0.2466786442300560793361567629
0.2466786442300560793361567629
0.2466786442300560793361567629
0.2473817961541654082470552103
0.2473817961541654082470552103
0.2473817961541654082470552103
0.2471684121908188571878155242
0.2471684121908188571878155242
0.2471684121908188571878155242
0.2478668367740949292310477511
0.2478668367740949292310477511
0.2478668367740949292310477511
0.2478668367740949292310477511
0.2483997384700130414034677565
0.2483997384700130414034677565
0.2483997384700130414034677565
0.2486865845304178873458574404
0.2486865845304178873458574404
0.2486865845304178873458574404
0.2495824727098860342157622549
0.2495824727098860342157622549
0.2495824727098860342157622549
0.2494690795735154430823174822
0.2494690795735154430823174822
0.2494690795735154430823174822
0.2490672961140953745154887763
0.2490672961140953745154887763
0.2490672961140953745154887763
0.2497041102064807967668114951
0.2497041102064807967668114951
0.2497041102064807967668114951
0.2496979780963648724663582665
0.2496979780963648724663582665
0.2496979780963648724663582665
0.2497852686678029360015519792
0.2497852686678029360015519792
0.2497852686678029360015519792
0.2497852686678029360015519792
0.2500936048426915591933733158
0.2500936048426915591933733158
0.2500936048426915591933733158
0.2505385159486104865312971012
0.2505385159486104865312971012
0.2505385159486104865312971012
0.2503428433076826216151340422
0.2503428433076826216151340422
0.2503428433076826216151340422
0.2499702475881546576064126608
0.2499702475881546576064126608
0.2499702475881546576064126608
0.2501469682443110815025382645
0.2501469682443110815025382645
0.2501469682443110815025382645
0.2498157897487553811641198682
0.2498157897487553811641198682
0.2498157897487553811641198682
0.2497060318036478568675428008
0.2497060318036478568675428008
0.2497060318036478568675428008
0.2499198676808309778224159180
0.2499198676808309778224159180
0.2499198676808309778224159180
0.2496838926452766735387919956
0.2496838926452766735387919956
0.2496838926452766735387919956
0.2496838926452766735387919956
0.2494798357587857892362884633
0.2494798357587857892362884633
0.2494798357587857892362884633
0.2493037019185236758749332898
0.2493037019185236758749332898
0.2493037019185236758749332898
0.2490211318183861675194784727
0.2490211318183861675194784727
0.2490211318183861675194784727
0.2490243269329834419591723287
0.2490243269329834419591723287
0.2490243269329834419591723287
0.2488964165964102700838779697
0.2488964165964102700838779697
0.2488964165964102700838779697
0.2488964165964102700838779697
0.2491215072339225545756666479
0.2491215072339225545756666479
0.2491215072339225545756666479
0.2490330825430070984596144893
0.2490330825430070984596144893
0.2490330825430070984596144893
0.2488511390297284049917332036
0.2488511390297284049917332036
0.2488511390297284049917332036
0.2488622945455159128192022971
0.2488622945455159128192022971
0.2488622945455159128192022971
0.2492355497769018422162308133
0.2492355497769018422162308133
0.2492355497769018422162308133
0.2490023779993199255972310275
0.2490023779993199255972310275
0.2490023779993199255972310275
0.2487653610204503227467618363
0.2487653610204503227467618363
0.2487653610204503227467618363
0.2488417314502621046622622502
0.2488417314502621046622622502
0.2488417314502621046622622502
0.2488417314502621046622622502
0.2489038851405910595530120634
0.2489038851405910595530120634
0.2489038851405910595530120634
0.2486573298107016536506469512
0.2486573298107016536506469512
0.2486573298107016536506469512
0.2486245357515827237076425913
0.2486245357515827237076425913
0.2486245357515827237076425913
0.2487759661139655165345976960
0.2487759661139655165345976960
0.2487759661139655165345976960
0.2484576038852516742074900585
0.2484576038852516742074900585
0.2484576038852516742074900585
0.2486092004352129735874662002
0.2486092004352129735874662002
0.2486092004352129735874662002
0.2486649273346623888827355568
0.2486649273346623888827355568
0.2486649273346623888827355568
0.2490703401756714850742197433
0.2490703401756714850742197433
0.2490703401756714850742197433
0.2490703401756714850742197433
0.2490246371798444549592873369
0.2490246371798444549592873369
0.2490246371798444549592873369
0.2493331265185130577323630465
0.2493331265185130577323630465
0.2493331265185130577323630465
0.2490790519689069796601217979
0.2490790519689069796601217979
0.2490790519689069796601217979
0.2487546420619882466806166819
0.2487546420619882466806166819
0.2487546420619882466806166819
0.2488973092934752046528270019
0.2488973092934752046528270019
0.2488973092934752046528270019
0.2491494715666644408937492457
0.2491494715666644408937492457
0.2491494715666644408937492457
0.2493977889849422974532167213
0.2493977889849422974532167213
0.2493977889849422974532167213
0.2493034644858005620108703862
0.2493034644858005620108703862
0.2493034644858005620108703862
0.2492375212720330920784018197
0.2492375212720330920784018197
0.2492375212720330920784018197
0.2492375212720330920784018197
0.2492137799793227101505393403
0.2492137799793227101505393403
0.2492137799793227101505393403
0.2493248100683957620260164552
0.2493248100683957620260164552
0.2493248100683957620260164552
0.2494537084342586840620811140
0.2494537084342586840620811140
0.2494537084342586840620811140
0.2495716605674561814932259804
0.2495716605674561814932259804
0.2495716605674561814932259804
0.2497448863837014444371700500
0.2497448863837014444371700500
0.2497448863837014444371700500
0.2496206992022141554085624728
0.2496206992022141554085624728
0.2496206992022141554085624728
0.2496713461067417890652496959
0.2496713461067417890652496959
0.2496713461067417890652496959
0.2493079338026313942051485844
0.2493079338026313942051485844
0.2493079338026313942051485844
0.2493079338026313942051485844
0.2493806375572262887277701031
0.2493806375572262887277701031
0.2493806375572262887277701031
0.2488579646439986882289082450
0.2488579646439986882289082450
0.2488579646439986882289082450
0.2490501893404271444307174793
0.2490501893404271444307174793
0.2490501893404271444307174793
0.2485817334641030260723318145
0.2485817334641030260723318145
0.2485817334641030260723318145
0.2485491461513143345156167383
0.2485491461513143345156167383
0.2485491461513143345156167383
0.2485575840966343913822231807
0.2485575840966343913822231807
0.2485575840966343913822231807
0.2486735092562873576500348319
0.2486735092562873576500348319
0.2486735092562873576500348319
0.2486828617954576361628788744
0.2486828617954576361628788744
0.2486828617954576361628788744
0.2486828617954576361628788744
0.2486724711658829589879387896
0.2486724711658829589879387896
0.2486724711658829589879387896
0.2485283047394580039528708651
0.2485283047394580039528708651
0.2485283047394580039528708651
0.2484017912912994147438737214
0.2484017912912994147438737214
0.2484017912912994147438737214
0.2484334168688837474019216754
0.2484334168688837474019216754
0.2484334168688837474019216754
0.2483183531385313509061221119
0.2483183531385313509061221119
0.2483183531385313509061221119
0.2485125874928981420036472440
0.2485125874928981420036472440
0.2485125874928981420036472440
0.2484541314774595853574938512
0.2484541314774595853574938512
0.2484541314774595853574938512
0.2481697715650929791732788262
0.2481697715650929791732788262
0.2481697715650929791732788262
0.2481693976270175397812350563
0.2481693976270175397812350563
0.2481693976270175397812350563
0.2481693976270175397812350563
0.2480579165595562027974524721
0.2480579165595562027974524721
0.2480579165595562027974524721
0.2478998909543195970005969184
0.2478998909543195970005969184
0.2478998909543195970005969184
0.2476281758795194772378787023
0.2476281758795194772378787023
0.2476281758795194772378787023
0.2478231076809020478942218177
0.2478231076809020478942218177
0.2478231076809020478942218177
0.2477415953244183017945723164
0.2477415953244183017945723164
0.2477415953244183017945723164
0.2478543767749012194788231325
0.2478543767749012194788231325
0.2478543767749012194788231325
0.2478511272603743003255196237
0.2478511272603743003255196237
0.2478511272603743003255196237
0.2476938830302595497357165508
0.2476938830302595497357165508
0.2476938830302595497357165508
0.2476938830302595497357165508
0.2478461523686462416324902091
0.2478461523686462416324902091
0.2478461523686462416324902091
0.2477501037521612036270300066
0.2477501037521612036270300066
0.2477501037521612036270300066
0.2479308743257912060037700607
0.2479308743257912060037700607
0.2479308743257912060037700607
0.2478454976791905541827704688
0.2478454976791905541827704688
0.2478454976791905541827704688
0.2476672186855068558965649626
0.2476672186855068558965649626
0.2476672186855068558965649626
0.2479727561749513783571510506
0.2479727561749513783571510506
0.2479727561749513783571510506
0.2482627002581608666046614961
0.2482627002581608666046614961
0.2482627002581608666046614961
0.2481956593024670303031748586
0.2481956593024670303031748586
0.2481956593024670303031748586
0.2481956593024670303031748586
0.2484747867061556063579463666
0.2484747867061556063579463666
0.2484747867061556063579463666
0.2485964774225742840957555450
0.2485964774225742840957555450
0.2485964774225742840957555450
0.2485429081687658836603134936
0.2485429081687658836603134936
0.2485429081687658836603134936
0.2486577224800968089230436156
0.2486577224800968089230436156
0.2486577224800968089230436156
0.2487914176660471090212022125
0.2487914176660471090212022125
0.2487914176660471090212022125
0.2484810009454366304202277902
0.2484810009454366304202277902
0.2484810009454366304202277902
0.2486828588501560878864689865
0.2486828588501560878864689865
0.2486828588501560878864689865
0.2486262166616389473705182974
0.2486262166616389473705182974
0.2486262166616389473705182974
0.2485906902935297385486162499
0.2485906902935297385486162499
0.2485906902935297385486162499
0.2485906902935297385486162499
0.2487645541301626495148361059
0.2487645541301626495148361059
0.2487645541301626495148361059
0.2487536152183877277738187316
0.2487536152183877277738187316
0.2487536152183877277738187316
0.2486878489524935897422239728
0.2486878489524935897422239728
0.2486878489524935897422239728
0.2485991405256277243317296685
0.2485991405256277243317296685
0.2485991405256277243317296685
0.2487105340947349841521385497
0.2487105340947349841521385497
0.2487105340947349841521385497
0.2487384302512821175931922070
0.2486377587533158369293475230
0.2486377587533158369293475230
0.2486377587533158369293475230
0.2485997326630002005809058919
0.2485997326630002005809058919
0.2485997326630002005809058919
0.2487490799639393183751052755
0.2487490799639393183751052755
0.2487490799639393183751052755
0.2486879738272134351328584685
0.2486879738272134351328584685
0.2486879738272134351328584685
0.2487453780292287833699364200
0.2487453780292287833699364200
0.2487453780292287833699364200
0.2488605942632333739445923229
0.2488605942632333739445923229
0.2488605942632333739445923229
0.2488595461945560676456216818
0.2488595461945560676456216818
0.2488595461945560676456216818
0.2488342588587024036595914051
0.2488342588587024036595914051
0.2488342588587024036595914051
0.2488342588587024036595914051
0.2490375121551139050874250047
0.2490375121551139050874250047
0.2490375121551139050874250047
0.2491230113512012227483858667
0.2491230113512012227483858667
0.2491230113512012227483858667
0.2491495806873524666909282813
0.2491495806873524666909282813
0.2491495806873524666909282813
0.2492416598623741139924617560
0.2492416598623741139924617560
0.2492416598623741139924617560
0.2495409562343796508124585943
0.2495409562343796508124585943
0.2495409562343796508124585943
0.2495281429253744096313107934
0.2495281429253744096313107934
0.2495281429253744096313107934
0.2494238752431032705782564872
0.2494238752431032705782564872
0.2494238752431032705782564872
0.2491330982793900123027308267
0.2491330982793900123027308267
0.2491330982793900123027308267
0.2491330982793900123027308267
