0.2685381848753741977667457681
0.2685381848753741977667457681
0.2685381848753741977667457681
0.2605619034898606370349419857
0.2605619034898606370349419857
0.2605619034898606370349419857
0.2741505820942791089253998414
0.2741505820942791089253998414
0.2741505820942791089253998414
0.2701997201170790141497378073
0.2701997201170790141497378073
0.2701997201170790141497378073
0.2732417206691011046880478589
0.2732417206691011046880478589
0.2732417206691011046880478589
0.2737441856338345026358659303
0.2737441856338345026358659303
0.2737441856338345026358659303
0.2750509263596717202197651012
0.2750509263596717202197651012
0.2750509263596717202197651012
0.2734294924321770114553304271
0.2734294924321770114553304271
0.2734294924321770114553304271
0.2691553884493943845729708096
0.2691553884493943845729708096
0.2691553884493943845729708096
0.2691553884493943845729708096
0.2686565623675882674277038134
0.2686565623675882674277038134
0.2686565623675882674277038134
0.2664308868531354687374927064
0.2664308868531354687374927064
0.2664308868531354687374927064
0.2663941519380841887750262022
0.2663941519380841887750262022
0.2663941519380841887750262022
0.2660060152863125732116232033
0.2660060152863125732116232033
0.2660060152863125732116232033
0.2664062738441308764638042208
0.2664062738441308764638042208
0.2664062738441308764638042208
0.2647627891011391781943856016
0.2647627891011391781943856016
0.2647627891011391781943856016
0.2631540281693208464469978478
0.2631540281693208464469978478
0.2631540281693208464469978478
0.2606553270595704791454093867
0.2606553270595704791454093867
0.2606553270595704791454093867
0.2606553270595704791454093867
0.2591048863511408242397881309
0.2591048863511408242397881309
0.2591048863511408242397881309
0.2581807183023816632653496351
0.2581807183023816632653496351
0.2581807183023816632653496351
0.2578031317154517410398370104
0.2578031317154517410398370104
0.2578031317154517410398370104
0.2579498788019252972813682487
0.2579498788019252972813682487
0.2579498788019252972813682487
0.2578582291501777114325703727
0.2578582291501777114325703727
0.2578582291501777114325703727
0.2575816342180862157284143092
0.2575816342180862157284143092
0.2575816342180862157284143092
0.2566123994637508902318246769
0.2566123994637508902318246769
0.2566123994637508902318246769
0.2557154382528921832731855701
0.2557154382528921832731855701
0.2557154382528921832731855701
0.2557154382528921832731855701
0.2556788529050967189185353249
0.2556788529050967189185353249
0.2556788529050967189185353249
0.2551401480253807007209137737
0.2551401480253807007209137737
0.2551401480253807007209137737
0.2553040716006539887670606425
0.2553040716006539887670606425
0.2553040716006539887670606425
0.2548237703279503614419513967
0.2548237703279503614419513967
0.2548237703279503614419513967
0.2533573015136160251123922653
0.2533573015136160251123922653
0.2533573015136160251123922653
0.2522524847276731214775631504
0.2522524847276731214775631504
0.2522524847276731214775631504
0.2518684422778067333370717030
0.2518684422778067333370717030
0.2518684422778067333370717030
0.2520675761553325628621259630
0.2520675761553325628621259630
0.2520675761553325628621259630
0.2526444900445126295347085035
0.2526444900445126295347085035
0.2526444900445126295347085035
0.2526444900445126295347085035
0.2532758575363655071363683857
0.2532758575363655071363683857
0.2532758575363655071363683857
0.2535483831050595446275559381
0.2535483831050595446275559381
0.2535483831050595446275559381
0.2530658719805480086939592595
0.2530658719805480086939592595
0.2530658719805480086939592595
0.2523655661081603484325649068
0.2523655661081603484325649068
0.2523655661081603484325649068
0.2517733001193838248154473401
0.2517733001193838248154473401
0.2517733001193838248154473401
0.2519220996109621344694272463
0.2519220996109621344694272463
0.2519220996109621344694272463
0.2524565509640773270163385300
0.2524565509640773270163385300
0.2524565509640773270163385300
0.2522613931599239723310789253
0.2522613931599239723310789253
0.2522613931599239723310789253
0.2522613931599239723310789253
0.2516926781929099112608056930
0.2516926781929099112608056930
0.2516926781929099112608056930
0.2518142354841369051535838846
0.2518142354841369051535838846
0.2518142354841369051535838846
0.2511972780418838316709649639
0.2511972780418838316709649639
0.2511972780418838316709649639
0.2517649837849095090698033597
0.2517649837849095090698033597
0.2517649837849095090698033597
0.2518851198463752845708416365
0.2518851198463752845708416365
0.2518851198463752845708416365
0.2513950270224548808273168491
0.2513950270224548808273168491
0.2513950270224548808273168491
0.2507082162087616546953183380
0.2507082162087616546953183380
0.2507082162087616546953183380
0.2507254320375543593792878414
0.2507254320375543593792878414
0.2507254320375543593792878414
0.2507254320375543593792878414
0.2505897884705543382003792848
0.2505897884705543382003792848
0.2505897884705543382003792848
0.2507365078356814751765098222
0.2507365078356814751765098222
0.2507365078356814751765098222
0.2509852095360870745124824147
0.2509852095360870745124824147
0.2509852095360870745124824147
0.2513235285140272758372096376
0.2513235285140272758372096376
0.2513235285140272758372096376
0.2520605675244991638905701068
0.2520605675244991638905701068
0.2520605675244991638905701068
0.2519312351471544830365956447
0.2519312351471544830365956447
0.2519312351471544830365956447
0.2522253441262425241240372813
0.2522253441262425241240372813
0.2522253441262425241240372813
0.2524023231296167774225068431
0.2524023231296167774225068431
0.2524023231296167774225068431
0.2523263207424061429874011848
0.2523263207424061429874011848
0.2523263207424061429874011848
0.2523263207424061429874011848
0.2522795685480327713502514279
0.2522795685480327713502514279
0.2522795685480327713502514279
0.2522029372481261440351387831
0.2522029372481261440351387831
0.2522029372481261440351387831
0.2516032035978738808757486914
0.2516032035978738808757486914
0.2516032035978738808757486914
0.2512181964638513599352956520
0.2512181964638513599352956520
0.2512181964638513599352956520
0.2509419526522400979947524673
0.2509419526522400979947524673
0.2509419526522400979947524673
0.2509471758648478171549516632
0.2507305945486109483936755844
0.2507305945486109483936755844
0.2507305945486109483936755844
0.2506403340149507545537948241
0.2506403340149507545537948241
0.2506403340149507545537948241
0.2501955305354623999795030456
0.2501955305354623999795030456
0.2501955305354623999795030456
0.2500055636934199024316551037
0.2500055636934199024316551037
0.2500055636934199024316551037
0.2504312771269886229615321057
0.2504312771269886229615321057
0.2504312771269886229615321057
0.2510091446528641170186076281
0.2510091446528641170186076281
0.2510091446528641170186076281
0.2511054161533246944402739931
0.2511054161533246944402739931
0.2511054161533246944402739931
0.2508991715219007622863365365
0.2508991715219007622863365365
0.2508991715219007622863365365
0.2508991715219007622863365365
0.2506893848188400577646561282
0.2506893848188400577646561282
0.2506893848188400577646561282
0.2504325148585327586874636948
0.2504325148585327586874636948
0.2504325148585327586874636948
0.2506975989363838902429529164
0.2506975989363838902429529164
0.2506975989363838902429529164
0.2502060027184241160382439553
0.2502060027184241160382439553
0.2502060027184241160382439553
0.2499316983948127647421489601
0.2499316983948127647421489601
0.2499316983948127647421489601
0.2499991886376232534839719662
0.2499991886376232534839719662
0.2499991886376232534839719662
0.2500977376050848974116836730
0.2500977376050848974116836730
0.2500977376050848974116836730
0.2497769210455843563286457206
0.2497769210455843563286457206
0.2497769210455843563286457206
0.2497769210455843563286457206
0.2497960706114500223052638220
0.2497960706114500223052638220
0.2497960706114500223052638220
0.2498683833497907749444356166
0.2498683833497907749444356166
0.2498683833497907749444356166
0.2498739517078391925584737862
0.2498739517078391925584737862
0.2498739517078391925584737862
0.2498751829764272790252275946
0.2498751829764272790252275946
0.2498751829764272790252275946
0.2496758521076155266358234672
0.2496758521076155266358234672
0.2496758521076155266358234672
0.2496108022378734556871349402
0.2496108022378734556871349402
0.2496108022378734556871349402
0.2496790341348837913019303824
0.2496790341348837913019303824
0.2496790341348837913019303824
0.2496555522939793992974167161
0.2496555522939793992974167161
0.2496555522939793992974167161
0.2497959330144895222296842375
0.2497959330144895222296842375
0.2497959330144895222296842375
0.2497959330144895222296842375
0.2497923356730897086816720588
0.2497923356730897086816720588
0.2497923356730897086816720588
0.2494798319502605162401560142
0.2494798319502605162401560142
0.2494798319502605162401560142
0.2492688406535612028002878890
0.2492688406535612028002878890
0.2492688406535612028002878890
0.2492105646408012400276332878
0.2492105646408012400276332878
0.2492105646408012400276332878
0.2492729786422152701362643696
0.2492729786422152701362643696
0.2492729786422152701362643696
0.2492278809916386452686294139
0.2492278809916386452686294139
0.2492278809916386452686294139
0.2492337746980294482078709690
0.2492337746980294482078709690
0.2492337746980294482078709690
0.2492975675411226083854108265
0.2492975675411226083854108265
0.2492975675411226083854108265
0.2492975675411226083854108265
0.2492245192023224838553655798
0.2492245192023224838553655798
0.2492245192023224838553655798
0.2493653179638355710059132551
0.2493653179638355710059132551
0.2493653179638355710059132551
0.2493348489485068217038534002
0.2493348489485068217038534002
0.2493348489485068217038534002
0.2492891827327076112324301868
0.2492891827327076112324301868
0.2492891827327076112324301868
0.2494017195542788298056507948
0.2494017195542788298056507948
0.2494017195542788298056507948
0.2493486989129643643290048987
0.2493486989129643643290048987
0.2493486989129643643290048987
0.2494665361707009807192321569
0.2494665361707009807192321569
0.2494665361707009807192321569
0.2491376415760217788516230158
0.2491376415760217788516230158
0.2491376415760217788516230158
0.2491376415760217788516230158
0.2491384582821219418211136645
0.2491384582821219418211136645
0.2491384582821219418211136645
0.2493083193378107958647041226
0.2493083193378107958647041226
0.2493083193378107958647041226
0.2491191555822826864926740976
0.2491191555822826864926740976
0.2491191555822826864926740976
0.2491600169891199867315831907
0.2491600169891199867315831907
0.2491600169891199867315831907
0.2492555556903432106532263328
0.2492555556903432106532263328
0.2492555556903432106532263328
0.2492769545106962590053102835
0.2492769545106962590053102835
0.2492769545106962590053102835
0.2493562671087167861924580734
0.2493562671087167861924580734
0.2493562671087167861924580734
0.2489574234001024157016285826
0.2489574234001024157016285826
0.2489574234001024157016285826
0.2490538257544512228429306942
0.2490538257544512228429306942
0.2490538257544512228429306942
0.2490538257544512228429306942
0.2490791831251951434415068785
0.2490791831251951434415068785
0.2490791831251951434415068785
0.2489866558444035967093250002
0.2489866558444035967093250002
0.2489866558444035967093250002
0.2489262432508743903798461308
0.2489262432508743903798461308
0.2489262432508743903798461308
0.2486981896441453647766908731
0.2486981896441453647766908731
0.2486981896441453647766908731
0.2486508664632136943939357010
0.2486508664632136943939357010
0.2486508664632136943939357010
0.2487055332872357499337335045
0.2487055332872357499337335045
0.2487055332872357499337335045
0.2487692790255152742327983612
0.2487692790255152742327983612
0.2487692790255152742327983612
0.2485525911041661624130305733
0.2485525911041661624130305733
0.2485525911041661624130305733
0.2485525911041661624130305733
0.2486603199905716745654426900
0.2486603199905716745654426900
0.2486603199905716745654426900
0.2487553328303402238074329584
0.2487553328303402238074329584
0.2487553328303402238074329584
0.2488652163640644951786169314
0.2488652163640644951786169314
0.2488652163640644951786169314
0.2489269101314429415581809037
0.2489269101314429415581809037
0.2489269101314429415581809037
0.2488152735964497075408906695
0.2488152735964497075408906695
0.2488152735964497075408906695
0.2488955188769929627952895277
0.2488955188769929627952895277
0.2488955188769929627952895277
0.2487598657410156946848257711
0.2487598657410156946848257711
0.2487598657410156946848257711
0.2486851795307231860320288022
0.2486851795307231860320288022
0.2486851795307231860320288022
0.2486851795307231860320288022
0.2489508491158459924837473639
0.2489508491158459924837473639
0.2489508491158459924837473639
0.2488673093958100163498164802
0.2488673093958100163498164802
0.2488673093958100163498164802
0.2489461782940296974902775876
0.2489461782940296974902775876
0.2489461782940296974902775876
0.2488776588069423220727125483
0.2488776588069423220727125483
0.2488776588069423220727125483
0.2488758505585581668345968653
0.2488758505585581668345968653
0.2488758505585581668345968653
0.2488180376555306326690780400
0.2488180376555306326690780400
0.2488180376555306326690780400
0.2490164274462024237508055840
0.2490164274462024237508055840
0.2490164274462024237508055840
0.2490030206022265476855376268
0.2490030206022265476855376268
0.2490030206022265476855376268
0.2492821295868275472690130869
0.2492821295868275472690130869
0.2492821295868275472690130869
0.2492821295868275472690130869
0.2491864669702746792568619819
0.2491864669702746792568619819
0.2491864669702746792568619819
0.2492182804719032185257503355
0.2492182804719032185257503355
0.2492182804719032185257503355
0.2491817460610701072800745668
0.2491817460610701072800745668
0.2491817460610701072800745668
0.2492667819385629695791674035
0.2492667819385629695791674035
0.2492667819385629695791674035
0.2492855130003964222117597349
0.2492855130003964222117597349
0.2492855130003964222117597349
0.2492932383487742091221970844
0.2493846503456048387259872965
0.2493846503456048387259872965
0.2493846503456048387259872965
0.2494359612359604045787613655
0.2494359612359604045787613655
0.2494359612359604045787613655
0.2494385978282662641668140798
0.2494385978282662641668140798
0.2494385978282662641668140798
0.2494092909626863256184074693
0.2494092909626863256184074693
0.2494092909626863256184074693
0.2494157324823891657985397116
0.2494157324823891657985397116
0.2494157324823891657985397116
0.2494636277778517305323419647
0.2494636277778517305323419647
0.2494636277778517305323419647
0.2496329706486332907525841992
0.2496329706486332907525841992
0.2496329706486332907525841992
0.2496567248135022946125417936
0.2496567248135022946125417936
0.2496567248135022946125417936
0.2496567248135022946125417936
0.2494891117916495311588250364
0.2494891117916495311588250364
0.2494891117916495311588250364
0.2494111617775201505770852607
0.2494111617775201505770852607
0.2494111617775201505770852607
0.2493326104580033690565251803
0.2493326104580033690565251803
0.2493326104580033690565251803
0.2493441262022929458614999129
0.2493441262022929458614999129
0.2493441262022929458614999129
0.2493243250054178875626719258
0.2493243250054178875626719258
0.2493243250054178875626719258
0.2493744858543997663033842847
0.2493744858543997663033842847
0.2493744858543997663033842847
0.2491606967267789711868350728
0.2491606967267789711868350728
0.2491606967267789711868350728
0.2489600818004514902938630211
0.2489600818004514902938630211
0.2489600818004514902938630211
0.2489600818004514902938630211
