0.00004966126404515638942005964540
0.00004966126404515638942005964540
0.00004966126404515638942005964540
0.00004831007563546125684308520383
0.00004831007563546125684308520383
0.00004831007563546125684308520383
0.00004463716374247405189377371418
0.00004463716374247405189377371418
0.00004463716374247405189377371418
0.00004265549559680390126683293263
0.00004265549559680390126683293263
0.00004265549559680390126683293263
0.00004089186577773627924446111757
0.00004089186577773627924446111757
0.00004089186577773627924446111757
0.00004485581284806787934522524560
0.00004485581284806787934522524560
0.00004485581284806787934522524560
0.00004564085415192846623856734044
0.00004564085415192846623856734044
0.00004564085415192846623856734044
0.00004739142977335771767821628858
0.00004739142977335771767821628858
0.00004739142977335771767821628858
0.00004866390263832512142108731472
0.00004866390263832512142108731472
0.00004866390263832512142108731472
0.00004866390263832512142108731472
0.00004763552554047210047680040903
0.00004763552554047210047680040903
0.00004763552554047210047680040903
0.00004747081202966876319212478412
0.00004747081202966876319212478412
0.00004747081202966876319212478412
0.00004663398507632128132526728181
0.00004663398507632128132526728181
0.00004663398507632128132526728181
0.00004697494774423312892658366328
0.00004697494774423312892658366328
0.00004697494774423312892658366328
0.00004647351435159101071908697707
0.00004647351435159101071908697707
0.00004647351435159101071908697707
0.00004557401349943234402661937734
0.00004557401349943234402661937734
0.00004557401349943234402661937734
0.00004517859974719715722140179876
0.00004517859974719715722140179876
0.00004517859974719715722140179876
0.00004539082852850106123247095273
0.00004539082852850106123247095273
0.00004539082852850106123247095273
0.00004539082852850106123247095273
0.00004469990954639894138062804090
0.00004469990954639894138062804090
0.00004469990954639894138062804090
0.00004560702368379845895469404497
0.00004560702368379845895469404497
0.00004560702368379845895469404497
0.00004616216265064506874628998626
0.00004616216265064506874628998626
0.00004616216265064506874628998626
0.00004589080473197805024405860671
0.00004589080473197805024405860671
0.00004589080473197805024405860671
0.00004522124157360529830027414275
0.00004522124157360529830027414275
0.00004522124157360529830027414275
0.00004512292173890205502416995092
0.00004512292173890205502416995092
0.00004512292173890205502416995092
0.00004537076418620376555972122710
0.00004537076418620376555972122710
0.00004537076418620376555972122710
0.00004581550981502771189768964769
0.00004581550981502771189768964769
0.00004581550981502771189768964769
0.00004581550981502771189768964769
0.00004584619197056375260598268068
0.00004584619197056375260598268068
0.00004584619197056375260598268068
0.00004629608389702183500645285152
0.00004629608389702183500645285152
0.00004629608389702183500645285152
0.00004683363201076378753987824120
0.00004683363201076378753987824120
0.00004683363201076378753987824120
0.00004681263400369828276236592967
0.00004681263400369828276236592967
0.00004681263400369828276236592967
0.00004686852978197720417432813734
0.00004686852978197720417432813734
0.00004686852978197720417432813734
0.00004743211999270641942419946803
0.00004743211999270641942419946803
0.00004743211999270641942419946803
0.00004718862866673996740613489648
0.00004718862866673996740613489648
0.00004718862866673996740613489648
0.00004656828597007848541896679038
0.00004656828597007848541896679038
0.00004656828597007848541896679038
0.00004662977975639298759830833060
0.00004662977975639298759830833060
0.00004662977975639298759830833060
0.00004662977975639298759830833060
0.00004634593860923165251557773703
0.00004634593860923165251557773703
0.00004634593860923165251557773703
0.00004617491086405860265271467068
0.00004617491086405860265271467068
0.00004617491086405860265271467068
0.00004687151321809862703111114089
0.00004687151321809862703111114089
0.00004687151321809862703111114089
0.00004650485196376210905573230986
0.00004650485196376210905573230986
0.00004650485196376210905573230986
0.00004620563326774413609518071956
0.00004620563326774413609518071956
0.00004620563326774413609518071956
0.00004606510395965314296976889977
0.00004606510395965314296976889977
0.00004606510395965314296976889977
0.00004647671546043368568358584305
0.00004647671546043368568358584305
0.00004647671546043368568358584305
0.00004661875045838285840864586329
0.00004661875045838285840864586329
0.00004661875045838285840864586329
0.00004661875045838285840864586329
0.00004661087700323257584284018702
0.00004661087700323257584284018702
0.00004661087700323257584284018702
0.00004625668504765692832782468931
0.00004625668504765692832782468931
0.00004625668504765692832782468931
0.00004599739668013043340661654830
0.00004599739668013043340661654830
0.00004599739668013043340661654830
0.00004577789687201747421275320538
0.00004577789687201747421275320538
0.00004577789687201747421275320538
0.00004574260618938135071907101496
0.00004574260618938135071907101496
0.00004574260618938135071907101496
0.00004564401139377336007648297513
0.00004564401139377336007648297513
0.00004564401139377336007648297513
0.00004527091162921899794911779825
0.00004527091162921899794911779825
0.00004527091162921899794911779825
0.00004528383714645800475287922904
0.00004528383714645800475287922904
0.00004528383714645800475287922904
0.00004528383714645800475287922904
0.00004511125045982895850237173551
0.00004511125045982895850237173551
0.00004511125045982895850237173551
0.00004557368889098796479379707379
0.00004557368889098796479379707379
0.00004557368889098796479379707379
0.00004563403428704960637289683147
0.00004563403428704960637289683147
0.00004563403428704960637289683147
0.00004588764577651566979783150826
0.00004588764577651566979783150826
0.00004588764577651566979783150826
0.00004589666005427111702592406149
0.00004589666005427111702592406149
0.00004589666005427111702592406149
0.00004574910504546685386592680247
0.00004574910504546685386592680247
0.00004574910504546685386592680247
0.00004553614004848606057885140139
0.00004553614004848606057885140139
0.00004553614004848606057885140139
0.00004560426983502535235498320259
0.00004560426983502535235498320259
0.00004560426983502535235498320259
0.00004551283231837081008749809822
0.00004551283231837081008749809822
0.00004551283231837081008749809822
0.00004551283231837081008749809822
0.00004548490080865957530351737156
0.00004548490080865957530351737156
0.00004548490080865957530351737156
0.00004549750944914660782182973013
0.00004549750944914660782182973013
0.00004549750944914660782182973013
0.00004536711135754436241291716182
0.00004536711135754436241291716182
0.00004536711135754436241291716182
0.00004526859758750574868232129948
0.00004526859758750574868232129948
0.00004526859758750574868232129948
0.00004532163581132302119719933953
0.00004532163581132302119719933953
0.00004532163581132302119719933953
0.00004528931215915467688291237400
0.00004528168135023922162077428005
0.00004528168135023922162077428005
0.00004528168135023922162077428005
0.00004543781849918730129633236129
0.00004543781849918730129633236129
0.00004543781849918730129633236129
0.00004538976676120906030292060984
0.00004538976676120906030292060984
0.00004538976676120906030292060984
0.00004549048973530364338751860406
0.00004549048973530364338751860406
0.00004549048973530364338751860406
0.00004551930513766744760425913106
0.00004551930513766744760425913106
0.00004551930513766744760425913106
0.00004546458797657101585694994624
0.00004546458797657101585694994624
0.00004546458797657101585694994624
0.00004528949828433346503288615767
0.00004528949828433346503288615767
0.00004528949828433346503288615767
0.00004529333974046154190285877467
0.00004529333974046154190285877467
0.00004529333974046154190285877467
0.00004529333974046154190285877467
0.00004535459624707687981742698028
0.00004535459624707687981742698028
0.00004535459624707687981742698028
0.00004531527800660270580232157812
0.00004531527800660270580232157812
0.00004531527800660270580232157812
0.00004523604640629605623114361600
0.00004523604640629605623114361600
0.00004523604640629605623114361600
0.00004531101721415890183197234348
0.00004531101721415890183197234348
0.00004531101721415890183197234348
0.00004549997897504421960933155502
0.00004549997897504421960933155502
0.00004549997897504421960933155502
0.00004550221685992709665967200867
0.00004550221685992709665967200867
0.00004550221685992709665967200867
0.00004538654897351916630723887460
0.00004538654897351916630723887460
0.00004538654897351916630723887460
0.00004539611395617122396189756002
0.00004539611395617122396189756002
0.00004539611395617122396189756002
0.00004539611395617122396189756002
