0.00003171319099705007946430899618
0.00003171319099705007946430899618
0.00003171319099705007946430899618
0.00003178112269230575645831222741
0.00003178112269230575645831222741
0.00003178112269230575645831222741
0.00003567046893158260613720802443
0.00003567046893158260613720802443
0.00003567046893158260613720802443
0.00003786124852847457645471086345
0.00003786124852847457645471086345
0.00003786124852847457645471086345
0.00003787307775641158525296485907
0.00003787307775641158525296485907
0.00003787307775641158525296485907
0.00003686942957772442026321363183
0.00003686942957772442026321363183
0.00003686942957772442026321363183
0.00003830088171794453840532531868
0.00003830088171794453840532531868
0.00003830088171794453840532531868
0.00003738964536362128339586230508
0.00003738964536362128339586230508
0.00003738964536362128339586230508
0.00003722887802801340585099858222
0.00003722887802801340585099858222
0.00003722887802801340585099858222
0.00003722887802801340585099858222
0.00003775704373002876403622433347
0.00003775704373002876403622433347
0.00003775704373002876403622433347
0.00003818153987941123429249806483
0.00003818153987941123429249806483
0.00003818153987941123429249806483
0.00003848222076425231071697498368
0.00003848222076425231071697498368
0.00003848222076425231071697498368
0.00003976979472918756048289275537
0.00003976979472918756048289275537
0.00003976979472918756048289275537
0.00004004189002780239842127863011
0.00004004189002780239842127863011
0.00004004189002780239842127863011
0.00003926265089293953039658391173
0.00003926265089293953039658391173
0.00003926265089293953039658391173
0.00003923320244496573751361913426
0.00003923320244496573751361913426
0.00003923320244496573751361913426
0.00004024389091262375440441686968
0.00004024389091262375440441686968
0.00004024389091262375440441686968
0.00004024389091262375440441686968
0.00004091975499099683480484049425
0.00004091975499099683480484049425
0.00004091975499099683480484049425
0.00004087664841574699709910421239
0.00004087664841574699709910421239
0.00004087664841574699709910421239
0.00004100619345521603188486045443
0.00004100619345521603188486045443
0.00004100619345521603188486045443
0.00004096551974396953697786076874
0.00004096551974396953697786076874
0.00004096551974396953697786076874
0.00004171676149752919791790854425
0.00004171676149752919791790854425
0.00004171676149752919791790854425
0.00004167490815517891148748251457
0.00004167490815517891148748251457
0.00004167490815517891148748251457
0.00004218922662369990618537058475
0.00004218922662369990618537058475
0.00004218922662369990618537058475
0.00004226917422005423501477911652
0.00004226917422005423501477911652
0.00004226917422005423501477911652
0.00004226917422005423501477911652
0.00004245847131317436399440422058
0.00004245847131317436399440422058
0.00004245847131317436399440422058
0.00004244205234721525730108939773
0.00004244205234721525730108939773
0.00004244205234721525730108939773
0.00004247247235265253684098508680
0.00004247247235265253684098508680
0.00004247247235265253684098508680
0.00004245135566540866692501349816
0.00004245135566540866692501349816
0.00004245135566540866692501349816
0.00004275567584723568580428094067
0.00004275567584723568580428094067
0.00004275567584723568580428094067
0.00004241484726912557857704844216
0.00004241484726912557857704844216
0.00004241484726912557857704844216
0.00004249553883134775901613252372
0.00004249553883134775901613252372
0.00004249553883134775901613252372
0.00004248214824186314700528395663
0.00004248214824186314700528395663
0.00004248214824186314700528395663
0.00004242424918922959813016856736
0.00004242424918922959813016856736
0.00004242424918922959813016856736
0.00004242424918922959813016856736
0.00004265416818675037625614245465
0.00004265416818675037625614245465
0.00004265416818675037625614245465
0.00004290266684550240892002554323
0.00004290266684550240892002554323
0.00004290266684550240892002554323
0.00004274955259247981147706512950
0.00004274955259247981147706512950
0.00004274955259247981147706512950
0.00004255666227958601940444644125
0.00004255666227958601940444644125
0.00004255666227958601940444644125
0.00004258312558838174518146407556
0.00004258312558838174518146407556
0.00004258312558838174518146407556
0.00004290303357638127837185853982
0.00004290303357638127837185853982
0.00004290303357638127837185853982
0.00004276104049493745998066887656
0.00004276104049493745998066887656
0.00004276104049493745998066887656
0.00004269847291674244295579186815
0.00004269847291674244295579186815
0.00004269847291674244295579186815
0.00004269847291674244295579186815
0.00004266278343426266466361396251
0.00004266278343426266466361396251
0.00004266278343426266466361396251
0.00004280073032332078053490014997
0.00004280073032332078053490014997
0.00004280073032332078053490014997
0.00004258565719918247134990671442
0.00004258565719918247134990671442
0.00004258565719918247134990671442
0.00004254389042923783549433424710
0.00004254389042923783549433424710
0.00004254389042923783549433424710
0.00004281751605771035517650082349
0.00004281751605771035517650082349
0.00004281751605771035517650082349
0.00004302407640665386406210029106
0.00004302407640665386406210029106
0.00004302407640665386406210029106
0.00004287821179010601195845882238
0.00004287821179010601195845882238
0.00004287821179010601195845882238
0.00004317177162301127364399409797
0.00004317177162301127364399409797
0.00004317177162301127364399409797
0.00004317177162301127364399409797
0.00004294915023424266140743698349
0.00004294915023424266140743698349
0.00004294915023424266140743698349
0.00004298242676984081809427283186
0.00004298242676984081809427283186
0.00004298242676984081809427283186
0.00004296523060193544969444285463
0.00004296523060193544969444285463
0.00004296523060193544969444285463
0.00004300116397108055866433322935
0.00004300116397108055866433322935
0.00004300116397108055866433322935
0.00004296726884253399784926577344
0.00004296726884253399784926577344
0.00004296726884253399784926577344
0.00004308452623268141980494180124
0.00004308452623268141980494180124
0.00004308452623268141980494180124
0.00004286791941591913386884808126
0.00004286791941591913386884808126
0.00004286791941591913386884808126
0.00004284348075725442914364580740
0.00004284348075725442914364580740
0.00004284348075725442914364580740
0.00004276665970579357287365543930
0.00004276665970579357287365543930
0.00004276665970579357287365543930
0.00004276665970579357287365543930
0.00004254694603547113507045910324
0.00004254694603547113507045910324
0.00004254694603547113507045910324
0.00004261401180000933029542525705
0.00004261401180000933029542525705
0.00004261401180000933029542525705
0.00004238459758668313003780256933
0.00004238459758668313003780256933
0.00004238459758668313003780256933
0.00004235863429715077534296308239
0.00004235863429715077534296308239
0.00004235863429715077534296308239
0.00004235375762068501822905062543
0.00004235375762068501822905062543
0.00004235375762068501822905062543
0.00004234594891362203194078481700
0.00004245864546893738199486220702
0.00004245864546893738199486220702
0.00004245864546893738199486220702
0.00004238262026898158577296062972
0.00004238262026898158577296062972
0.00004238262026898158577296062972
0.00004234762083938951070091478945
0.00004234762083938951070091478945
0.00004234762083938951070091478945
0.00004228815590531023681131584006
0.00004228815590531023681131584006
0.00004228815590531023681131584006
0.00004237090530696733320308117819
0.00004237090530696733320308117819
0.00004237090530696733320308117819
0.00004233659301879262383543410707
0.00004233659301879262383543410707
0.00004233659301879262383543410707
0.00004229539465192064746384125613
0.00004229539465192064746384125613
0.00004229539465192064746384125613
0.00004239586542724779464532260707
0.00004239586542724779464532260707
0.00004239586542724779464532260707
0.00004239586542724779464532260707
0.00004228613086324703436267922227
0.00004228613086324703436267922227
0.00004228613086324703436267922227
0.00004243341561370112868926877375
0.00004243341561370112868926877375
0.00004243341561370112868926877375
0.00004249795073017857325176794931
0.00004249795073017857325176794931
0.00004249795073017857325176794931
0.00004246987504924600352180138867
0.00004246987504924600352180138867
0.00004246987504924600352180138867
0.00004242010042784202673204615333
0.00004242010042784202673204615333
0.00004242010042784202673204615333
0.00004239664205934140733210799508
0.00004239664205934140733210799508
0.00004239664205934140733210799508
0.00004270579278960727635850744562
0.00004270579278960727635850744562
0.00004270579278960727635850744562
0.00004278922327837805331042748638
0.00004278922327837805331042748638
0.00004278922327837805331042748638
0.00004278922327837805331042748638
