0.00004637349996310490851205255858
0.00004637349996310490851205255858
0.00004637349996310490851205255858
0.00004257114329380365694992884542
0.00004257114329380365694992884542
0.00004257114329380365694992884542
0.00003750430270402056774221883738
0.00003750430270402056774221883738
0.00003750430270402056774221883738
0.00004283407717112596929672029696
0.00004283407717112596929672029696
0.00004283407717112596929672029696
0.00003965983565541009655638797075
0.00003965983565541009655638797075
0.00003965983565541009655638797075
0.00004051467774313271130327939198
0.00004051467774313271130327939198
0.00004051467774313271130327939198
0.00004201087433242917555773655448
0.00004201087433242917555773655448
0.00004201087433242917555773655448
0.00004144915128552801874929361180
0.00004144915128552801874929361180
0.00004144915128552801874929361180
0.00004136144959580067818547683819
0.00004136144959580067818547683819
0.00004136144959580067818547683819
0.00004136144959580067818547683819
0.00004224292293126717570043342403
0.00004224292293126717570043342403
0.00004224292293126717570043342403
0.00004205263431725582347995264552
0.00004205263431725582347995264552
0.00004205263431725582347995264552
0.00004199852690174475342308478301
0.00004199852690174475342308478301
0.00004199852690174475342308478301
0.00004135426357141884429804172246
0.00004135426357141884429804172246
0.00004135426357141884429804172246
0.00004124227100992112260001569475
0.00004124227100992112260001569475
0.00004124227100992112260001569475
0.00004158866117241588145654346125
0.00004158866117241588145654346125
0.00004158866117241588145654346125
0.00004224044068107532011001772329
0.00004224044068107532011001772329
0.00004224044068107532011001772329
0.00004243731768252003797407900848
0.00004243731768252003797407900848
0.00004243731768252003797407900848
0.00004243731768252003797407900848
0.00004306255059925506621707191724
0.00004306255059925506621707191724
0.00004306255059925506621707191724
0.00004310308332762575716303594605
0.00004310308332762575716303594605
0.00004310308332762575716303594605
0.00004422106192457162207351374300
0.00004422106192457162207351374300
0.00004422106192457162207351374300
0.00004434554853615451643214549117
0.00004434554853615451643214549117
0.00004434554853615451643214549117
0.00004401685328760817980986508907
0.00004401685328760817980986508907
0.00004401685328760817980986508907
0.00004376135278596386111883644968
0.00004376135278596386111883644968
0.00004376135278596386111883644968
0.00004397955052295803068646748793
0.00004397955052295803068646748793
0.00004397955052295803068646748793
0.00004366343657789469595931146251
0.00004366343657789469595931146251
0.00004366343657789469595931146251
0.00004366343657789469595931146251
0.00004352584877906401546372354393
0.00004352584877906401546372354393
0.00004352584877906401546372354393
0.00004334286801322700512441823591
0.00004334286801322700512441823591
0.00004334286801322700512441823591
0.00004384157772126809515860882139
0.00004384157772126809515860882139
0.00004384157772126809515860882139
0.00004361775242645589272913959943
0.00004361775242645589272913959943
0.00004361775242645589272913959943
0.00004333480908539066432900174633
0.00004333480908539066432900174633
0.00004333480908539066432900174633
0.00004296776645197556366496301154
0.00004296776645197556366496301154
0.00004296776645197556366496301154
0.00004273172696335256192241771091
0.00004273172696335256192241771091
0.00004273172696335256192241771091
0.00004257437287104963746585080372
0.00004257437287104963746585080372
0.00004257437287104963746585080372
0.00004250454149674772618283032273
0.00004250454149674772618283032273
0.00004250454149674772618283032273
0.00004250454149674772618283032273
0.00004245518794167785467690020210
0.00004245518794167785467690020210
0.00004245518794167785467690020210
0.00004224456379309442331119357444
0.00004224456379309442331119357444
0.00004224456379309442331119357444
0.00004228890368262668294234654668
0.00004228890368262668294234654668
0.00004228890368262668294234654668
0.00004216180529558241245524580226
0.00004216180529558241245524580226
0.00004216180529558241245524580226
0.00004243986506245106183005381017
0.00004243986506245106183005381017
0.00004243986506245106183005381017
0.00004219473401075121777899906766
0.00004219473401075121777899906766
0.00004219473401075121777899906766
0.00004217165906011692884951960529
0.00004217165906011692884951960529
0.00004217165906011692884951960529
0.00004225446306712703675181416039
0.00004225446306712703675181416039
0.00004225446306712703675181416039
0.00004225446306712703675181416039
0.00004200053064628806936640397656
0.00004200053064628806936640397656
0.00004200053064628806936640397656
0.00004215034416442077528268401197
0.00004215034416442077528268401197
0.00004215034416442077528268401197
0.00004228470251059793264297752968
0.00004228470251059793264297752968
0.00004228470251059793264297752968
0.00004231627849872870053045113430
0.00004231627849872870053045113430
0.00004231627849872870053045113430
0.00004246214292107649195516055838
0.00004246214292107649195516055838
0.00004246214292107649195516055838
0.00004244405721374521190911814599
0.00004244405721374521190911814599
0.00004244405721374521190911814599
0.00004232918490240419351576196012
0.00004232918490240419351576196012
0.00004232918490240419351576196012
0.00004242247718242459915557944562
0.00004242247718242459915557944562
0.00004242247718242459915557944562
0.00004242247718242459915557944562
0.00004241161282148704919081054066
0.00004241161282148704919081054066
0.00004241161282148704919081054066
0.00004229111414445668784189824936
0.00004229111414445668784189824936
0.00004229111414445668784189824936
0.00004255660044125559343197186526
0.00004255660044125559343197186526
0.00004255660044125559343197186526
0.00004272937236147251638512919382
0.00004272937236147251638512919382
0.00004272937236147251638512919382
0.00004264872054836930248039521694
0.00004264872054836930248039521694
0.00004264872054836930248039521694
0.00004266661944570783160489298146
0.00004266661944570783160489298146
0.00004266661944570783160489298146
0.00004284520595458827194434806856
0.00004284520595458827194434806856
0.00004284520595458827194434806856
0.00004287098792917856875708381416
0.00004287098792917856875708381416
0.00004287098792917856875708381416
0.00004294396557345796144987293917
0.00004294396557345796144987293917
0.00004294396557345796144987293917
0.00004294396557345796144987293917
0.00004299364143390930121136220531
0.00004299364143390930121136220531
0.00004299364143390930121136220531
0.00004295678459736747669834689541
0.00004295678459736747669834689541
0.00004295678459736747669834689541
0.00004294028772643858748543138981
0.00004294028772643858748543138981
0.00004294028772643858748543138981
0.00004319985660427764023966085361
0.00004319985660427764023966085361
0.00004319985660427764023966085361
0.00004305737767429830435674914868
0.00004305737767429830435674914868
0.00004305737767429830435674914868
0.00004305737767429830435674914868
0.00004316844718629602434595102464
0.00004316844718629602434595102464
0.00004316844718629602434595102464
0.00004331857047488613396988293594
0.00004331857047488613396988293594
0.00004331857047488613396988293594
0.00004323777248506884902387889167
0.00004323777248506884902387889167
0.00004323777248506884902387889167
0.00004317034138428361445520550490
0.00004317034138428361445520550490
0.00004317034138428361445520550490
0.00004320182110958408752035821289
0.00004320182110958408752035821289
0.00004320182110958408752035821289
0.00004316881442887810663565102846
0.00004316881442887810663565102846
0.00004316881442887810663565102846
0.00004322788522786873993181005735
0.00004322788522786873993181005735
0.00004322788522786873993181005735
0.00004330854180986276984679121148
0.00004330854180986276984679121148
0.00004330854180986276984679121148
0.00004330854180986276984679121148
0.00004354699071937036288142261750
0.00004354699071937036288142261750
0.00004354699071937036288142261750
0.00004360821546733677984546037533
0.00004360821546733677984546037533
0.00004360821546733677984546037533
0.00004356242666230335524490913446
0.00004356242666230335524490913446
0.00004356242666230335524490913446
0.00004342176477552551356747177787
0.00004342176477552551356747177787
0.00004342176477552551356747177787
0.00004350130130464164082686563238
0.00004350130130464164082686563238
0.00004350130130464164082686563238
0.00004364314230552358490991314467
0.00004364314230552358490991314467
0.00004364314230552358490991314467
0.00004382636696228315035119224672
0.00004382636696228315035119224672
0.00004382636696228315035119224672
0.00004363319715598526694706156051
0.00004363319715598526694706156051
0.00004363319715598526694706156051
0.00004363319715598526694706156051
