0.00001976193221391300708883842075
0.00003384202729362237979684075796
0.00004100268094332266579774778831
0.00003499474215071098680692042219
0.00003847256746416150983079262133
0.00003959715044895271571942050720
0.00003949307980590184117189983725
0.00004138996664088112900357604679
0.00004145489301019272989375117787
0.00004170397580184379032315196850
0.00004206402398731782914909413893
0.00004266878166392586821191285386
0.00004065923896613782063344710532
0.00004231424059421755860083328896
0.00004457387370824497766681507750
0.00004325830716743530891344305384
0.00004217439536659625887971606361
0.00004185759791794708560766083275
0.00004282156200417948224289884337
0.00004287448052974347203986007465
0.00004240426907894340546702805166
0.00004578848559300961560130341423
0.00004458060881414212722705921415
0.00004513344216564997740301719936
0.00004446326932209312071997655063
0.00004462037871280772844850654440
0.00004444532119849393111381841989
0.00004435089192412684391672433560
0.00004374200599368374112078745507
0.00004368185163388570815860653557
0.00004397473023449248648468013221
0.00004344427747725217423070213298
0.00004319240506622366233405953834
0.00004276727417192342903813846113
0.00004321660696180592400710816018
0.00004377925054755144499302034104
0.00004411616511750323951939598966
0.00004392109204503393380189113866
0.00004405298040703991769937013314
0.00004362179330347979236031983502
0.00004315614491666723979018038777
0.00004378642248889277689042395222
0.00004416715399817574360633549915
0.00004508485758407815488478316862
0.00004461469407145304896807698058
0.00004516686762648182113320320716
0.00004502941623864060128855068196
0.00004514215080820595615957861680
0.00004508429143552029125345297048
0.00004510274257077662653430171943
0.00004449205592257004921724744193
0.00004461719877640493775205599166
0.00004481664089497969667596718338
0.00004461336752571426064829368879
0.00004491307955495621509283949203
0.00004482399179614666475287722601
0.00004448407701313843909590503630
0.00004418091373168678181446224652
0.00004398578820480879323147221150
0.00004382820214192859456126073148
0.00004353166717935820759782419714
0.00004347244032236814038398392215
0.00004348923079415449213915683923
0.00004327058648795880063233405657
0.00004360150966801118526887938891
0.00004338039637647207482580838835
0.00004333646670746693284386457978
0.00004332053177303195743600981961
0.00004329069684106185342244301916
0.00004320116843185124378260561909
0.00004336623232108153630220893702
0.00004323587443836300920849287444
0.00004321633760313589291209219233
0.00004325615426472726237256975995
0.00004319740174971238479022077582
0.00004374116854315226729750621900
0.00004387703182317219938509583873
0.00004374484132322188139410444125
0.00004421001062862463282265707569
0.00004457452341743686436882295668
0.00004481421839257166330422055112
0.00004459146418862945083625550436
0.00004463857852634617934538508422
0.00004465139045625027360053848227
0.00004503546773080331765594623541
0.00004514414988616220736869553776
0.00004497019355236698847609324275
0.00004498836355417704111146215661
0.00004475099759867418019942364776
0.00004458503657790974351874933142
0.00004475701268699133408084707923
0.00004474072495566164595653085867
0.00004488473081678599146208500986
0.00004463217965177039769323287323
0.00004474740570792534892104982981
0.00004485617921110169653710841507
0.00004501568336569326478500213066
0.00004478979793389248087159184122
0.00004487051526849903493511285188
0.00004510840399818310732519198922
0.00004519138687330378056020790719
0.00004504847603493371186908842887
0.00004510352933032203960989521793
0.00004504596667754979022382138098
0.00004498720622061314014305613962
0.00004488855525259905360841716111
0.00004475499550916956433859971888
0.00004488237494792070269969612274
0.00004482781834770171904517632600
0.00004473283733430690580517757256
0.00004473540750285255281817354677
0.00004456260845866582851354147252
0.00004462867487887055136227817864
0.00004467758005217865277150415670
0.00004474538187262275252409877263
0.00004465153047102647266426541920
0.00004459454347264030741302415424
0.00004453382675707322310777280681
0.00004439440819153573746501575053
0.00004443266529471882349781864515
0.00004448092829346603390675484496
0.00004431101227787286153414754075
0.00004416151898811704817442091555
0.00004407987631639118766629246490
0.00004403372076524445552897167968
0.00004416830326066995391839553421
0.00004404563276717644915192751725
