0.000009153922607387927242365138120
0.005993305642937487393008974799
0.003013753684093074882887096730
0.002014209837743923260327947820
0.001513237243182263636177110412
0.001212173624699738629041669524
0.001514489373504541024620573240
0.001299160655083838448246258927
0.001515154882136484807589108678
0.001683173157628698709347831762
0.001515536137845961560637483956
0.001652943975817974846564793272
0.001515766973221914138313880268
0.001399639127009088471964836614
0.001300076063707470130151532623
0.001213797522614478997545011560
0.001138319928014105448934506650
0.001249481764708401432558319410
0.001180394384549534146211782728
0.001118585160523069854359367222
0.001062949204628496932094424314
0.001012591960170375070048995749
0.001104234331349797635957838244
0.001056481106218295748270124778
0.001012734920809454256726912652
0.0009724759828115998801899160980
0.001051609045064733329695077943
0.001012864789299370624541544594
0.0009768401103674561667607527626
0.0009433443047435000253481615384
0.0009120869046180886526297900696
0.0008828543115590621129823881967
0.0008554496625944914315071946995
0.0008296651494338277616330915559
0.0008943055236997668499520481426
0.0008689176646838084622823179560
0.0009288956553481799498878611802
0.0009039493107669742492378495528
0.0008803023106217380244474562373
0.0008578978536308780895004623327
0.0008365884816914557079720218615
0.0008163328657898845351466225591
0.0009409951623136299540328705211
0.0009192145641785507511881682871
0.0008984279182115060675264275758
0.0008785811916625974471595166339
0.0008596051338745489522860452449
0.0009057448567041136984742384431
0.0008869763522858207682897751381
0.0008689811568518120053539343546
0.0009121765522061142201873274183
0.0008944154031711057852241330445
0.0008773117029381722305094238064
0.0009178898405790742867180903103
0.0009569687590962961063310787184
0.0009396473818410881850302366619
0.0009229575887348619085819435067
0.0009598879744942208685939048802
0.0009434230962773314044524615733
0.0009275224612057359772842353813
0.0009121502336908423420665849920
0.0008972819290843985764729674911
0.0008829005564420656536963155775
0.0008689669442058628712924610446
0.0009027250530856279250116804323
0.0008889179701182962004560230729
0.0008755306067234278877730729603
0.0008625482976083185929174346772
0.0008499396612370767467690418765
0.0008377083794217779895387880804
0.0008258016696641917620045846328
0.0008568205211362481241494642838
0.0008450007072449854228150705130
0.0008749169108094016659737678952
0.0008631670484886828529291640749
0.0008517365747892805140825656331
0.0008405972330353514558843808946
0.0008297436198513497516969878853
0.0008579360774947192107551182623
0.0008471470210008757743531825656
0.0008366196485811816183174937942
0.0008636849860785152568601286296
0.0008900913889136108337348535051
0.0009158593650041073407522933906
0.0009050153311485810734688218970
0.0008944242684999669684169117984
0.0009192462813272255641114370056
0.0009087383948349532997907000309
0.0009328326526534628094111681573
0.0009224091315261122133253597155
0.0009122151852009905605364896106
0.0009022442518586864821710909560
0.0008924990070283182223472137409
0.0008829475684824561528307931345
0.0009057793764767279161309947430
0.0008963027078068783941418290113
0.0008870272644295542641652342806
0.0008779345548079349158686518783
0.0008998879438789632059588198638
0.0008908517887801584909615350104
0.0009122256382256042993126977019
0.0009032444431662329641706632542
0.0009240795501258719495320361343
0.0009151690919590663543889498365
0.0009064338559979460903438129705
0.0008978600497266679159764889422
0.0008894293322575695840350042285
0.0008811647372244618117935802486
0.0008730574147960446856387428592
0.0008650937980191040156000545456
0.0008847688722622088659800146655
0.0008768415833337564854735761701
0.0008690558403780421680584392459
0.0008614030276997762434341080494
0.0008804161681441502051908499290
0.0008728111880454291450453915538
0.0008653241499664660694537264417
0.0008838147413819952437412740065
0.0008763711891833557749697209601
0.0008690542674307358208292114158
0.0008618534808646562201631246696
0.0008547714090940066461719108842
0.0008725869900895982289444883354
0.0008901210950736929064441862141
0.0008829831422067874792305283026
0.0009001499013116660330161691865
0.0008930460412830562125304815038
0.0008860529375545178741277571553
0.0008791782973745490894410818741
0.0008724003901395632520783673940
0.0008657239358835893280714696470
0.0008591577859642034801515875658
0.0008526972664674616097426673585
0.0008463264105476176770589004864
0.0008626151670977280304560338669
0.0008786572031294721841742866995
0.0008722339831993048097186283339
0.0008659137952717236158306804065
0.0008596766590201286529916496500
0.0008752900781089052808100582886
0.0008690744150373682295159336426
0.0008843938949573816262048495915
0.0008782023092087229076209666150
0.0008720956422383528424886427886
0.0008660786191584163094956351351
0.0008809993365186316417938493035
0.0008750056353661075543613255236
0.0008690872491092859790674243630
0.0008632513086751938696824350057
0.0008777843286785231819005447655
0.0008719712696324411899361701707
0.0008662333818263322796547114721
0.0008605655687937944027651972285
0.0008549770172816808350745637239
0.0008690941185213161041529179300
0.0008830286856050591072267418089
0.0008967852013051462419110354689
0.0009103673960384839194430406203
0.0009046366498681568390416778919
0.0009180000385548166887320054261
0.0009122981426530515902999681945
0.0009066624770656323653310435706
0.0009010966548379955083888946565
0.0008955974355228477231898531434
0.0009086057507656401527352928139
0.0009031287871503929031449121211
0.0008977227690369053154111124414
0.0008923782014525814498604199557
0.0008871043392965628725490122790
0.0008818880144879587096074189628
0.0008767325123120901701843390742
0.0008716346295979188303929192579
0.0008665981496660171252205690855
0.0008616198917941564460625000249
0.0008566988520039610807040912287
0.0008518330029116979757532214953
0.0008470219251931724462660779393
0.0008422693424910147814809379199
0.0008375598729344935092574710572
0.0008329101785324497035219292308
0.0008283132943813575124982159369
0.0008237680801460920722618848379
0.0008358865854404212008612757283
0.0008313476624196916187221461893
0.0008268550879851065567996631362
0.0008224160262544419398457284660
0.0008180217412185477898860289312
0.0008298445209802293396770408149
0.0008254574700464423661129865316
0.0008371172586823671997066734300
0.0008486533564158774987468063665
0.0008442343424047712111458742307
0.0008398637419565282770288206297
0.0008512091473723616973437640754
0.0008468467070027239769169354523
0.0008425285383108510279970393893
0.0008536862943153314661581305418
0.0008493772450348115282208700310
0.0008451155475608147036193062790
0.0008408947095030872200534410582
0.0008367179082243928419130730883
0.0008476219632149672979818641083
0.0008733901623140304174453871343
0.0008840120120032188929371497404
0.0008797003721235360331711592417
0.0008754312427124764993615614126
0.0008712057792459300388200587632
0.0008670254664543307179632378175
0.0008628819207408376954070329667
0.0008587821650345169820242145969
0.0008547155917537083446976434413
0.0008506875603776256781832722061
0.0008466953673245038692491718117
0.0008427432369933834221584325975
0.0008529621128984130211526317878
0.0008490163214855045164137262151
0.0008451091816762557474628822763
0.0008412372075930610266409656859
0.0008374099354010678442712033842
0.0008336157937574641100814118967
0.0008435911574936533251021897914
0.0008397957158397121454767637546
0.0008360365271802730333113201860
0.0008458712331723120332376261881
0.0008421156245775872355517796795
0.0008383958388957074243390314537
0.0008347093752239601434001104438
0.0008576974786441553328746156341
0.0008539599024719004622913432306
0.0008502533689059868962167518541
0.0008465778711790245250542230912
0.0008429334011391074264720582139
0.0008393219264912243016318930546
0.0008487175782312206233243473709
0.0008451114701153791154678856933
0.0008415364392904803231071684247
0.0008379920928431082319206129418
0.0008472395497577819977484834906
0.0008437037159014474454922776686
0.0008528506606851007452129138362
0.0008493182922230640368107516774
0.0008458132889836504964175424173
0.0008423372516648203788356812342
0.0008388875623181455517786648084
0.0008478619380358359743037645400
0.0008444238375019770410732793719
0.0008410110829531544009370739076
0.0008376255899228383597882813639
0.0008342685056973763217089448305
0.0008309391197109956545510211903
0.0008276371004604949146860893948
0.0008243649892549246980880428959
0.0008331135554797666276747475314
0.0008298430119909880167861900257
0.0008265951446169656589798188918
0.0008233766966985021001107743304
0.0008319924323643436906853299324
0.0008405450239165225262845698518
0.0008373081577994214153156719844
0.0008457717271606638716104161395
0.0008425386006139883832926492123
0.0008509161511200719438439424309
0.0008592322735912413317354279856
0.0008559829741292793389570737987
0.0008527611953284243436724864820
0.0008495602774401823691360884318
0.0008577540383657483688997893557
0.0008545583971736544565478609123
0.0008626720223690853285827574236
0.0008594814926860718054526528977
0.0008675161081975528646578592082
0.0008643322876264863815123503734
0.0008611750350367942441460975321
0.0008580381005372794186524564481
0.0008549237281456987178744700894
0.0008518340018677082267445829464
0.0008597243184711657194990888399
0.0008675570063113884033873344612
0.0008753330168033538372284632330
0.0008722126723719389619834699921
0.0008691150660494045697234280633
0.0008660408093215668306290896150
0.0008737112536283036051638096518
0.0008813271682822160083706051832
0.0008782427079596119007109109436
0.0008751818194660381215370989053
0.0008721408986843464796450305678
0.0008691162213254600534229112048
0.0008766193696312561072439788875
0.0008736039283460746048418203467
0.0008810370180466931637720317396
0.0008780258624411967547453137707
0.0008750365833700626843356135211
0.0008720698955588405880728463657
0.0008691208987806036844760178059
0.0008661938356467406131736405071
0.0008837145707883361989617439266
0.0008807573860551968789843065321
0.0008778188188272931691838194124
0.0008749002135944543932266667496
0.0008921586310111823061782106723
0.0008892111718333629610702954297
0.0008862824919983087192339845022
0.0008833743518574908390165218742
0.0008804842703764637710406368981
0.0008875283519837876871697704344
0.0009044092074433512263051278919
0.0009014794471516852133787874704
0.0008985721370027651463073306321
0.0008956799327840650725008800731
0.0009025622732026416055898373972
0.0008996770152192558800040097042
0.0008968120120547179553675352328
0.0008939650219936543753820652663
0.0008911341250472785481767696911
0.0008979210753848993100952083613
0.0008950929693322792832852186231
0.0008922861707937207987932686095
0.0008894956657792515853991637804
0.0008867211405002019511085855067
0.0008839676736695547323583166735
0.0008812313615572533948278966580
0.0008785086338802335883021743902
0.0008851696573259318457531177391
0.0008824507343519155586373874257
0.0008797493870173193410637082465
0.0008956162535512885810736602347
0.0008928928468764992809077491523
0.0008901868829388175771844504780
0.0008874940297050766971181092401
0.0008848202703804340721897356923
0.0008821618362704460503879898644
0.0008795221732461989723714795491
0.0008769020144570257504782481980
0.0008742881503519393274912780806
0.0008807210256548397742377890218
0.0008781138053413991394852761733
0.0008755244924598607154632699973
0.0008729510519084593557090938949
0.0008703914429869094725951112115
0.0008678468903253314911059026137
0.0008653135034312739183356559039
0.0008627978754027670320627689521
0.0008691147495302798781563666263
0.0008841839717744703007786850539
0.0008816339308655106760685235428
0.0008790988940564122849058359992
0.0008940105858975233243252103692
0.0008914571841035369136807641691
0.0008889168408485017773710037778
0.0008950327570083819115686482009
0.0008924953980280040821222120276
0.0008985645806097394139230214514
0.0008960352226426599443971586808
0.0008935193787033796994565576633
0.0008910166768781735535063747007
0.0008885264919054805422315894309
0.0008945213811344319365663393325
0.0008920365965368831758325061359
0.0008895648896613323660683678031
0.0008871089478784453804150607014
0.0008846658512686028833208725143
0.0008822382744268984758918831775
0.0008798205423404764780346816170
0.0008774202462259086965634176273
0.0008833163274670578768056376001
0.0008891784400620684284782840269
0.0008867698944014403620543506733
0.0008843755357517107833123680017
0.0008819935559157218023841410173
0.0008796241014928572257838536972
0.0008772670289908874902077437037
0.0008749223824998638047274092723
0.0008806984607927421367326374690
0.0008783547300862356791460006259
0.0008760264280141439262899042524
0.0008817517814879908477108698609
0.0008874465197207225451258587966
0.0008851136124487436024041798704
0.0008827922912803296571945473668
0.0008884410204908362492735136486
0.0008861238718929596890799276791
0.0008996502364354201325986658834
0.0008973154437448985374139895235
0.0008949904271066378933691455699
0.0008926782016906664726552458391
0.0008903786161296686807486930385
0.0008880916752279776734925834113
0.0009091959095130386044946916672
0.0009146451367571191234407929300
0.0009123142712216376346222050450
0.0009099936888679100871855145030
0.0009076856470338905472738962776
0.0009053894704789445292536187138
0.0009107792069780721969870507698
0.0009084894561764844117975338678
0.0009062091696217047053458034524
0.0009039394977196370777557277887
0.0009016798505478983764687709748
0.0008994324475472754885224158287
0.0008971987980219398013935022664
0.0009025171598223312191084912284
0.0009002867218267762844618690043
0.0008980638463850927330595714558
0.0008958525277231194391241384070
0.0008936532587294976759358390793
0.0008989130538389687464289807672
0.0008967159476043180397844193307
0.0008945302844526867325785124056
0.0008923566515951287867924197159
0.0008901904247779893918300669503
0.0008880377051736120452902345271
0.0008858958797005496554584879717
0.0008837622103413399749847621825
0.0008816390691471651447686480672
0.0008795286988725628505569646054
0.0008846966721112249187786633170
0.0008898386861065518902425307170
0.0008949561735655435963452041272
0.0008928323075257374419713276922
0.0008907189910537301775317952034
0.0008957979219324678176054908363
0.0008936894988852320953508742108
0.0008915880615636926554335975223
0.0008966303635043055449060128988
0.0009087632741923897406956643430
0.0009066408221038425295054124835
0.0009045289539804497517130084928
0.0009024271679892583675354097315
0.0009003358205866814293653711130
0.0009052899786202270801432606260
0.0009032004189926356805339969339
0.0009081221957415972684419337624
0.0009060372267365998951511767153
0.0009039597569950972545323632511
0.0009088433047450751184634883738
0.0009206418515160512048347556900
0.0009185468991736691648866451701
0.0009164621393026952735874379617
0.0009143833323173766081732572634
0.0009191881292840021761519600859
0.0009171146442123059100128365645
0.0009218923496880340615538505588
0.0009198242939640166375992154466
0.0009245760253288239812842729315
0.0009225113329555017536872381493
0.0009204552835838244797519741369
0.0009251741224320773825387359703
0.0009231194692496129952781608464
0.0009210758025259807817008025345
0.0009190397948526627313841956992
0.0009170136275900979909149674063
0.0009149952106123670538664292418
0.0009196607739184430403865720035
0.0009243078006338731891322470915
0.0009222928270770228421738646981
0.0009202831474850337811637612748
0.0009182818620643085295117688020
0.0009162887164515068975503333840
0.0009208912727250620412917887571
0.0009254740180219434966048460923
0.0009234784404944715785706647747
0.0009214909074227904783133406294
0.0009195107731298449390917697287
0.0009240565933818253110531294341
0.0009285847345740174031948611959
0.0009330925555717948471892796869
0.0009311021718826097378854782159
0.0009291242210206637208551752886
0.0009271531428780008700518972738
0.0009251910363230224004045070956
0.0009232370670097897499825764627
0.0009212919589684062319280900619
0.0009193550751322434254657846181
0.0009174269429654162083702244634
0.0009155057730393132778724573426
0.0009135909442855549590269112764
0.0009180241353929266020348356944
0.0009161143480725347702938610291
0.0009142113876515111738064037809
0.0009123184537647199515421101642
0.0009104307265183195106087462627
0.0009085534907665486293652925784
0.0009066832701198906378642547094
0.0009048196427881359804150165296
0.0009154345327853272669135287134
0.0009135639179316372944560307930
0.0009116982060156256920153869699
0.0009098395779327366298723634526
0.0009079885510976226257356346504
0.0009061471015389851148387367231
0.0009043118804316499953601489695
0.0009024846772630218243855429119
0.0009067970792694033662728708337
0.0009049711312382902908613637930
0.0009031516360604983646472274465
0.0009074392176203261965592345112
0.0009056224465748649739964417573
0.0009038127881894614174322113954
0.0009020116666011034335957081862
0.0009002193969746019315173191454
0.0008984322724785174109521292842
0.0008966542731605644188364693825
0.0008948806138754170914730832508
0.0008931152958118161764114966864
0.0008913571187832488148219666989
0.0008955818060494918231499161430
0.0008997901892613721099089343595
0.0009039809232248695134279143493
0.0009022141367178986784689232412
0.0009004553555229855649624313182
0.0008987014877555885322840865535
0.0009087694618018105377265263446
0.0009070083659338235294951446902
0.0009170201144692988045820801574
0.0009152494817106631998321899235
0.0009134855347197517595388617221
0.0009117271719768479528992253720
0.0009099770114891935501611422585
0.0009082334418760521921592613690
0.0009064972007255988325791524509
0.0009047675073221448198389079110
0.0009030426874968142916267455231
0.0009071085871256730166821054062
0.0009111573965549654219148721189
0.0009151919720151635560641999158
0.0009134592320639048937796493704
0.0009117379313720766770759321326
0.0009100203770545620015000723187
0.0009140267985164065035268070140
0.0009180153379576247491213250380
0.0009219928198302633438467016058
0.0009259536286181072561721012490
0.0009242260304481043633129894085
0.0009225043889067992443017429054
0.0009207878139190315570407433422
0.0009190796933359044338938069863
0.0009173779346784872719656236135
0.0009213045103923820705265795333
0.0009196047685619180695981414803
0.0009179109827700280272034517116
0.0009162241355177109106097865137
0.0009145436341099242903686886126
0.0009128693694442265993808336233
0.0009112005871940458984414849560
0.0009095377611015052999803148816
0.0009134194885571591589488479061
0.0009172856311317011231223337008
0.0009156213060733376168929965716
0.0009194704078912884516154173246
0.0009178076618387711003780456032
0.0009161522799492565114650059743
0.0009145024631915080226999025362
0.0009128567280666990707426915099
0.0009166769072548850800572762622
0.0009150341742517236330864327944
0.0009133976803303297514707466351
0.0009117677188878415759236606233
0.0009101414669716984107697363438
0.0009139323345342655794832513397
0.0009123080891922170792693588211
0.0009106903859798512269623933630
0.0009144598781944764054394967648
0.0009128444249507729873454009467
0.0009112351868057143441244139203
0.0009149832143226035211228289901
0.0009133745905257407160527948457
0.0009117730935677729063794015599
0.0009101770743382679780622538005
0.0009085865040697688476002388715
0.0009123072647500041704147182720
0.0009107185347875704515573367801
0.0009091361599746220291984273502
0.0009075593102136603928387242470
0.0009112546568433587979384939332
0.0009096789685600679841762554589
0.0009081093867755861597755989662
0.0009065456440739044540281707723
0.0009049890179404122067372943231
0.0009034336133808860908346718732
0.0009018851504261863232875849492
0.0009003412506100303184503819256
0.0008988027929224978723002790447
0.0008972699269299174609989259369
0.0008957416835364119091728369543
0.0008993888420776326617747510427
0.0008978631357962922894853214312
0.0009014933181267702467477235229
0.0008999697519304585498767029833
0.0008984511411042490429234952848
0.0008969373678186835274738565204
0.0008954273234615642304617833121
0.0008939237720324549797298949536
0.0008924248282286648471740299121
0.0008909298526079217253969845669
0.0008894415942582845457709062819
0.0008879575621244756398658975970
0.0008864769681900628002965234547
0.0008850027035882772038993845188
0.0008835332085447220670786397018
0.0008820683067527082103515693862
0.0008806088889874455886667226409
0.0008841786493096193539905785356
0.0008827206350909553062651135895
0.0008862744729454681056995067964
0.0008848172979327617548754118563
0.0008833662912453759984108241641
0.0008819191606654735436544237311
0.0008854516891716962480817339251
0.0008840063376264868446663061411
0.0008825658746668605789256050155
0.0008811296779201276274398850970
0.0008846390622702617746716871489
0.0008832044677267619602789181878
0.0008866987439414676921713920656
0.0008852663584443588456598678493
0.0008838375834870551376580863712
0.0008873132507645094747624180255
0.0008858863796223456846408338278
0.0008844643888811473554643550158
0.0008830459771433133792134986594
0.0008816331655238730842303292686
0.0008802234249114440099816323004
0.0008788192385006555722888234895
0.0008774186726663558359988948273
0.0008760236132971113382749497394
0.0008746327189034705836941977965
0.0008780695889534225178144346261
0.0008766792829887993247007669835
0.0008752941250767182602047511882
0.0008787127963696914231600926292
0.0008821210673063695278633241844
0.0008855188312574735615323911077
0.0008841284620009790234092771686
0.0008827417572551228961620714068
0.0008813594195699717799051543250
0.0008799815729053369853528536724
0.0008786073336288357335853422022
0.0008819769410867303076029676113
0.0008806058856730659371595468742
0.0008792373985466338721655389044
0.0008873078952572544009162978808
0.0008859328047252002897807250650
0.0008892659565055342855203129636
0.0008878936594746682700612275036
0.0008865251915173502447597647516
0.0008898415224670439904031558626
0.0008931484508285982448559165225
0.0009011120880689063722323752308
0.0008997329564710069268965027465
0.0009030081376602278825061404005
0.0009016292056218268219814959202
0.0009002530995890675271549208353
0.0009081445931071399081230939509
0.0009067638529462834727968083707
0.0009053876081362892500716828896
0.0009040137451437748050375605911
0.0009026458273889667086841449572
0.0009012823938019907364297978446
0.0009045099398084540440947310106
0.0009077295083611182390886194455
0.0009155128528155569178116925051
0.0009141374751092911138667293150
0.0009173270738474033986352104843
0.0009159531609513970156114866228
0.0009145833800069591356159822741
0.0009177582690478514421370969832
0.0009163893398062681505847353061
0.0009150261537845846985677927730
0.0009136664954719650231972504898
0.0009123102126903171560398762272
0.0009109585184079708297187595495
0.0009096105743175500865307273792
0.0009127614620402058255395625387
0.0009114149788264761970697482994
0.0009100724848945182890389124726
0.0009132070816955089147131345490
0.0009118665826689502816649251880
0.0009105281480471888275659305453
0.0009091952732062912920108549147
0.0009078663183762233447721600215
0.0009065397778876874306473510490
0.0009052186141409191639665143908
0.0009039002468064432358361510628
0.0009025869386095964329326869848
0.0009012757276259151332530239432
0.0008999686062964801488126493121
0.0009030671877812459923776186315
0.0009061572939845628160109934388
0.0009048487791043456148281423767
0.0009035449855209951288981881465
0.0009022443752848630976999243787
0.0009096869752892615071158719663
0.0009083827689395260157275133132
0.0009070807383454064374027214689
0.0009057826568642723798408741650
0.0009044889877096432911626172657
0.0009031993576498693721248054952
0.0009019132352764703498795357492
0.0009006301660046990757641918551
0.0008993514163691772204759498397
0.0008980761845028004461947039430
0.0008968041948977063887218343623
0.0008955358240771994121930433563
0.0008985663995656257682750889631
0.0009015887670145821019364408394
0.0009046028322879126307782002902
0.0009118843231009752196920455711
0.0009148735224500253292061316457
0.0009135906577244171559550535328
0.0009165704519010759138296734357
0.0009152876504954590246476398838
0.0009140081956690677041414463092
0.0009127343669566922706773482885
0.0009156977698623179366477348992
0.0009144239459218965981115250757
0.0009131537395349802573710603067
0.0009118866935092678081027612941
0.0009106243241599403271429195653
0.0009093639382316745718381697854
0.0009081076890156972947047237626
0.0009068553052197080582150122166
0.0009056071515212286398582703255
0.0009043633204368561484878778576
0.0009031214243090186731292153933
0.0009018821973193158716374075886
0.0009006470139182906678244428424
0.0008994139694857301105571835636
0.0008981855695984139374441694349
0.0009011089189167155599709576070
0.0008998812818653191082832191155
0.0008986576595922423661679085197
0.0008974375765532033354339445346
0.0008962219841877344865893276234
0.0008950078497559312294328722543
0.0009020260047007327013384347486
0.0009090250887092764386527759283
0.0009119004242029573359608504307
0.0009106717502690370944471275468
0.0009094477637031113538931151029
0.0009082263429136353906282805362
0.0009070071072075529814891756292
0.0009057909110869692609316366901
0.0009045778655324933966660873104
0.0009033691880170647658035016787
0.0009021638780333643024179307914
0.0009009615540326189663974126816
0.0008997625715161323000312403463
0.0008985666724132251451722932254
0.0008973739246451904767015883556
0.0008961845216097297459459551019
0.0008949976767219327349217064067
0.0008978350424164008795467653490
0.0009006649935148336397226591944
0.0008994768071295452224207430522
0.0008982923743949571698945844067
0.0008971111959535594498198196135
0.0008959332209872302485061352966
0.0008947573052404882215525290773
0.0008975695436820550601641685743
0.0008963962509857965979189613939
0.0008991985838682074775297788716
0.0008980245558947418329957468363
0.0008968549247562962165330533907
0.0008956877565168910264691453274
0.0008945239983573537882804207518
0.0008933630397177025534935971079
0.0008922040814486397800483779445
0.0008910486903861132428326705737
0.0008977615831274189908516200798
0.0008966020943765651664937118927
0.0008954454944556862422917832796
0.0008942920095501790329865775062
0.0008931416273306378809617035720
0.0008919938630630327247139754745
0.0008908488242163286894226599874
0.0008897075623886370279783943938
0.0008885703611579241555872114192
0.0008874357868159391037458373065
0.0008979491847282583427122077292
0.0008968040855254781722277343158
0.0008956628565891576395777289711
0.0008945240778951684297877340304
0.0008933897071062730924739753133
0.0008922556822692825943405384972
0.0008911253625661749461042406004
0.0008938444546699520321546231246
0.0009003999129510950458971576966
0.0009031016118435054862320335215
0.0009019633924253677077252630062
0.0009046551143753720916978272557
0.0009035171612022308666272022534
0.0009023844466381911668766414764
0.0009012528727823413896682466130
0.0009039334895296198363195343803
0.0009028028138727566204509499737
0.0009054746866771201572626344702
0.0009119357464893529061954882783
0.0009145893637307931756698218817
0.0009134514703813416110324666472
0.0009123161929501899587441168943
0.0009111831786863669465554064515
0.0009138252426718296794596077499
0.0009126943109531626626574221356
0.0009153270294433742773316085681
0.0009141962461523146357363710161
0.0009130687228153516047054318028
0.0009119435402485684471390055742
0.0009108210292069586832964352433
0.0009097015198441721098176886267
0.0009123183567930396284698720468
0.0009111995360190355328105587815
0.0009138071812794789225261389115
0.0009126886062078304453196995226
0.0009115734539142279633916697124
0.0009141708171459852169814626079
0.0009130577032797285849309404410
0.0009119458581482535374329076922
0.0009145342474329094445537060378
0.0009171154219866043267655006331
0.0009196901896611726290409155249
0.0009185755713684141754260659942
0.0009174642218206393655193127033
0.0009163563514653995592792610917
0.0009152517254029534590280455180
0.0009214795130614081600623291594
0.0009203701402578817796550168464
0.0009192633398141139220512141645
0.0009181596550191179170551518444
0.0009207054310175887278069093479
0.0009196026640645007780365526431
0.0009185013436637581548716108271
0.0009210380798047110857403631604
0.0009199392615898735770363850777
0.0009188405115202148137913088896
0.0009177461469118345905472167582
0.0009166550378785124191933023604
0.0009191790449410343961151830194
0.0009216965913552431184610165656
0.0009242082455353930375797060036
0.0009231142227820066942367007094
0.0009220238120513501812744205949
0.0009209350907976526197283706532
0.0009198494953622288028389033140
0.0009187657132480097595057338046
0.0009212633270491620569911449053
0.0009201805442428472801537559797
0.0009190996699359048277005688044
0.0009215874064759469999253388182
0.0009240690671571352721885134253
0.0009229885869163721370584206639
0.0009219097082488054162465238608
0.0009243824670806211852882835246
0.0009233052352952558921184082776
0.0009257713196033932310877485540
0.0009246939128012040249710033518
0.0009236199851995939410476185695
0.0009225480298619480264687869483
0.0009214785733455989496073901013
0.0009204117133350141573278720874
0.0009193469085204316264714621770
0.0009182859590312698013787869852
0.0009172266218100855286554767898
0.0009196733952088271802623326533
0.0009186157518508678933337721825
0.0009175598130755102582681267897
0.0009199976201373271462651082140
0.0009259188786830629572924594222
0.0009248582812810288900305218059
0.0009238004407056577779558709116
0.0009262195508872479730396220774
0.0009251627866822666146373933857
0.0009241079214311914167713412745
0.0009230551714733275982842444145
0.0009220041889322636338364098117
0.0009209565500939149552043736241
0.0009199105717331015234015284346
0.0009188668741531400761481914484
0.0009178262837583669793038931274
0.0009202287753221610770077428251
0.0009226246627052817127563839202
0.0009215830387619740780642607614
0.0009239719578648947596489209651
0.0009229318026465445786024887159
0.0009218935732770027444397319069
0.0009208568627900539491523759623
0.0009198239387337902002224963895
0.0009187928278481946987297604912
0.0009177643489863395256942648372
0.0009167386979488214891173550235
0.0009157145290937659598963477889
0.0009146930700712670169076678950
0.0009136727723531702704601308248
0.0009228141566623184497227199764
0.0009217885716578256180577313918
0.0009207647889140003107955032225
0.0009197425763677593919642248859
0.0009187226429622728854271243109
0.0009177051851192279508192374231
0.0009200540585833268432708054996
0.0009223972036257131091553507375
0.0009213793726198723138634882584
0.0009203633798524737831851079365
0.0009193495358108003779753773689
0.0009183384409194488675892580494
0.0009206706374381245904006571733
0.0009196603163541109683561457512
0.0009186527276187634200917559025
0.0009176467536363889234199930326
0.0009166422880012458953784621393
0.0009156411627679228441818951998
0.0009146415056655168577835509795
0.0009136449439055605473037859824
0.0009159628483573419771902060022
0.0009149660201219106227465519044
0.0009139707706302704154972713917
0.0009162798287294394448630589363
0.0009152866147940082031511333389
0.0009142950661790954307842588612
0.0009133054763242635602393474989
0.0009123189329751186932401198973
0.0009113336376562958834288648649
0.0009103500824499786001575846328
0.0009093691543047158850364778540
0.0009083911821788317228702867269
0.0009074146905926318831588194029
0.0009064402091184814962066611320
0.0009087296609968243772425159250
0.0009110143114574597828664805711
0.0009100387080685731433296533032
0.0009090653010326156584284488621
0.0009080944766960873106382937416
0.0009071259320708374258736985131
0.0009093999598857964775889754621
0.0009084316015900075610598381189
0.0009074660807295663112434186917
0.0009065026227610210075535369037
0.0009055411406688535761889641423
0.0009045808302252210495765454731
0.0009068439152546543892290089602
0.0009058835806867020156140092455
0.0009081394989212484975957865875
0.0009071814797457132440892672870
0.0009094308212730771176473821043
0.0009084728821188196558555119896
0.0009107171894264551868838214032
0.0009097602058331026851487838981
0.0009088052015180627921179746016
0.0009078515779913356380859796888
0.0009100865017965949824116057957
0.0009091346931835665080320058713
0.0009081840587582576901139518860
0.0009072358635611207793989816824
0.0009094625331769691254834096471
0.0009085153694448324531187198362
0.0009139028245425240935336444276
0.0009161148626836735954094722768
0.0009151628563890328985269635116
0.0009142134106068376092351022033
0.0009132661357312811810058540057
0.0009123204527843603157203677371
0.0009113754047393897626736365859
0.0009104333511683029242305458451
0.0009094924152885429992427525787
0.0009085549189145350463308115788
0.0009076194923978589679199768508
0.0009066856235641144141844517115
0.0009057534968217316442771752499
0.0009079464374479157999345884900
0.0009070153695873303449644183009
0.0009092037146144942469074183714
0.0009113867981718633073556279253
0.0009104545355624927901196794911
0.0009095240950125548947732814241
0.0009116993739171996023277592242
0.0009107692836420039007865338084
0.0009098414744901431194159025453
0.0009120104985978341627286792474
0.0009141755252058059112940280631
0.0009132480027518820486875111714
0.0009154069110792675690664723930
0.0009175623987335716212911041108
0.0009166325950300070582226234071
0.0009157059747929791899268688764
0.0009147808776584834823219245596
0.0009138569155712905998498075678
0.0009129343635559774060640494684
0.0009150784639324023581607284948
0.0009141564502648785915183362499
0.0009162944238097722331015698026
0.0009184275235635405708814602958
0.0009175066766276480254474649281
0.0009196359143729860933507288225
0.0009217599418646211514687736238
0.0009238805245024738853328945106
0.0009229568871942918640420481163
0.0009220356556649919304205351252
0.0009211159050928796999483735580
0.0009201979060386323195601428136
0.0009192817445236067674311531666
0.0009183681477742590400976436258
0.0009204764668771201335336063911
0.0009195628620006139087910285028
0.0009186513129249995180094997294
0.0009177421661376298664196784324
0.0009168348284986413970020674484
0.0009159281120325000714982659042
0.0009180262923743584936135106056
0.0009171201929495798235203846469
0.0009162157987121256750712459459
0.0009183082775515224054592963973
0.0009174050405266839890447540177
0.0009165050364509682261941916018
0.0009156059953446842519895693070
0.0009176908212615646343349578677
0.0009197713590353845059639513805
0.0009188704063276086811588998095
0.0009179721994619590971999960524
0.0009170756831892858044400335529
0.0009161804772911596699521915761
0.0009182524766467925302486372725
0.0009203200585839701492526211249
0.0009194248434922590063633116384
0.0009185319153667890271992971784
0.0009205928991413949721964481366
0.0009196996807300807640056743105
0.0009188087389056519404384661588
0.0009179189080481611017711153928
0.0009229143250703892267525754685
0.0009220223228966056385872196718
0.0009211323192523886184907581939
0.0009202439534407138309713094786
0.0009222882776862364213725657450
0.0009214011328211175712539380833
0.0009205144646581800052826743941
0.0009196300404962461120245891923
0.0009216667988227888312799239643
0.0009207834988230664980721548066
0.0009199019219885612423760941273
0.0009190212280308917069097306539
0.0009181420515521125357387323400
0.0009172646523131536619697297461
0.0009163903426673286447322442815
0.0009155167060793970987755587866
0.0009175416215662088079734390779
0.0009166678048628113480676002706
0.0009157964464250170953019890137
0.0009178150305783305042217692271
0.0009169439784180949867315670783
0.0009160744123084330031839441050
0.0009152067641232519640180492114
0.0009143409411410408880141990003
0.0009134766772249839957368150505
0.0009154852672725426560210313079
0.0009146211233412733909883969967
0.0009166256015514165274793799450
0.0009157627077947815202485632772
0.0009177631501830453685382680521
0.0009169003801523250906714613607
0.0009160394985792945330151134372
0.0009151806730350320186917920991
0.0009143231213445706824029088764
0.0009163151852561887767144956336
0.0009154579214071987275901258157
0.0009146025270062735031114312088
0.0009137482233262196829167261328
0.0009128957800906290935646862678
0.0009120447630186354320744457880
0.0009111952538811531945906351019
0.0009103479894416074677077978783
0.0009095026803561260480536400737
0.0009086590791491458468071991493
0.0009106375032292285269091114181
0.0009126116420782536435501871905
0.0009117665213933762510959564035
0.0009109227175780639723387437720
0.0009157016070953265646459729312
0.0009148571198514155447233000881
0.0009140139118317561618641609218
0.0009131718319428911767300952312
0.0009123320709614972538866672437
0.0009114932368861162179374999000
0.0009106555676172056821172090320
0.0009126116304308345244457008777
0.0009145646753305138043330623736
0.0009137264068973372022820114729
0.0009184586737895206190505874708
0.0009176192917522417211751066174
0.0009167807795297696524979784745
0.0009187195162790884800015288179
0.0009178811973732206785904696828
0.0009170444153530722688352596640
0.0009162097525100727233781863875
0.0009153762819676306244152886415
0.0009145444190598192743351927423
0.0009164751600252036441015934530
0.0009156434781626911419747894663
0.0009148132290869481989781848297
0.0009194924076499056591167238140
0.0009186608336079461116318183110
0.0009178301059164364567757967628
0.0009197478398322583126055832290
0.0009189182978062664674765751672
0.0009208317887088697328424137451
0.0009200024360591815269223901197
0.0009191748330468127139589830101
0.0009183483128016898161168189148
0.0009175230376368343841960858520
0.0009194285199268179658255783224
0.0009186032640834104709663274632
0.0009177804020197641203283130521
0.0009169594331838585480815230007
0.0009242977986051433476281534096
0.0009234725315697051316434830550
0.0009226484066476704885728693055
0.0009218254424398840418550870997
0.0009210037889465797479321576106
0.0009228915397507537360801189703
0.0009247754223713765048659660486
0.0009239541534640500800613010143
0.0009231337791979433470936966724
0.0009223155215267415009736484804
0.0009214971726389345712997233233
0.0009206813407174249728600518820
0.0009198672861182000611834147961
0.0009190534910770934626157980276
0.0009182418403932930485613497633
0.0009201147233240238237004275215
0.0009193030040813442465838874301
0.0009184928028147891521506761543
0.0009176849262888015787628857284
0.0009195513541610896692961974006
0.0009187437273274407912659566629
0.0009206064107990611829572488945
0.0009198000043694965453368017972
0.0009189935673571076104928849667
0.0009181887279430900044991923803
0.0009173860120288910294145171300
0.0009192415438726561423196961257
0.0009184390721682510225301158313
0.0009176372052896071358609363672
0.0009168371451889939268422701913
0.0009186868185534043804041517272
0.0009178871599966366924832514991
0.0009197323619459437428492575852
0.0009189336664060462781403632195
0.0009207745750484794992830592691
0.0009199766031149270021385702461
0.0009191808413787232035060347924
0.0009183849285838193857286654529
0.0009175911161046505366120154807
0.0009167991601010099886463201875
0.0009160080228564483528065007743
0.0009152180198076166653227055169
0.0009196703124047814190269540931
0.0009188783479513566437813313850
0.0009180878330622727487075433681
0.0009199126038190535842866519875
0.0009191230352082710416188108764
0.0009183343552021813429961124796
0.0009175463248737791909268876622
0.0009193653539886169241025305984
0.0009211810946742917361031705295
0.0009203935937955065048768721034
0.0009222055194194265574876456070
0.0009214185696969837964629919760
0.0009206327343254893500434169896
0.0009198487162771070305941011174
0.0009216547349477115882677950497
0.0009208705575836362628520314146
0.0009226722837125228250555136007
0.0009244707763867718116606404847
0.0009236861253460646272336523007
0.0009229029683729303636429029062
0.0009246976042368938892155826543
0.0009264883286280600512960986604
0.0009282757741102983311091626857
0.0009274909903347949951870125377
0.0009267089273287612742367986681
0.0009284924137027669456966514779
0.0009277103722452032166106473513
0.0009269289578188165121863363028
0.0009287079637836677102121761897
0.0009279278998195970714128939823
0.0009271486680805135360568868396
0.0009263693610588416076313628223
0.0009281420672778114733514451312
0.0009299121723258261233938567645
0.0009291336628704615997055241219
0.0009308999563572749734125168316
0.0009301218484840878081891198620
0.0009293461898220014964137447519
0.0009285711515989434027066324024
0.0009277971822945181226480971995
0.0009270244327999758746569436529
0.0009262532665325669593657705300
0.0009280114010282125315539936138
0.0009297669038468659962426277658
0.0009289952431755054070965113964
0.0009307471498826706360093664607
0.0009299758821569980190484478238
0.0009292055939143673975948689761
0.0009284368919964135896382850925
0.0009276690876731669458686220347
0.0009269031668092599947758624389
0.0009261374539794556381954698110
0.0009253732222759553076667237237
0.0009246101970798402094740149924
0.0009238491172619475453673018725
0.0009230887665758196896221580723
0.0009223302022388664053844573921
0.0009215728904550000644185946029
0.0009208171304462135836494760051
0.0009225550311444687524184789878
0.0009242905965383586590588289133
0.0009235340901428848047631193365
0.0009227787516730942145752096792
0.0009245098550152221350667986146
0.0009262375896702053071196850584
0.0009254817423228893373603528617
0.0009296850874658835768726268973
0.0009314048635466273029925097436
0.0009306485823700597276851712826
0.0009298913758822439633865844834
0.0009291363786360784652676675820
0.0009283824394778358865261108726
0.0009276293823101723114842396930
0.0009268774648440403417914326778
0.0009261266359781159257469156497
0.0009278376659766212992954378060
0.0009270874260364578556729875123
0.0009263383308878004293839659515
0.0009255913430770732266152098790
0.0009272971080901036429960476768
0.0009265505541384636682842055283
0.0009258041714906363232226730642
0.0009250592186485493057401130403
0.0009243158402507170719248419520
0.0009235737369464325934779866689
0.0009277139429293808591466622852
0.0009294085144045110734366214901
0.0009311010930365377130320603122
0.0009303555480763590220739869558
0.0009296113498918768761885841216
0.0009312988002473107321088061503
0.0009305551133394322191132001406
0.0009298123843387057385828965586
0.0009290702442551043407663440397
0.0009307527933955565598263231481
0.0009324327214735093397845240462
