0.000009153922607387927242365138120
0.000004985324845596633672137717392
0.001509287935704684070826821777
0.002014166958530785712447961952
0.002267288049683338527193936871
0.001815722523655058277028084330
0.002017629372913657243596458349
0.001730591374485410603860920081
0.001515143278051536169259669189
0.001347590517662058198243263266
0.001213450794504913597639403185
0.001103677967396522404220811715
0.001012231115375827512049910957
0.0009347929470349881436457849024
0.001084278898081486760408699375
0.001213852771951078042773151628
0.001138361894208899926606597691
0.001071729426853708825711883174
0.001180406279389023287780041051
0.001118591623841975672802705543
0.001062946192341571090108187905
0.001012652982276585138149704853
0.0009668979235906521327201954961
0.0009251079174129983944483943277
0.0008867760826377132922100137101
0.0008515351834923283298074964154
0.0009352234597672836289459330334
0.0009007915733867978252492007767
0.0008688371357149636959405109786
0.0008390895233717646814468677873
0.0008112908718673799949373969650
0.0008828067938950339986292241616
0.0008553878590707010736852651893
0.0008296274048262064956709186986
0.0008053575931115240715446657512
0.0007824925371335057106703135681
0.0008449006136520605993666311491
0.0008222151010043686447922777312
0.0008802682857198018676096257024
0.0008578251263705843747699667680
0.0008365099338539204095950508410
0.0008162372388643308940805165986
0.0007969166087048063498634646996
0.0007785050410844564996421977910
0.0008296514266779919305804451395
0.0008113205225262121930898672453
0.0007938003696527602049854709902
0.0007770130994421156364957161687
0.0007609335733022917598989781283
0.0007455083531548586785617605123
0.0007306963580139516846273481478
0.0007164669065184928546653387467
0.0007609336571497317842679211327
0.0007466706570676012537858035557
0.0007329476832981220504316375218
0.0008296510191447984745762839367
0.0008149234599036338381086116902
0.0008007334416422469199461619788
0.0007870231813227051937470198562
0.0007737667370783138054717858426
0.0007609688801846796606599089182
0.0007485800543003826018933137204
0.0007365893261935356145178397025
0.0007249800950976506142113303701
0.0007609762057090085145306001111
0.0007958705483168990007393110637
0.0008754920015109296628183144725
0.0009527698345480766923486661692
0.0009388292255477048838302634567
0.0009252886519201550727725199045
0.0009121476120332749985274015986
0.0008993821993409477407533824691
0.0008869649798795471004861741487
0.0009163001426950357474451980325
0.0009039960719962614882357759164
0.0009323244539728251268180914289
0.0009996888157755679388329886178
0.0009867752891242970934544286759
0.0009741987024239025121555957982
0.0009619300446613444301404788643
0.0009499680653110430678165595566
0.0009756353450526024738981562269
0.0009638165570964057311010658655
0.0009522685691919768190465915236
0.0009410085816213323837037559313
0.0009299962720759082104601893365
0.0009192432256318748240094126059
0.0009087405005976259771396500395
0.0009328295371685111269776588277
0.0009224039940253363130161284257
0.0009122060409453675633441460001
0.0009354609303103522149157580066
0.0009253477096941679175236491222
0.0009154578604776098345867421760
0.0009057667283490653369852724142
0.0008962873041554611175358890386
0.0008870024851846153685183047651
0.0009090845423200258640312899781
0.0008998632937755049096394096347
0.0008908190682430635181581456076
0.0008819701550358880080954660481
0.0008732839601136041443349178823
0.0009240664420639626177827545796
0.0009151535592179989897284503761
0.0009063979814448574622664027715
0.0008978100335997646272133534209
0.0009179157736107818179076977615
0.0009093815537547847091825663881
0.0009570012148305504732072275410
0.0009482658635649055037597750931
0.0009396943144071689490729891219
0.0009585118910954512573067317458
0.0009499921115712817529620987537
0.0009416312096742299832150990045
0.0009334177808782903024143912727
0.0009516362602372671368341889488
0.0009434791973693626609808071252
0.0009354523714417789122068341561
0.0009275696982136574093998067333
0.0009198273745077403223626952634
0.0009122138933789391884691367628
0.0009047171690280574667151765152
0.0009221271422342928508205082469
0.0009146650189230487157715046378
0.0009317151076194217476311614612
0.0009243007969500326967194813247
0.0009170056169260229525016366019
0.0009098267537870301485883550602
0.0009027550462564301388904192172
0.0008957950967469966492253600829
0.0009354597597861068698487154188
0.0009283589807100755644175811785
0.0009213674057748415404459630983
0.0009144823370276118358143309533
0.0009076945561168246686697612260
0.0009010086841649669412633368913
0.0008944285300715938969520184950
0.0008879348619626470529953692818
0.0009034473741806907142626268524
0.0009187340670709838699984821049
0.0009338062916005219511259386715
0.0009272267834354158047154528133
0.0009207314230748920557951584374
0.0009143284000400187082386488875
0.0009080168438797022848110532505
0.0009017879202901385721085575802
0.0008956481596183486971351954935
0.0009101597678346843729715012428
0.0009040382885796742039263472306
0.0008980057288609603609679970452
0.0009122204790994544534283522379
0.0009062148448665819723077180836
0.0009002918404478672878270226360
0.0008944360864515050697125769460
0.0008886646969547101047543359055
0.0008829654107774873099395633049
0.0008773375764830299797613839850
0.0008717812801136741064640866715
0.0008854336985984245593233137314
0.0008989155489046286091467103138
0.0008933407485032604980340879726
0.0008878248029293574884195526284
0.0008823746896274033575366178143
0.0008769948147010603945874757015
0.0008716771954947966821295553820
0.0008664273559895598521847193685
0.0008794563219204858235328781200
0.0008742222240342809637706505634
0.0008690493442579751492167905250
0.0008818334841833481432489866345
0.0008766772259210100833948719952
0.0008892620995931872680721281650
0.0008841258004637454739018738986
0.0008965263731593914694726804948
0.0008914036807217659042713318309
0.0008863379612959587142650147626
0.0008813277238783382776850961326
0.0008763766801365993857220966911
0.0008714826333158500652626444093
0.0008666442874110626992619378627
0.0008618603773204219457897571840
0.0008571242691883077536377525838
0.0008524427174879702656855281693
0.0008643348204446918860102344047
0.0008925328584868296258453509054
0.0008877361385568154614829357283
0.0008829877364357844202775619160
0.0008782974585615565596332418282
0.0008736577603833259434299908712
0.0008690655062272066822833847659
0.0008645182168193720911491065697
0.0008600190190615330961161653217
0.0008555657331142954245942490954
0.0008511584420909337504959802269
0.0008467939034824937384747031040
0.0008424783517337956205180398800
0.0008382068330357680101194045003
0.0008339812400681710638102432156
0.0008297957791878103675175586879
0.0008256551409188881456072081192
0.0008215531606647411780635840678
0.0008174930244439809980077827053
0.0008134688893964284739979375971
0.0008094878509029458449551940264
0.0008055424051942459917243433077
0.0008016417011617700669153410951
0.0007977753102464743767157669569
0.0007939489270361388213033436051
0.0008046969264468063562040637820
0.0008008736038058464898011612081
0.0008114832223159042295506147212
0.0008219918476320449480163395076
0.0008181382720818796271912817211
0.0008427133360707108355515327093
0.0008670613033939165155926199776
0.0008630469575168827038297378354
0.0008590748643317231627913542132
0.0008690719489939143812892582743
0.0008651099183450943667226409389
0.0008749910789430984810568897516
0.0008710381609137122101066239989
0.0008671210153509629258222483218
0.0008632436923240461953271726314
0.0008593953965177103141265839348
0.0008690786545542664338819687791
0.0008652370045711104699600184743
0.0008748137497201978737064784536
0.0008709867299261687261961087221
0.0008804484741805360861468444858
0.0008898263868241826620371785839
0.0008991273458139807686823013465
0.0008952585688140939768276946769
0.0008914262982608844867530356476
0.0008876331542593836202938908249
0.0008838646584458003929994501577
0.0008801286221908189706547429318
0.0008764207556701286747322820508
0.0008727457085294328807422511514
0.0008690977112864198922618567640
0.0008654836871927952049060561679
0.0008618990153675983701499542419
0.0008583410527609516804244044077
0.0008548152332062536795587683761
0.0008513172094225139130919615571
0.0008602443971905003289729037646
0.0008690957245817378036086788315
0.0008655849193457215903342797756
0.0008620994003728908429336352816
0.0008586428975095658317563629023
0.0008552156271777344948582933424
0.0008518201180492881603190176357
0.0008484429600376047895558751719
0.0008450940569600824476253090600
0.0008417748825790560733953411513
0.0008384818420376368905182151033
0.0008470724884301164344780814686
0.0008437826936240234852737001051
0.0008405184990571018740514926069
0.0008489999456915418349682929088
0.0008457429340356817564208034655
0.0008541399514449599390702234099
0.0008508871516999442511289781717
0.0008476595312698196218890333533
0.0008444557577370601476934222741
0.0008412797089513860365405520124
0.0008381234972116613294678426916
0.0008463592200375240182392808304
0.0008432069400880255673491786210
0.0008400778416816259092869600216
0.0008369740490089374193519729557
0.0008338932464638238527310968209
0.0008308341665217434670858459721
0.0008278002708586975700806376534
0.0008247872599896671296094789044
0.0008217959067390940961498291821
0.0008188279723054399138333622868
0.0008268395302558386261091662820
0.0008347922536025768069314479914
0.0008318066351865454237018816409
0.0008396835644498103951438232246
0.0008367044176009030271171616757
0.0008445081821029976729717335760
0.0008629778790346572903231364406
0.0008706326939848156197600059355
0.0008675842783476916001279347791
0.0008645578962749185724556080706
0.0008615520368323081022795014132
0.0008585668046993551048506466618
0.0008556035732631601632824315843
0.0008526595817336196988185632162
0.0008497371551871817688130557853
0.0008572264019799162063316337689
0.0008646634135801746810499636975
0.0008617318154831630743526722153
0.0008691010452048561967418731615
0.0008661748993142018430351089082
0.0008632657412555839684795992105
0.0008603767894350254919267410003
0.0008575072256922816440124347851
0.0008546571080287978170146292850
0.0008619031490142554036385114706
0.0008590549854203192797860413465
0.0008662372671268209890817731516
0.0008633920886389035852725875453
0.0008605708247179219978265345202
0.0008577643809882153849496898830
0.0008648584929198588010926897376
0.0008620563652540214384634889290
0.0008592745138845936880234952281
0.0008565075922094198084189659115
0.0008537621762973159741164697094
0.0008510358868082812489388604434
0.0008483238458898657707363104590
0.0008456317653766365117402383346
0.0008525872765776823772797795946
0.0008498970870270643728430020837
0.0008567942108968108780206045388
0.0008541050481156219321653502031
0.0008514359642218808645328469215
0.0008582622560435902094757909028
0.0008555965764197238673910341036
0.0008529477899424245296692973182
0.0008503165939795509087966739198
0.0008476985706572205844836906737
0.0008544326433546107630227947122
0.0008518175027872956048468933264
0.0008492198096476483743086056695
0.0008466380037680715233527459252
0.0008625101862461665988515499985
0.0008690958952150129227088739184
0.0008756391955384812668517110375
0.0008730084983558142637404414713
0.0008703936475689416094973824261
0.0008677945015408739723840313186
0.0008652095487787107113441185297
0.0008626411204833726534944555763
0.0008690905446587550957126876938
0.0008665261153968013430860665823
0.0008639798374232022529058214464
0.0008614458816940342557900975895
0.0008589265623647460825287964742
0.0008652923739302540875360798458
0.0008716190858390136553654851431
0.0008779086414230911668425279779
0.0008753718247111421897043809389
0.0008728494809163588780623475209
0.0008878202153489722985952010150
0.0008852762393853538513275840641
0.0008827479353892186566129664331
0.0008802351688854572482601592459
0.0008777351916914844153209907700
0.0008752484161164267518611658386
0.0008813689377308348589107931749
0.0008788862846217543426383370672
0.0008764175900397011946911356490
0.0008824816860848867536024355531
0.0008885119124542764256774953195
0.0008860367441395064278398413383
0.0008835787267920561228824577364
0.0008811310881641601622681893159
0.0008786975557570722327042220916
0.0008762790263549426961998178746
0.0008738720885990607328249079918
0.0008714779077564825114101300347
0.0008774052539452663275369717332
0.0008750125056730816339549847032
0.0008726373335672261992095408426
0.0008702723619606728447523110474
0.0008761382254898638542780335396
0.0008737779571024329865541286339
0.0008714310569656542030186952912
0.0008690955740172308901300153298
0.0008667719090011948701730727475
0.0008644599666221968769739243803
0.0008621625905796891210799332873
0.0008598772906175660165854312928
0.0008656453489850348034503039432
0.0008633633518535669066704780666
0.0008610924602820881956218382175
0.0008668116572124773478860819915
0.0008645443660645575552709382408
0.0008702244812932184359495066752
0.0008758750985554488484087233041
0.0008736057274413028316172440707
0.0008792169177499410984839244853
0.0008769477737205242879032037347
0.0008746892278885562633118317634
0.0008724418815485182991492321384
0.0008702077698775751957128326610
0.0008757560450335144504575639955
0.0008735255968855996980583802485
0.0008790372412094749400612422368
0.0008768079341722314183826762146
0.0008822850411038505885182916799
0.0008800590396036935864941145522
0.0008778424547475040483240590575
0.0008756398381548651939945377955
0.0008810644736546796399465197254
0.0008864643392306324219491589412
0.0008842546105240329867366510308
0.0008896163388792675225332080803
0.0008874097710873920043621843508
0.0008927378875969498519442231124
0.0008905349785977893835669265507
0.0008883446773353757433065900626
0.0008861647397939413516027552465
0.0008839945231908488278230590318
0.0008818356458316083562267503882
0.0008796857803322951138657997679
0.0008775468754630549888729335214
0.0008754199659808328898529005714
0.0008733030990784325609709023016
0.0008711948152939462767868834111
0.0008690984528092074643127461689
0.0008670118356123727497747293396
0.0008649357157629181004515062584
0.0008628684766522766042911034670
0.0008608133088903066574985222582
0.0008587664799519758063806133411
0.0008567296386052168756992923486
0.0008619011508519529932719354996
0.0008598671925009957103279738911
0.0008578417888274439960287804206
0.0008558268272269165466513432285
0.0008609516820845803173159346801
0.0008589378081174422030583997544
0.0008640325898935624344109992787
0.0008620215766100346524232410300
0.0008600186773302140891952200318
0.0008580284911162060964708529687
0.0008560456830254511954918759871
0.0008540697398738104921678327914
0.0008521050631170668564704685396
0.0008501486425776469585773558447
0.0008482018428570743626094419744
0.0008462635732210881344710502910
0.0008443356639180938245428574418
0.0008424136453927147221193318389
0.0008474061545347092388461355745
0.0008454867322027994247293721407
0.0008573228874528257392626237183
0.0008553898909425016579145994950
0.0008534650195539268010896323599
0.0008515500775088193604904941857
0.0008496441736446676517109751051
0.0008545410802000544354785065273
0.0008526364009313097417212140461
0.0008575055230369165509499396394
0.0008556010953734349003235102723
0.0008537047430123870820828975747
0.0008719787787671350056557116842
0.0008767602065242285290699204869
0.0008748310465537649105473931119
0.0008729134604038601653805774809
0.0008710020099146349416142875716
0.0008690994313803076014619975515
0.0008738388181249740646120788145
0.0008785558045621313404562547264
0.0008832517936332574687468108111
0.0008813409019488644635483041892
0.0008860096244494640994749918113
0.0008972190314849342016778395766
0.0009083788077898629663560491788
0.0009129594765760986341151967925
0.0009110020899219270959584576216
0.0009090542092010353490660488581
0.0009071129205622386973111439742
0.0009116558900451639707963231727
0.0009161804234941680521086716382
0.0009142385060010586220473714315
0.0009187388757514176070437344525
0.0009167974394102070096888765164
0.0009148644233183303142524265352
0.0009129405477043273917670412640
0.0009110245967977454691263430569
0.0009154832054837882610054100524
0.0009135709237282097308179468505
0.0009180049242703944652504204505
0.0009160953685693405999510977423
0.0009141939769506804785479810576
0.0009123014608992709719025266032
0.0009167023697950141718011883876
0.0009210853978139440576453732099
0.0009254490571632273310503308882
0.0009235459020967359718269264594
0.0009278877090815110257853407460
0.0009259886861032495879604535250
0.0009240972740508450094486227059
0.0009222151135768668064302973865
0.0009203406510855485786744911785
0.0009184719716478627093387229030
0.0009166138863574306221390108876
0.0009209107762364784316546367789
0.0009251861746385936657097361621
0.0009233241141874411497075221558
0.0009214686525749254730988863657
0.0009196207465672547020367546517
0.0009177807552532308469739755926
0.0009159485210540963320157947087
0.0009141228966884090082109709250
0.0009183516499517183676518470537
0.0009225640707937895558015069258
0.0009267597089951502527309160031
0.0009249271091797591143824843572
0.0009231019627363126118221733668
0.0009212849505635868628575943498
0.0009194753013012315960777538529
0.0009355648161836768658843647447
0.0009337329206169072197742364105
0.0009319093248906779858752104945
0.0009300916013599307883485711906
0.0009282815290882698419713698795
0.0009264774550100180762771855347
0.0009246825562146499226407482507
0.0009228930374717034864574208821
0.0009211139994333930120402294435
0.0009193383327260261752290236517
0.0009234183058835746799055923280
0.0009274839394250927678750970491
0.0009257096137434714099790747506
0.0009239384158854947641516798256
0.0009279792897430184150925781052
0.0009262108803603419833507259215
0.0009302310820288056598511609430
0.0009284646010942775414956204987
0.0009267067672279680396742177408
0.0009249543991750585237691538218
0.0009232104182244167723659546394
0.0009214723497914380883840252910
0.0009254555658021865768023346891
0.0009294230601775607231159697081
0.0009276817327046149236803095388
0.0009259469510528413354730099028
0.0009242187763440137410454799197
0.0009224990333062885836872428198
0.0009264358306432893565440787602
0.0009247171728384780294892462575
0.0009286349501170422867711119234
0.0009269191043959525384613418403
0.0009252098617829071424132782989
0.0009235062047409257192138064564
0.0009218091845035898656617746820
0.0009201192707080705390546693924
0.0009240029567417526561063141804
0.0009223133718802134191388005722
0.0009206303236239479211397551269
0.0009244937466374964767058904729
0.0009228132004847499266863433239
0.0009211372843285713492921490726
0.0009194677073083684241183477563
0.0009178054653633729580023303458
0.0009161494230725767189541461879
0.0009145010398787468178288906226
0.0009183259809959388214355851410
0.0009166764800413351405770939694
0.0009150335827207667076782041767
0.0009133974179333896740907208748
0.0009117677854874371440432169273
0.0009155625320381818044941770958
0.0009139336753672617118664695540
0.0009123109442398347915338135485
0.0009106932360544054211174365822
0.0009090814480618166050112411678
0.0009074760559597170762490907835
0.0009058760118077100681997302117
0.0009042829274132032210468496880
0.0009026951484421935745512923489
0.0009011123244221020186077951795
0.0008995333008353559467277551149
0.0009085906205378089941310368313
0.0009070049813478782782933042143
0.0009054260181746694291725859232
0.0009038506556183870624107164240
0.0009075602009996946043705880664
0.0009112555664448424445511514202
0.0009096786031189741054109662667
0.0009133591872120668518617166049
0.0009117846786141255458660254855
0.0009102159347439765318521474173
0.0009138757304760241416336392176
0.0009123087909531580759537979204
0.0009107469299974130454785390353
0.0009091909081330755216798667746
0.0009128278232726983994392425578
0.0009112746640648824551358553194
0.0009097241549133982130076264438
0.0009081808122152228309543957192
0.0009117943537342414794877702595
0.0009102519610452861157041195367
0.0009087152721525233276182441614
0.0009071841022755708893786472084
0.0009107774864461459196615513064
0.0009092481604381104756996669016
0.0009179220714353398337604983842
0.0009214752438256560337790676788
0.0009250178574109094180547779330
0.0009234735200952931428628225416
0.0009270004590764945132117980816
0.0009254586784068418567811012884
0.0009340209173975838451940939457
0.0009375124903578717914510665457
0.0009409927487352902966906338573
0.0009394384840726733085416272098
0.0009378901953389226774472910013
0.0009363455368258579154259302950
0.0009348064511052649019803453239
0.0009432523919723204687599216714
0.0009417060007347517425633272376
0.0009401654488138835860861464920
0.0009386286035715050716904538164
0.0009420553850364380906236929498
0.0009454705005375482728415156775
0.0009439344645624024028649324972
0.0009473355218659103236287260123
0.0009458010050875838532776401024
0.0009491896887175860096829165563
0.0009476577378019716413792244493
0.0009461294179609474053693148312
0.0009446075245524018036097076057
0.0009430909357252146381026618391
0.0009415770810434857274045404411
0.0009449391530067184018312791532
0.0009434285190160723033582307241
0.0009419212653638201055040935589
0.0009452641280126218342095777835
0.0009485979052113282059801818537
0.0009470919308196478191271381785
0.0009455888876722236980911793786
0.0009489072423119910551375584101
0.0009474063834615109392846309769
0.0009507117553017831848441624715
0.0009540057747071954560089239058
0.0009525059504082712590646698283
0.0009557864439515371130916579601
0.0009542883034616978528856082470
0.0009527934401407294210485805844
0.0009513042850535201023404416912
0.0009498192305057882617797139982
0.0009483378270073750582438024015
0.0009468604873684870951551201573
0.0009501129213237552203015708440
0.0009486398491174150366276171355
0.0009565908138262749359398746317
0.0009551106832783370525898736791
0.0009536355755694143465058865556
0.0009568527186161708513414669901
0.0009553789147539241096429019266
0.0009539095248421281579428981178
0.0009524453763371502281030852442
0.0009509857400982970870814655420
0.0009495308763787808361379522494
0.0009480806228302744894413347320
0.0009466348180791391702188243765
0.0009498235493686125068886870002
0.0009483786608185090209288214015
0.0009469380445107422268446266727
0.0009455034942743320338472033567
0.0009440723358658979299827947261
0.0009426452494780587598809840933
0.0009412213828760047361237529898
0.0009398033564924600128538764890
0.0009383893436143708011988911964
0.0009369788476520537421452427222
0.0009355738135765835388397970945
0.0009341731100382751715642822096
0.0009327760117542930674504427667
0.0009313833030900367904066885936
0.0009299950448948104229949208214
0.0009286092989150111233483114459
0.0009272292007125039047640047759
0.0009258529485779141160356257336
0.0009289879306514327633182866091
0.0009276117953976664587758914730
0.0009262398860252672655695855397
0.0009248715038306202075041321255
0.0009235089387880410307344274442
0.0009221499992056199134541609515
0.0009207958850752945302559219982
0.0009194449555866071055062813857
0.0009180981396257990085423524408
0.0009212019574689678924527645482
0.0009198570315485216855537116446
0.0009185156702937668008179350257
0.0009171790406995086956559887103
0.0009158460519589561515842170055
0.0009145169547378469245843313009
0.0009131913322775557671832398380
0.0009118694355531219114056860542
0.0009105516475783952919822359470
0.0009136264888760254805205625759
0.0009166926009234542549480395773
0.0009197485140442097716152546260
0.0009184270897614097805255024436
0.0009171089508157616329134830756
0.0009157953499315350630907297984
0.0009144850540971726230593376140
0.0009175228430354114676779954607
0.0009162136971754235205148187019
0.0009149088270094705973831709662
0.0009136063806396671668696475521
0.0009166279356756952715399483699
0.0009153267532553579640314891934
0.0009140296687384379364278703855
0.0009127364046825318602238682448
0.0009114474366068371725265422741
0.0009144516633299203550942950608
0.0009131638153276931514434303364
0.0009118782725352564906427060008
0.0009105980418532186727280388537
0.0009093203037191105964017360443
0.0009080477119565945555257646884
0.0009110307247591225842744331212
0.0009140049726848613510709393985
0.0009169724181755943977005570019
0.0009156947841695901648724209052
0.0009144225438239498420748244138
0.0009173754390792295714663596940
0.0009161032709677365877689457086
0.0009148341363534983490076127512
0.0009135686593743347670019027605
0.0009123059349751959870901230293
0.0009152416690521923682732701589
0.0009139813928993520306159377261
0.0009169070687531472363252803321
0.0009156474679455820132513125210
0.0009143919734181075684867802629
0.0009173036073584944740410882883
0.0009202077509677662841519690301
0.0009189506629731302614560377149
0.0009218446899094308338353262708
0.0009205891252487810029608849646
0.0009234754802855231205383677413
0.0009222210476540316657618841407
0.0009250953197888471101691336960
0.0009238419738074583889636731009
0.0009225926606794393020161055409
0.0009213462449993410971872452052
0.0009242062285679163485065718595
0.0009229613760407354311995779018
0.0009217181587256389814988357673
0.0009204790435396913090595819562
0.0009274052573236452111520235792
0.0009261620644342296915748565552
0.0009249229569559269753757144398
0.0009236865315701611102403691887
0.0009265132358381754325648522357
0.0009293321582248360737425177889
0.0009280956870519379914112477493
0.0009309034881693434129281986445
0.0009337047697015237284686949599
0.0009364988250722799483877979946
0.0009352586656631545816782300007
0.0009380418848207429288652477955
0.0009368032129664257605742503177
0.0009355683124156398715688315256
0.0009383417599032493226610580175
0.0009371067594194006307320192513
0.0009358753844572370459466602594
0.0009346470169595026825478825068
0.0009334220065438768253288131172
0.0009401582490759694464128982971
0.0009389301787110843456260255618
0.0009377047309777104356742716766
0.0009364829749020947268190933633
0.0009352640579099797063400501607
0.0009380018886902083982477850121
0.0009367842906322984299014065816
0.0009395130001058915631133601429
0.0009382967247278829153629924272
0.0009370831272374282093620427395
0.0009358730473721799987974795117
0.0009425109496599035544183413319
0.0009491305033862666258255118116
0.0009479102408273318024523864652
0.0009466928994514884789770679111
0.0009454793930630382462337974200
0.0009481644559998247617163630114
0.0009508431659520118332107446783
0.0009496269016759169436476708702
0.0009484145824490927934883137216
0.0009472057238634902764598403190
0.0009459997264864784901499396734
0.0009447958488044842144289934726
0.0009513208932778613499173001056
0.0009501147754400750029295947122
0.0009489108677554609028687799861
0.0009477111312647297077452705950
0.0009503556830515783577437082886
0.0009491557722246445274657889456
0.0009479601112073247915099343024
0.0009467677089405266883994236155
0.0009455763545122238982519925564
0.0009443889330665046602694091941
0.0009470166265500184308795088186
0.0009458296904909682943626261599
0.0009446473522221003450942157931
0.0009434687071233009536745584907
0.0009460880229283665527991891124
0.0009524870782765532973418125693
0.0009513020433609790152174968748
0.0009538993225021443017508611194
0.0009602653452999227147326381387
0.0009590741861284077336211055946
0.0009578859935885198568371017549
0.0009567012118141646731804597563
0.0009592762594148225991353312031
0.0009655968015583767132977731001
0.0009644065290766750752542304212
0.0009632194292935584799775073539
0.0009620354906364302910975751379
0.0009608541362357702491032895264
0.0009596760337715710817755402012
0.0009585026682921289739622440293
0.0009573306941128761994923508909
0.0009561615444875019690688250009
0.0009549939242685234565544324379
0.0009538296611598174348705390315
0.0009637721335475718157161222055
0.0009626003214918303593721459272
0.0009651239256414175084452391761
0.0009676414865479592685152562398
0.0009701563872756256468493567999
0.0009689828446506756454447596555
0.0009678110418391232253527189542
0.0009666421943487941650870655811
0.0009654767154628779323827347478
0.0009679758587696268624713446663
0.0009668107199383232935016157643
0.0009693025684926993796838731049
0.0009681394132665351651946043252
0.0009706228988717829922331367781
0.0009694612844447452740326839310
0.0009683021322944240270079427333
0.0009671459828923453395326599586
0.0009696180902202040716117028705
0.0009684630245017686506328243021
0.0009673103936516621051029678743
0.0009661610637308139778693879197
0.0009650133844412065906710572108
0.0009674734101766986464887193983
0.0009663282086962981017182374556
0.0009651851865008621493550485591
0.0009640450966002571234606563552
0.0009629079298535018681528170363
0.0009617719383875573063569506994
0.0009606400437406371375227427264
0.0009595103922060247705725672556
0.0009583848088392150085694354599
0.0009572613445378981581185213567
0.0009561393408268046008927594848
0.0009585773252942669047900804152
0.0009610102251766556370069604513
0.0009598887250652710320926400482
0.0009587691172081388341948336531
0.0009576515954912478341934199749
0.0009565374373426361595551829830
0.0009589580960665585139815095216
0.0009578457609869641728798858608
0.0009567351654649468164654904867
0.0009591487245045375320116673748
0.0009580396222169639519280039491
0.0009569340388341754894180299463
0.0009558303975389150876581677332
0.0009547285714252873810764962873
0.0009536304748875605958759169228
0.0009560294006037516709667565313
0.0009584227863348699021274659029
0.0009573229481479757359955410453
0.0009562252220773605096170288348
0.0009586105408015379384579614747
0.0009575144897111877521582209779
0.0009564230432344486646061938009
0.0009588000338593859411173019324
0.0009577081613032343560543163805
0.0009566180541722858790584680080
0.0009555315891702476021494184420
0.0009544466643992746983326193275
0.0009533645268514291751628069038
0.0009557279236494412312320239652
0.0009580862553836017343659868521
0.0009570038791193394381777216105
0.0009559230249125283423457419728
0.0009582742555958786436527715707
0.0009571952398074709336366715235
0.0009561180442614773162169132012
0.0009550431796096072392855672678
0.0009539712577782454467565707572
0.0009529016497701304386138272794
0.0009552393654643086951268861738
0.0009575719068521963200686188253
0.0009565016030822679959932734218
0.0009554340250069248836682306838
0.0009543685674697559982529639262
0.0009566924740835618559840156386
0.0009556285040764854919444006995
0.0009545666048139786521347919484
0.0009535069737124905758303058592
0.0009524500113684053593971951397
0.0009513956068103165479037424675
0.0009503433446477292066309386235
0.0009492935222757005646563233382
0.0009482453192056969783224251633
0.0009471994403527726039454414469
0.0009461566886627123319753988786
0.0009451158392730020358621026905
0.0009440774920793774701390800939
0.0009430412349532506740003305084
0.0009453417598450985113897346154
0.0009443061912702611302190456384
0.0009466006662210272161602079130
0.0009455672976555410061375159189
0.0009445361101131794650149122378
0.0009435057659204424183658749586
0.0009424786815128043160488751181
0.0009414536441532515051735852055
0.0009404303470234970963800295840
0.0009427111190640173241665665545
0.0009449862182041294608668521597
0.0009439619185354187342511943995
0.0009495208654871736199101694691
0.0009484934657147567906552426356
0.0009474692908264703888806109369
0.0009464468413537451505445475004
0.0009454269045398329739145664576
0.0009444085811294898061118665456
0.0009433933500737531310167902578
0.0009423811025201533015273976578
0.0009413699527088107886159465796
0.0009436195294193496228330471843
0.0009426093218252061262801893159
0.0009416016804668357805663033257
0.0009405961051765700822765990700
0.0009395934742570102350730855840
0.0009385924033416564528579418355
0.0009375926919490747487639261618
0.0009365951190431377672495284401
0.0009356003621342893996169990576
0.0009346077559337168734493548050
0.0009336152872132323074870818250
0.0009326259075059582176408842495
0.0009316398011306871797225261491
0.0009338681538759087395782514240
0.0009328830175276847057105481013
0.0009318997752938867314999826478
0.0009309178406205074333396413417
0.0009331377188322711763430606881
0.0009321566481940822681175614602
0.0009311785192446905698658381819
0.0009302017781290538890033214302
0.0009292269024349260468050209380
0.0009282548498437677567193595406
0.0009272835906803610475317424222
0.0009294907718206192291493687166
0.0009316938969913563177614749529
0.0009307223750068392912608273294
0.0009329193092942765082086095831
0.0009319483462288976767638616298
0.0009309799863195054437625498307
0.0009300138221931640487493313487
0.0009322022365101341711671197736
0.0009312372101990291661713428109
0.0009302734303386065645426341743
0.0009293111784117251986174640015
0.0009283516852696328456047598193
0.0009273937079868193673358126801
0.0009264381903491381744325905405
0.0009286140693158330183809108473
0.0009276607127051114570901359864
0.0009267096095463041910416710154
0.0009288785663704342787804451048
0.0009279267264838348740517990622
0.0009269757157634062496598546577
0.0009260267561309604934291745378
0.0009281886516931872574790725718
0.0009303462715146842875007535044
0.0009293968685985892898881088465
0.0009284501612971963514378421711
0.0009275057667898856737145889738
0.0009265632100254308179167112866
0.0009256218308500016520717569665
0.0009246828398248590329567044858
0.0009237454831589292922625529680
0.0009228098491726651643189354880
0.0009218766774221986600525215960
0.0009209454023881989421297621334
0.0009200153678427741529057704017
0.0009190875910442984056145157432
0.0009181625286459233806642915235
0.0009172391656091046557609637233
0.0009163163624634447051797910223
0.0009184508267236294980467891027
0.0009175287554961147944984395967
0.0009196575098000568749013034710
0.0009187364492967937931636648898
0.0009178170946092018876782280343
0.0009169011869456530490859609968
0.0009159857600334600830728445728
0.0009181051110130962189907915949
0.0009202206733323640223752428774
0.0009193044892881327756746314237
0.0009183903203647916063314675762
0.0009174780697228794065202186051
0.0009165676398602298691454437119
0.0009186731850420677681490922758
0.0009177631959981563363397564316
0.0009198642722284175234925473628
0.0009189560876272921677340079308
0.0009180493467579843067595462704
0.0009171434059672761828065947319
0.0009162398052393630236526470537
0.0009183334979864791117976043980
0.0009174305981856761660290744097
0.0009195178783956874224402103529
0.0009186156251241804457616613613
0.0009177147159877885987230161394
0.0009168158937896116273860983494
0.0009159187508465806806350454667
0.0009150226522368890940692748090
0.0009170998594380866127688477082
0.0009162055286678814422270724887
0.0009153126816974135040423235444
0.0009144209564367494589777506759
0.0009135307968759626452142792355
0.0009155985048151731894617482136
0.0009176620815598303171143432006
0.0009167715439293174404419205067
0.0009158827421504222925544544854
0.0009149963841809387253391900080
0.0009141109493913284965578135250
0.0009132280359873719273038143575
0.0009123463037370856729719120568
0.0009114663708398467862112065723
0.0009105872561685746154874774430
0.0009126376200129536134365002082
0.0009117597813095405129632692057
0.0009138052270698961948878129520
0.0009129279559215520743142895415
0.0009120520238023760661966345275
0.0009140918054646383514148886888
0.0009161270441425575310109385499
0.0009181589466919088785735552713
0.0009172821465540057418088258137
0.0009164063264545719297720424529
0.0009184321550288875373504540640
0.0009204544533293791860074361232
0.0009195782871395324155184530784
0.0009187045626763858555233404263
0.0009178313043169829292868191265
0.0009169604111605260605716597136
0.0009160917893886781015309212392
0.0009181039762472387854142809395
0.0009172351354600462104430689547
0.0009192419750544185569095845943
0.0009212463068152543652363338205
0.0009203772180936242052617780237
0.0009223760670541374123846119565
0.0009272348792023809127359142789
0.0009263620719732160374785989347
0.0009254916067379786536636709020
0.0009246226990247994186248412644
0.0009237557760800490803054009751
0.0009228900560015375590130245571
0.0009220254492684728834310975015
0.0009211635025363236843772602326
0.0009203029179451951956696309315
0.0009222834119701164314703774967
0.0009214233053343275959759615460
0.0009205648965755085640568412143
0.0009225390679746604463931392434
0.0009216812216386596044359713406
0.0009208244623498283293183958287
0.0009199690497772877361033780708
0.0009191163429489538566986464342
0.0009182637753102553612142097257
0.0009202288900351778370918599006
0.0009193772143373491027234417740
0.0009185272066082720984577087800
0.0009176795421858953060549371479
0.0009168328561653660582285806755
0.0009159885594585815094524537255
0.0009179448635210889918605250908
0.0009198971248088715067850338233
0.0009190511810623803817050697854
0.0009182074756051361301655688822
0.0009173659177030969700613658209
0.0009165250676681948252203311175
0.0009184707438250380478953349992
0.0009176307291404761239361780438
0.0009167922065609175077039331042
0.0009159553918787152495651153836
0.0009151201966973631750703465117
0.0009142864486248035238673532423
0.0009134540599968548817852130672
0.0009153894758580574305182531285
0.0009145574333033248565538455307
0.0009137266597419127663872439749
0.0009128974858057716814100458052
0.0009120692396423187614955566713
0.0009139972096149192972169260917
0.0009131702192774266172733613634
0.0009150939326711220591033017736
0.0009142670328581067045868579041
0.0009134424643502495704823863776
0.0009181020896725644332360652469
0.0009172746292955259942846468990
0.0009164485007687162077203398775
0.0009183581520927524455321218181
0.0009202650147502950942633663779
0.0009194382587853626793716347118
0.0009213410062830956202378229628
0.0009205150181466783859330513194
0.0009196910936605472392990929803
0.0009188694741191428913015428971
0.0009180481795537071661470689509
0.0009172276202473828605989992388
0.0009164091071635805881021437700
0.0009155925530198739811395482469
0.0009147776024900102408201301134
0.0009139638868089377390677410819
0.0009158541458288997575576114807
0.0009150408941172271180671919403
0.0009142287128832290133290508176
0.0009134181425462238590810860456
0.0009126091786003258117642775630
0.0009118016540989745863310024582
0.0009109954023934101037788334459
0.0009101916396019657790661566372
0.0009093879225003821170894658166
0.0009085868473985187605169688070
0.0009077867862728340056019572714
0.0009069873764533114905211223679
0.0009061900631851663249820973979
0.0009053931076436075048293701142
0.0009045987431380842573052303722
0.0009064718538459730484666995423
0.0009056778852393592182339720945
0.0009075474734716957280716589889
0.0009067546574080291716647702650
0.0009086197726685174151928163962
0.0009104814521520437567593159963
0.0009096870472479784444910725783
0.0009088947568213900400053581748
0.0009081035334172794058541665738
0.0009073132141264819300340122711
0.0009065243562983638767674481683
0.0009057375958935403536474898263
0.0009049515695265675044826422352
0.0009068031433457511984742891910
0.0009086515709649161623392614446
0.0009078645032580862816489922629
0.0009070796001072153946147459309
0.0009062955612969726902397228000
0.0009055140184754272604564210588
0.0009047331167783625751956551366
0.0009039542823677088944120275145
0.0009031762420027854206314309071
0.0009023989141807511912249692260
0.0009042372446767364448546111996
0.0009034605011197917110563050388
0.0009079031258696825707916118066
0.0009071246403238620116881238653
0.0009063480480522710823698146037
0.0009055726564715769429457218053
0.0009047981828072496141557440564
0.0009040255117489126083969826359
0.0009058497439305243612713661797
0.0009050768682571286185552303445
0.0009043057877925330854827448574
0.0009035357924712287205151934778
0.0009053538099600178050702669105
0.0009045847827641074637504102897
0.0009038158185576820559014508920
0.0009056287874855961042887878465
0.0009048607903803901517630156836
0.0009066704824456386914772551154
0.0009084760814235679430130424056
0.0009102790865451880517076430813
0.0009120793292387936217943166694
0.0009138766708120171610833825103
0.0009156709635896110459292325544
0.0009174621374916749111126302311
0.0009166890130461130107966992430
0.0009159172742048828946695356494
0.0009177036978393696930762954836
0.0009169327150938035567240048724
0.0009161623132364719670685168108
0.0009153941614935469429612083153
0.0009146273039579712337543080707
0.0009138618916460958309987697578
0.0009130977667908350257344964803
0.0009123350029879404359180926942
0.0009115736738095777224581622598
0.0009158868079540055680433957341
0.0009176586666312269342809856020
0.0009244929791112402447668241062
0.0009237238445271120287104897582
0.0009229567016202909889749103260
0.0009221903091543852003081964244
0.0009214246671152156486480675287
0.0009206608367918281839600741887
0.0009224175425731859957980987967
0.0009241720086096909504293352553
0.0009234081633294859875207527075
0.0009251585848315290000695131420
0.0009243943689846754610109963522
0.0009236313454736572398969270570
0.0009228693336319541592109979552
0.0009221094446797824028202337595
0.0009213499046092295743523102375
0.0009205921722075413934683688911
0.0009198354441265278441519938587
0.0009190803435520400510955578616
0.0009183259602981723954124440079
0.0009200674452250155000868102670
0.0009193140195097032497041886731
0.0009185618762504608873722574975
0.0009178099494333980693903165829
0.0009170608377940227128415900256
0.0009187954399794471268834127462
0.0009180450968631250251402651258
0.0009197763486491104236179226277
0.0009215037151315319506897620560
0.0009207541215337019369975570454
0.0009200053047810588538348064562
0.0009217281758919551719820423526
0.0009209796060613881280684887258
0.0009202320642681256917317203538
0.0009194857410158926573406044776
0.0009187407822920681525413774749
0.0009204581198745923129692548474
0.0009197143260431090457630121040
0.0009189711459327688521861844794
0.0009182292465464012027990972663
0.0009174887732218476390194274945
0.0009191997960520797194709896257
0.0009184589947654669452227234978
0.0009177198114158552074561557406
0.0009169811823880774348573621563
0.0009162461026838059938532038845
0.0009179510760342853895813342588
0.0009172148593354181513147158789
0.0009164794604096301582175914030
0.0009157456141442383890135738633
0.0009150128750841018151365553342
0.0009142811669134136005163631080
0.0009159797196219158728651718452
0.0009152488507496134087147258168
0.0009145187135049761191890516836
0.0009186364647823194853324932949
0.0009179047112064537609042729153
