0.000009153922607387927242365138120
0.000005800810206684778177419983457
0.000005601911564869254301465389886
0.001010278036035515009039043826
0.0007597994214815647313004312372
0.0006091113090898757222371623982
0.0005084472046083606503426609918
0.0004364901439997210782515875538
0.0003826027510695901553928984861
0.0003406668715471759885896875175
0.0003071646475079770136569771322
0.0005543462038812334340223129871
0.0005086388784965705696598044386
0.0004698876734512789562163866073
0.0004367010880971051183844934797
0.0006094058528780688424763074818
0.0005716219846360862859276362105
0.0005382860349856505669694094378
0.0005086570946156588291896291214
0.0004821790583362340072541537226
0.0006094976428942645527024782824
0.0005807317660214662768179587639
0.0005545714687184756326383864094
0.0006621045681353491121085993755
0.0007606879346539752933399569150
0.0007305214879126331326855859548
0.0007026218547477543863789372964
0.0006768013296090728229676651470
0.0006528411257517687403526925337
0.0006305043754060530438794327470
0.0006096531943755513477938031026
0.0005901645296969540800778087607
0.0005718906677009766555273707410
0.0007379334908115117487696585468
0.0008052979793194935422630106736
0.0007824372411174484247039240271
0.0007608589031841020201988128584
0.0007404466478177391887443274966
0.0007211218248340412952919012431
0.0007802712783590480929891146524
0.0008364937364576297420466851270
0.0008162325904263886377332200851
0.0008688919070906005571224652949
0.0009191131636625774373542792439
0.0008983661791252395074203574326
0.0008785305574758298949606607507
0.0008595614908487073859275040513
0.0008413897895233823572764605556
0.0008239636398479223680668041556
0.0008072627026802965122750681210
0.0007912406018563494515548199120
0.0007758260363871129490140598296
0.0008191596160768570038127427554
0.0008038085784467625760253625465
0.0007890209089694802690817660611
0.0007747692113363584274496314656
0.0007610313143492370889997440354
0.0007477625182527616370685951331
0.0007349744134507269555408808161
0.0007226046581038091145834264152
0.0007610442697386320699897311155
0.0007486580231292116726128931303
0.0007366734183858499325478292104
0.0007250459756896866704289356085
0.0007138061430777427713341862810
0.0007029050573058496907642441532
0.0006923314888847246186555355064
0.0006820666673662628591447180281
0.0006721064016300372723122041145
0.0006624400999846673745059518636
0.0006530590939678692821838328260
0.0006439435933662885710613641603
0.0007190533615112469495095432916
0.0007092719503085193674810108677
0.0006997466283578852466902369873
0.0006904838245962242958157895859
0.0006814623379782617531329012222
0.0006726822752834205894790172297
0.0006641210438216829027680882907
0.0006557827160314502899422432228
0.0006854465071025703254816035426
0.0006770428827028639969885735914
0.0006688397358213273956790462835
0.0006608494751771615454440914442
0.0006530391702300899825005560905
0.0006454132625747257815323864738
0.0006731208397090183254089328479
0.0006654493008296104769605139082
0.0006923068545395914292724651694
0.0007185568227562265113067559305
0.0007106307011919697475990193635
0.0007361178438437708628819421775
0.0007281681773430871364459085937
0.0007203999020105022439376395914
0.0007127904487241248048341062802
0.0007053450326851968176236148056
0.0006980499433775099829703408256
0.0006909033649038792109200852449
0.0007147609258505831895405398978
0.0007075890044016551819759133159
0.0007308088316260241678485115178
0.0007535582254681321428175642984
0.0007462240719869185938395809361
0.0007390260945820489768920657302
0.0007319674090834993743414910395
0.0007250492621468715622982142917
0.0007182521358784132984486272187
0.0007115888902999632685418424093
0.0007050405523881709842934647315
0.0006986195821955157196488422628
0.0006923128608552289996210472679
0.0006861351535465918464117576470
0.0006800552614523468144723686215
0.0007008429712846170551247440355
0.0006947439430993050410352301334
0.0006887469980373894649409021878
0.0006828526492882862887357993312
0.0006770606148221937601502890312
0.0006713710400189118688668529824
0.0006911790735183852317367392931
0.0006854609220264952724238983131
0.0006798387899235901853455846990
0.0006743073160075131130284018011
0.0006688665210973267896438770235
0.0006878953670943215347844058010
0.0007066270971116344869965055694
0.0007010608008781534468800970422
0.0006955778316706434657461814431
0.0007138012621292223001354815910
0.0007083189291334200139577876962
0.0007029094702075114729026422987
0.0007206715147894869997558252659
0.0007152455834570409931697191402
0.0007099026150238272918712081747
0.0007272052851983534248616797570
0.0007666537856320113621012321850
0.0007833024543601004861041360929
0.0007776240906717371687079428188
0.0007720240350616208967584860285
0.0007665085007116078125153895187
0.0007610687223398391186698502386
0.0007557095760378428422453475647
0.0007504235072130957946273091691
0.0007452177659634131035789862191
0.0007820732848611909986292943698
0.0007767160330170989792770064368
0.0007714302808771090633371310301
0.0007662145711522869312072333215
0.0007815032447504650390274084501
0.0007762930137210487798502691960
0.0007711546879567557807599420192
0.0007660753227757281069841476571
0.0007809691000681915376045847543
0.0007758883952807354493707003379
0.0007708843677475999814676706194
0.0007659437240884055273258625256
0.0007998391624407947663662957432
0.0007947741234092892309441094523
0.0008089162131862570805319703867
0.0008038641280770165776598538620
0.0007988706138905635608969790901
0.0007939442437122966278227194392
0.0007890859615493830640366968175
0.0007842800589081034798710135875
0.0007795288556542773152507157015
0.0007748335740183710085817287431
0.0007701998209229833181547833384
0.0007837258544070624394850220208
0.0008150863222465826890770150824
0.0008281845440593930453086955742
0.0008233422342820805532215132492
0.0008185560224884750598462648798
0.0008489868584912807902034517871
0.0008441098644200790250232365829
0.0008566654542740757928370269341
0.0008517997958691410521199189949
0.0008469857864763348268159406284
0.0008593133687111985792529495910
0.0008715045032257360636773566727
0.0008835572429947535408363124289
0.0008786788691010783600299177362
0.0008905579319931055415905432352
0.0008856906778933186847090636146
0.0008808805974518788386086722430
0.0008761188373132527378467915461
0.0008714115200080328932890055300
0.0008667602292192416000230803505
0.0008621528087455150153108514309
0.0008575875865427279775314081054
0.0008530759968495252638679385789
0.0008645281058222847286351233635
0.0008600240643744784319010412837
0.0008555712287327525576766334451
0.0008511660174553894139423732231
0.0008468023840406551465498162095
0.0008424825648621564960291368561
0.0008382096252738278584536216433
0.0008493288930971174767530428496
0.0008450626872438126024471075925
0.0008408409237210934858317084458
0.0008366616459966702449985981336
0.0008475704753262283411038989050
0.0008433988085115942086399754512
0.0008392704933903841014890242771
0.0008351822021249339610248851556
0.0008458845677473498983244179021
0.0008418051938898395733106937668
0.0008377634637390815313331484875
0.0008337592749146778263829061545
0.0008297951529809836653524987221
0.0008258687827289555693948125165
0.0008219791936581862740294289181
0.0008323939250917431898956212113
0.0008569037829538285030031726309
0.0008529241289551813087837205673
0.0008630474938841235672248367964
0.0008590745500721480083054218407
0.0008551441274767401419014590019
0.0008512447240241358036525716972
0.0008611896106555485717636280133
0.0008710420126884413226040642053
0.0008671202926099271910500996362
0.0008632347282587025080082690032
0.0008865101192921792976733388144
0.0008825763642052513131023196889
0.0008921192631609835437484579459
0.0009015742310808747257512683403
0.0008976273126163038637138061099
0.0008937077882037834556407644178
0.0008898232940180168029361300681
0.0008991252484066535812456729864
0.0008952537074996069530527569105
0.0008914186955815913727601245533
0.0008876166021537573540306869319
0.0008838462206039694799440435093
0.0008801053557723931785328057334
0.0008892092905423724702589010440
0.0008982383337542578917419767862
0.0008944889975763627772871072615
0.0009034206477003410040046017384
0.0009122738073412048737901216787
0.0009085117664833589684723200801
0.0009047777894185401291311699851
0.0009010801927087786968427706617
0.0008974110279243832613136326757
0.0009061102877357055661309490482
0.0009024478122758778194952218853
0.0008988132266609881952079487802
0.0009073993903813735533163509447
0.0009037748480638869989664587739
0.0009001760059306009394616205436
0.0008966102144356368686474046879
0.0009050721051016124512539120090
0.0009134638499837572448910266211
0.0009098846172957532775838049888
0.0009181923929994609208330549492
0.0009264374119957924072363648381
0.0009228647215899488349192541096
0.0009193077353884430469309149641
0.0009157796283230653536820828802
0.0009122758433539498289372637699
0.0009087985557597359648049072790
0.0009053471130997541813500137460
0.0009019243515577798799648642189
0.0009099832300232268351478015962
0.0009065701867006154170157154700
0.0009145503207258950961963492579
0.0009111457379685814890782907779
0.0009190523231319798868093154117
0.0009156546155205547475063784960
0.0009234818687653051393526274586
0.0009201000800304431523319214368
0.0009167363300696090112755465839
0.0009133958816767862946018719747
0.0009211171149769124241335149739
0.0009287795330615622716253193171
0.0009254340809065657420636347719
0.0009221114607059657124537673250
0.0009188133767957684834769317942
0.0009372140354418256306798916214
0.0009446857386689814357128223581
0.0009413412545983698621755451984
0.0009380221161002677049187021790
0.0009347238415445515539360126133
0.0009420968254922374320144757459
0.0009388092349854857325918821476
0.0009355439363693817426432429461
0.0009323015388182575232377458367
0.0009290807057866725733959730291
0.0009258862769574138871461108785
0.0009227119842469305651511619120
0.0009195591928364093217865113240
0.0009164270548135377359858307188
0.0009133156713468414066124963636
0.0009102266980850867087973884028
0.0009071586658978721751720938819
0.0009041113631101870707628286163
0.0009112631632043021894254727191
0.0009082219241867937550589966078
0.0009052001091047942859824104378
0.0009122788998323297797884593594
0.0009092652052656095424693381712
0.0009062717708613476759833541674
0.0009032986989895660367234919574
0.0009003430780031390125574168123
0.0008974077382349044275392063204
0.0008944899577588238471028952652
0.0009112949413608287289188353712
0.0009083547144141825151458065102
0.0009054332222193954419273757700
0.0009025291008028099394902009464
0.0008996410061853407682055840089
0.0008967711309212570604615266315
0.0008939222251820934013918846468
0.0008910937962043842867044046693
0.0008882824532555065949628781464
0.0008854874549318449413395212088
0.0008827100899318518148220254765
0.0008799513432935506435653450564
0.0008772116142063750493925646243
0.0008744870059465666760957654095
0.0008812001000827539476735148375
0.0008784836864569365758381466631
0.0008851402909411817159271079976
0.0008917555239935365712704297602
0.0008890272376960800106457801372
0.0008955933346478156040437216260
0.0008928704637869730472997772071
0.0008901651263046802446329290839
0.0008874773470667718275104463846
0.0008848053021302493605663507027
0.0008821460349894105651647680004
0.0008795022840750928391564389823
0.0008859597861451998669038342894
0.0008923739628945574175110553681
0.0008897244498822534004394828113
0.0008960936029554714979610407274
0.0008934506787197625429892851530
0.0008908209542481442190210440339
0.0008882078236701612586355695451
0.0008856075160014400447057107535
0.0008830263417540473280323039383
0.0008804581207464199088101266030
0.0008779056744476214487995486449
0.0008841570765293941987882267225
0.0008816068479591457633788021637
0.0008878164451055233382191851131
0.0008852703694759402709591154457
0.0008827397791304615431902710307
0.0008888911805262541214586172494
0.0008863649037752285725911038665
0.0008838543246938684279326050064
0.0008813587903205935193679614781
0.0008874461171273244830190111436
0.0008849560866110267380894413593
0.0008824777630837828434588800366
0.0008800133630532207688686030047
0.0008860345493558711428842006347
0.0008835732145959149528035709827
0.0008811283960254485724885392894
0.0008870946416132505214547338057
0.0008846503169003717328703824166
0.0008822200022709700194695481738
0.0008881323199856657135738553990
0.0008940129078435543023960731024
0.0008915761649620193134441323257
0.0008891557383698471352118283072
0.0008949854251086639253414112357
0.0009007872040158977624417416758
0.0008983588129123216617098885055
0.0008959442456293177925945628980
0.0008935424443791828183432787065
0.0008911533093643186680216939865
0.0008887772301367252067738547985
0.0008944995974472146785350562351
0.0009001919338551591269672376393
0.0008978122343892494665288776644
0.0008954407896042897707584497592
0.0008930877024698376140109320224
0.0008907448591269655247525393913
0.0008884131414539667128172190292
0.0008940320526794125849283823572
0.0008917055967445353534568020528
0.0008972862804410581283336143038
0.0008949634857036844180057638684
0.0009005072436665538914283495678
0.0008981888502765742694843748400
0.0008958803100700575096952774306
0.0009013762477016136204880840837
0.0008990735000059197257119636076
0.0008967809182303596248858006097
0.0009022337895464876294507397453
0.0009076604752910776832872732979
0.0009053640101385300271406953902
0.0009030792015558192773853197071
0.0009161149329959942113338085664
0.0009138168927868811945543870417
0.0009191449052900626797946050754
0.0009244459149763873884024706176
0.0009221453248602251170114800692
0.0009198528352168731990685539822
0.0009175715511699316861355680828
0.0009153003723761438276311218778
0.0009130465680356166788293663460
0.0009182841732517325764578396748
0.0009160275399291512504668121365
0.0009137830954653441181890933383
0.0009115499043059986235070319444
0.0009241515498482163800308951239
0.0009292977515294319401396911366
0.0009344206369310604825605217519
0.0009321611949618614683403852558
0.0009299113876210464827476576561
0.0009349998491833348583545375449
0.0009327531978483143858109905065
0.0009378049340776451563787048852
0.0009355627530202119866919995128
0.0009333319837331369273869362728
0.0009311101358148770831914019040
0.0009288988932504434110893221641
0.0009339037794638279823046963044
0.0009316972754116821295457367785
0.0009295007944340963556711293626
0.0009344642473522628655827494492
0.0009394038570792770281664961866
0.0009372043172141355522183619637
0.0009421166683535663829833371214
0.0009470027960214638631025789925
0.0009448011329210285846135439618
0.0009426105871029087680760221895
0.0009404310808106360545217630602
0.0009452757734172075112513189130
0.0009431006117654642543860931390
0.0009409352854798164202545967634
0.0009387803594505504321471488986
0.0009435859823232716297250355996
0.0009483680915991305593110878264
0.0009531281059631315995765347106
0.0009509646041841151793248655524
0.0009488092909890927388231098230
0.0009466648143082073593717682373
0.0009445302702516574430794328875
0.0009424062130980747457363455820
0.0009539405507347702428195585908
0.0009518028063985070301104935103
0.0009496746688982979485088456462
0.0009475566906061733193904924062
0.0009589779204800991221111758207
0.0009568504698361424999811116602
0.0009547308648447339672482867179
0.0009593398419965471874334541241
0.0009572222903519224745697482515
0.0009618055646434273491553408752
0.0009596919189395358931132992746
0.0009575877854860669483451036537
0.0009554949122371956168857426175
0.0009534116198444622826356557736
0.0009513348411328129966523350402
0.0009492699283399444617355949735
0.0009472108224540724435011989721
0.0009451626589438877750412632393
0.0009431233811180792690125244680
0.0009410938306388142599042693455
0.0009390727419339691159068844520
0.0009435779814738786066657408192
0.0009415582751732702159659297729
0.0009395480228335791806452332396
0.0009375473593683627834462479906
0.0009355540721996093520638997162
0.0009335698701769279614826464009
0.0009380269679593016221317608579
0.0009360469127917170415997604945
0.0009340750534056604053513454821
0.0009385047495607675340354025752
0.0009365366044248385396295199544
0.0009345752042414349952795011867
0.0009389772781487421356658164946
0.0009370199450712563487359848668
0.0009350692234223669368882188333
0.0009331251639198567569071338644
0.0009311909207924226258490133720
0.0009292658613107529759046983034
0.0009398964798313747001676067106
0.0009379655908763080616659276334
0.0009360371424507055836023886275
0.0009403509307126837018870050982
0.0009446497915813986257069786988
0.0009427213769737075579429544032
0.0009408016003063340267837155788
0.0009388883205281369526374960134
0.0009369840542066611754758722087
0.0009350845385595692442647045050
0.0009331966112081984155161907199
0.0009313137830946319605965173218
0.0009294382071260501350864568873
0.0009275716882440783410507614933
0.0009257138028667578775880526864
0.0009238626573417261464713248836
0.0009220172915846639631924653834
0.0009201791386036085558633956849
0.0009183476055268976178555161347
0.0009165263071841908415216664140
0.0009147118768986170783003380825
0.0009129048660170091012585258027
0.0009111042994135891455680685498
0.0009093090513131960520635371292
0.0009075234071526431830968074726
0.0009057433255773988491216718173
0.0009039703128572123832660282737
0.0009022060881899029162831395159
0.0009004483996311196830636935909
0.0008986957996708125250745727551
0.0008969518325858523227899448560
0.0008952123451956076633249497119
0.0008993625332322532180497329490
0.0009034980262513626204171758976
0.0009017570300617159877259652162
0.0009000227621419579230440997126
0.0008982944899281217862274810859
0.0008965732305473658063067952342
0.0008948593170910610968864385129
0.0008931516095710835478699481904
0.0008972438140213540904522058411
0.0008955384277027098903548351859
0.0008938397248021747025955148675
0.0008979060956733305382034496198
0.0008962084806839138676147811707
0.0008945166135006253882928299833
0.0008928313278813196506009776029
0.0008911543169212645060671341113
0.0008894836342498698148188002013
0.0008878183825895329158323684686
0.0008861583585659296477713534061
0.0008845055937653418231956046785
0.0008828593615775495141857729984
0.0008812180863948548519764543384
0.0008795841303672392402977566945
0.0008779554073668605429923183315
0.0008763332490762913992936333984
0.0008747176197617822488639496996
0.0008731076359920114429978201935
0.0008715042499864777165226253585
0.0008754844576872380216492030422
0.0008738811127306697265051360596
0.0008722846716407142024276817825
0.0008706944248090411083009524271
0.0008691108411407048749008581852
0.0008675307049575557523910487192
0.0008714749193438694799365762391
0.0008698962540957347775959259219
0.0008738218251887052974064724029
0.0008722441116878984960122627987
0.0008706724458886434609193988071
0.0008691064643341685414088293206
0.0008675464663521756387692623326
0.0008659922982992336508977285609
0.0008644435124137176517790178698
0.0008683287184270288994488646471
0.0008667832188645708582010929854
0.0008652426402526305215663173430
0.0008637064193530770085779363856
0.0008621751856970037160355292884
0.0008660310022644452043657044453
0.0008645036803969579377641982208
0.0008629791788922375024898504035
0.0008614600726971466109876021031
0.0008599466575505349600291481843
0.0008584401949015353741839012192
0.0008569385533735433497372082338
0.0008554413855545908527102435588
0.0008539496101866274364970614737
0.0008577588981844206079022233455
0.0008562684685223998626822841172
0.0008547850812870953974706813673
0.0008585726860381029941905202869
0.0008570873437051396460726763371
0.0008556069997400098674149609434
0.0008593731703107822824350445292
0.0008631256759792767658867345352
0.0008616438383319489145682571460
0.0008601660492742721917412755139
0.0008586956660489582370949962643
0.0008572279770872189410230187873
0.0008557667368366257165588906259
0.0008594893286308336941954174192
0.0008580284352124268820000239938
0.0008617338820094376416548731085
0.0008654267039728697275233970573
0.0008639639445306471290700074000
0.0008676402859780760724534313319
0.0008661785784605528172218841548
0.0008647219721507898360879298714
0.0008632704412448996741793513103
0.0008669236173296141359501235379
0.0008705640313495443369270658243
0.0008691096930569616989464509988
0.0008676606954947648646419726696
0.0008662163991302208486513591869
0.0008647764736985190506304910433
0.0008683909821768819975396439063
0.0008719920892193191837029913665
0.0008705501980915340837447404913
0.0008791585645521913559245125976
0.0008777110568090291249336348051
0.0008762667075447725550591789359
0.0008748274354737645657338197517
0.0008783837047407163770725799479
0.0008769452350810672925376975159
0.0008804844388781850763530729467
0.0008790472439483553665868627146
0.0008776149109130487218843313011
0.0008910332914480805588228448403
0.0008895851567718141858599878613
0.0008930736792744182682822768058
0.0008916275349428831677223073598
0.0008901859445047660365122030622
0.0008887475488584700690100852840
0.0008873161891448711957705179401
0.0008907816404005987819249217676
0.0008893513235999758284310900877
0.0008879237013249608017155236475
0.0008865044896689751213546622632
0.0008899486659740991558211393643
0.0008933820792117075579701140723
0.0008919590559300205339291692325
0.0008905394146943670367379468780
0.0008891255534921357015492748889
0.0008877143753700947195611819451
0.0008863094405432010836957687908
0.0008849082454507370751986322718
0.0008883118017076249629032879665
0.0008917047153782597177476872129
0.0008903020690240508357942122289
0.0008889031313109886833973891618
0.0008922783927028094178213396839
0.0008908820459993096221531333916
0.0008894893704764422653788431559
0.0008881004931352756200147104950
0.0008867156827065115515809347364
0.0008853363523181297039502323580
0.0008839607598722946893100911105
0.0008825887456625478726439196431
0.0008812215759016505607939770173
0.0008845610583641074292219205229
0.0008831949296509747284937006332
0.0008818338886312978351093806722
0.0008804767778015784104135842897
0.0008884702352244921411462887068
0.0008871067891468749796963354495
0.0008904068944547449730393998764
0.0008890452274233530953544810241
0.0008876884466955407674359842231
0.0008863358277576981714848157113
0.0008849865107041697543881681081
0.0008836415997649897175829329024
0.0008823009353006096042582786357
0.0008855728734978724749204698781
0.0008934384426409332542735399790
0.0008920880279992899699213615108
0.0008907415727155520545910193346
0.0008893994746442757208076561016
0.0008880612992610479580538823443
0.0008867289639287912754514270648
0.0008853991289798630236335596368
0.0008886269807677691010392370384
0.0008872981535912874131354040634
0.0008905129111885678997877209171
0.0008891851039485355903334373695
0.0008923885081712807609731581256
0.0008910621403539038988127434696
0.0008897397315244123088402168721
0.0008884212642160842921819873920
0.0008916055118177365810436651163
0.0008947819289240451119515174361
0.0008979487843971381477016491445
0.0008966259687367115886261479932
0.0008953066605608946700405178213
0.0008939916554817358249316072952
0.0008926803945377669809822424143
0.0008958264865062303572517245705
0.0008945168050479616297627645871
0.0008976501921396270076153420571
0.0008963405863088671534351540960
0.0008994636985232657102538084363
0.0008981570100250859155372469749
0.0008968514644782293571020388799
0.0008999596402375989424489318258
0.0008986584689657300608386328736
0.0008973600156912929490028782967
0.0008960650658668422440554470122
0.0008947741299189309482639546841
0.0008934872000779850017757480055
0.0008922018737277779707196016899
0.0008952858919178295509023847949
0.0008940038588876241317035875247
0.0008970760145303438031349078395
0.0008957942335595083204157635301
0.0008988559245219077548028021252
0.0008975753969914985465475365486
0.0008962978789135601217814378259
0.0008993441602076902886341251724
0.0008980686776424558554234738860
0.0008967961771249697387631650709
0.0008955282080474972466781910905
0.0008942647511944094547759700197
0.0008930035802128393076600973569
0.0008917458086801329488721406581
0.0008904904733505376468742167286
0.0008892399771380323597936764926
0.0008922593512668057335696827784
0.0008952695757967377058541283737
0.0008940177633547781530593286733
0.0008927692096432090464719439704
0.0008957657965430550022671763522
0.0008945191892361188672581218273
0.0008932750447449047976361679074
0.0008920343755058509539079584479
0.0008950147598994945745606063431
0.0008937739763198266989506599206
0.0008967440329188808510906201442
0.0008955058196636082639207086181
0.0008942707873371390875550859214
0.0008930386691547799030503705051
0.0008918116705198943440192218632
0.0008947627881958651904820393171
0.0008977069015112482535306398920
0.0009006427784681268021209469922
0.0009035700323300336671056557963
0.0009023350435784113535960828585
0.0009052521132384921205067267028
0.0009081625704386118784497687855
0.0009152002560601607757180425987
0.0009139566282413328530137556311
0.0009168426743243270009733779336
0.0009197204826231920445139195360
0.0009184770258569863252707930181
0.0009172355800169364475526809043
0.0009159971303287177922318749729
0.0009229581191379672081014644960
0.0009217155258127616393370207863
0.0009204772799754892259027904928
0.0009192429939123206625616135074
0.0009220867870518557379259377666
0.0009249216936299829282925614140
0.0009236862876310932644980655823
0.0009305711319256391340157865782
0.0009333836330640773094490881116
0.0009321422125271660319577362074
0.0009309040045617230742825998586
0.0009296670256867443495287695417
0.0009364992178568341646850728314
0.0009352595239339086772598879341
0.0009340222964864949197706668326
0.0009327870179257927519142427933
0.0009315574438314368193042700919
0.0009343354761564382322858485100
0.0009331078071146709909973698526
0.0009318813520346731748784504395
0.0009306589781356734362198893107
0.0009294392222560462122935779771
0.0009322015245571878904926883104
0.0009309847423379732317409805784
0.0009297697213733294002385183456
0.0009325222891860478366971602658
0.0009352660940240435500745558228
0.0009340498840581115163048698905
0.0009367850086746414616742893204
0.0009355710627907883515010336983
0.0009382973225797999257578906349
0.0009370836144256315578407438504
0.0009358729396162237075569875181
0.0009346657983516163924944856063
0.0009334621032958821603378726072
0.0009322615226852732304061697126
0.0009310635712005152668439907041
0.0009337705836321468717234790438
0.0009325740111034230264145347950
0.0009313796936718433590931761876
0.0009301892701377985451110289464
0.0009290024899997872125963390344
0.0009278189878729146668389820718
0.0009266382567303081581335510333
0.0009293261958982971019839917674
0.0009320087888650502045537105318
0.0009346838382970898685730175752
0.0009489078944226450234460590501
0.0009515550638410872857324205029
0.0009503534321910411330078325220
0.0009529906942485511650021185717
0.0009556218508493779019057182872
0.0009544209418658125209970526393
0.0009608678060298058434895632216
0.0009634793973668263402621447348
0.0009622715896570623276546556944
0.0009610656185522136770090248662
0.0009598631948155119292521307818
0.0009586632174580204050257288097
0.0009574661360894348027851716504
0.0009562734313352029248621302878
0.0009588683511437431822116111504
0.0009576767610177683295682683475
0.0009564874604242069882249716135
0.0009590711512906069978538317646
0.0009578833042601764348489484349
0.0009604607681296023431960397624
0.0009592744871892951484185590209
0.0009618428068376821945010477359
0.0009606571862709137596679437034
0.0009632161914084730747750432376
0.0009620314649057934294986389407
0.0009608511324409982483346975068
0.0009596722437147721109455001751
0.0009584965966871426629465443800
0.0009573235040854691975380985086
0.0009561538557576554895181761427
0.0009549862916632569088076132357
0.0009575278315616587987266871079
0.0009600621415145031533416060704
0.0009588952021924176929964375404
0.0009577307755727066169697044024
0.0009565685193826208309369209339
0.0009554095401318140358802834294
0.0009542536036860532059867765170
0.0009531004568579405932720649884
0.0009519494615760195066540990617
0.0009544677331432205700307724120
0.0009533178967093844921462315627
0.0009521718100654274424129213537
0.0009510273862069359294004312268
0.0009498867171230451891211819317
0.0009487482449411200837970429702
0.0009476129534579083621458024116
0.0009464800614085195142931983108
0.0009453492298605525999676547350
0.0009442217683396477579275826375
0.0009430975554135953693781648046
0.0009455924046750434243674165784
0.0009480824955046221957587661161
0.0009469572157414401539449620507
0.0009458336840697604953645715720
0.0009483120885230006433047020603
0.0009471907059394596655896441059
0.0009460715522504700878953474782
0.0009485428090422830209819250148
0.0009474250305924363095320871369
0.0009498881868835137007256504239
0.0009487710278682558113359245988
0.0009476570471507847065828963358
0.0009465455857326877431509737774
0.0009454370659162698864835073848
0.0009443307239210375652650636724
0.0009432261212581573815187955822
0.0009421259379178090569927074709
0.0009410268321118743558018628872
0.0009399301926741309201771642819
0.0009388370592365885170978536574
0.0009377460749739867369131858920
0.0009366575298409462019365027385
0.0009355718419540485566820430870
0.0009344893212504519214704498254
0.0009334084665951055075265353634
0.0009393548804879084205810446486
0.0009487947931480379741510549640
0.0009512056237960542652061486708
0.0009501108494810018530333798778
0.0009490176540639540594157948099
0.0009479280401426117972242810582
0.0009468394619166304336101116385
0.0009457549740493883954552885772
0.0009446722443630094108624695147
0.0009470674692702785569100288981
0.0009459852985242203931860799630
0.0009483749537775387529871221359
0.0009507587324768468914495330740
0.0009496765330026880141010838838
0.0009555095275452134039308703829
0.0009544253410159588090802341537
0.0009533426016200078066922676961
0.0009557056064618735453802106303
0.0009546246029476566530724202257
0.0009535457010335970455420493047
0.0009559016754306508016922791142
0.0009548230889947751542132361943
0.0009537469452909455648649244733
0.0009560944895893904421577273169
0.0009550194445521568523196030828
0.0009539474461172787628975438441
0.0009528781994932214621992402974
0.0009518107177857544740310863616
0.0009541471341300833589011250438
0.0009530808309966776023021131839
0.0009520169213282032485458285299
0.0009509548840372844592416557794
0.0009498952252117139443252361689
0.0009522201026091371527372561865
0.0009545397848891402133571531314
0.0009534801838827652201279153761
0.0009524225372262550583811593046
0.0009513675516830472753302934277
0.0009503148400980790993202458336
0.0009492648460266171636390209289
0.0009482161669436571982654607766
0.0009471705233263418241265627410
0.0009461264859852000596356433897
0.0009450848596220788157901999635
0.0009440466476432556728674269411
0.0009430109297629885187094200124
0.0009419762846203244716891760516
0.0009409450790535197090578391975
0.0009399159898443770591433626692
0.0009388889612538786426922112703
0.0009378628812331840939996691930
0.0009401562709531536815739874943
0.0009391319086928111223780400867
0.0009414186929876349067893364178
0.0009403957344521393813231416640
0.0009393743098727917807488794432
0.0009383554121890543882456422686
0.0009406334755233501386318735567
0.0009396161223257023906627273899
0.0009386001850383425411026027673
0.0009375867522373762465484926944
0.0009365755790785865129571657410
0.0009355661787391896965989511419
0.0009345591214459082315641517056
0.0009335557766512978743077820461
0.0009325532630158623102774178689
0.0009315527147023241826298148682
0.0009338120812478222785491757484
0.0009328127262087163840465794150
0.0009350667310334090644110187919
0.0009340681752827390165101569255
0.0009395615751161349404657684540
0.0009385597535209112731467084757
0.0009375604690840039502346665087
0.0009365633220718519174312511682
0.0009355680123739286251794798463
0.0009345748272709739555803721423
0.0009335843080397536388371607292
0.0009325952533868020147989955582
0.0009348245708865850760038996740
0.0009338363002751854867457164434
0.0009328510023649539762100406445
0.0009318676972399324129976456202
0.0009308871227467889966620822563
0.0009299069110615631230793120454
0.0009321260920428276424430023205
0.0009311467390035650212515592979
0.0009333596406641891975932307313
0.0009323815339769125487420765691
0.0009314069317126946081289608866
0.0009304331277073797554834518239
0.0009294610856375459480213196367
0.0009284918473615399629178629496
0.0009275238732680840996981987111
0.0009265583099948347634179658105
0.0009255940965294628296924114043
0.0009277929466128646230148330936
0.0009268294573659397018334420506
0.0009258680727425730168218572918
0.0009280580490525079327800918544
0.0009270981489702703474426120411
0.0009261398639017400233587821413
0.0009251833581135416004410909395
0.0009242276231970812358522296605
0.0009232751019215212320470513198
0.0009223240789634247763734178300
0.0009213753068984013106490261427
0.0009235524876890475562663275757
0.0009257255526217192438958185253
0.0009247764913951181947063636646
0.0009269432543635258232758515810
0.0009259958346498103260121628379
0.0009250494217885286721462808145
0.0009241057039427175210366352103
0.0009262646411376839947580161498
0.0009253206743321436119349153091
0.0009243786398432364761181603243
0.0009234388126515953358650087925
0.0009225004378471260459450922037
0.0009246505587608038940570067410
0.0009237133284038645683934524595
0.0009258569962895374770391723283
0.0009249207248419247032525303694
0.0009239857979833068684279423009
0.0009230536987566269265018825765
0.0009221220979986048138372841330
0.0009211935904501571395960906526
0.0009233269758193307060439899764
0.0009223990348918294313410538225
0.0009245265229099085852233322227
0.0009235989675123408453021415127
0.0009226725438123880669453810990
0.0009217487234247241862275430409
0.0009208269460657071455460055440
0.0009199063776410881645581406635
0.0009189880251859905898295236963
0.0009180716068929838374717877001
0.0009171573918325797844775670788
0.0009162443656586427237899193300
0.0009153335316604496003823000447
0.0009144240177383192505436789956
0.0009135168183354748116724200642
0.0009126110628874700320122488597
0.0009117066558175854722999839078
0.0009108050503988212472479964403
0.0009099048734603516892031135187
0.0009090057574093166875802146616
0.0009081092423561498387916475566
0.0009072145045988198393392871813
0.0009093153518672904910064050310
0.0009084232083361824912270283727
0.0009075308124769058970190139506
0.0009066397268428508064715279884
0.0009057503985888373353764801169
0.0009078430969725971669941096356
0.0009069545152349445483751426628
0.0009090420580598929682874087052
0.0009081541342144267216067115824
0.0009102355942751776484403112940
0.0009123126143636399335521902448
0.0009114237374913464505684453594
0.0009105368688052064694264673078
0.0009126078610153242117468684750
0.0009117212106240115172432164496
0.0009108369153404997392750792269
0.0009099535409891181119333225001
0.0009090728671457825891086924882
0.0009111355669349516841100816025
0.0009102546556601689247693256884
0.0009093770543176922626253313502
0.0009084995574176207470944943093
0.0009076246959682636607200701010
0.0009067512144736694098350030414
0.0009088038362452076807680433181
0.0009079309921659270908001883459
0.0009070593029814340075835285830
0.0009061889415616473730739628903
0.0009053200809283544353666407411
0.0009044530688294312077663921222
0.0009035884281688955298454143431
0.0009027252727894728223645316855
0.0009018636864707655754876114040
0.0009039034481226349808662516881
0.0009059390488825372776794664309
0.0009050769481113197729560000917
0.0009042171710660797481643981389
0.0009033585363430007814347625984
0.0009025009288862544927403816589
0.0009016453928101735431719493966
0.0009007913993428839932265608033
0.0009028155328445321833824603860
0.0009019619634001014759769735867
0.0009011106237376763995491394735
0.0009002603784403722649643834134
0.0008994119183201843702451294819
0.0008985654119684608921374629974
0.0008977195547527692135017652551
0.0008968759375710117328511585654
0.0008960339645716232544562402355
0.0008951940982642489006393044798
0.0008972055511337687898174558622
0.0008963653876872991261746899807
0.0008955281407465616309902801405
0.0008946905308480223608998464767
0.0008938556113078611832996733866
0.0008958580267267510030231883216
0.0008978577622559548842787844063
0.0008970219652380004379039093887
0.0008990166553574150754086724847
0.0008981808242570518696581061761
0.0008973462975900617021018620921
0.0008965140962862564796044448025
0.0008956835313022043800624345543
0.0008948543426711882377441016071
0.0008968397459304970989714221700
0.0008960109116585331981779272303
0.0008951841537053428482750050888
0.0008971633011520394981709027690
0.0008963370924490483072633235040
0.0008955114813837808916338409177
0.0008946873131535387017664668791
0.0008938644993826705373854150641
0.0008930437964260791053007177694
0.0008950137949601938052046486174
0.0008969801623607450620090031557
0.0008961593224929692246841766880
0.0008981217758498858908335934849
0.0008973005953907141822658824569
0.0008992574721663728954132589277
0.0008984375119265166843073733223
0.0009003901788521089672026316253
0.0008995722648021791214861543061
0.0008987531786065677304614845328
0.0008979361755453811105335953777
0.0008971208833802692701109215014
0.0008963068604143905036408354114
0.0008954944885791065695612328354
0.0008946835129029962407201007968
0.0008938742630249715018993835487
0.0008930668172341863500237774858
0.0008950069594558373622691195571
0.0008941996189197616590648034220
0.0008933930784992741129207223696
0.0008925882478855080432395499294
0.0008917849568972616938763254447
0.0008909829214049671053324763441
0.0008901822773284176260297613881
0.0008893834978807229879634571686
0.0008940396074720755100290804203
0.0008932385447775222902710780024
0.0008924393360324195740902574694
0.0008943607683303705647571996967
0.0008935621518374721420928884247
0.0008927651336590125942515882590
0.0008919684778395010612076997827
0.0008911735777308665940280062249
0.0008903803468090242187257619237
0.0008895890260677355358499171242
0.0008887982754728685986735955031
0.0008907099697543746350530166751
0.0008899194111760595709534279691
0.0008918258013894077382903496172
0.0008910359016372135037473747464
0.0008929374990539982936104712947
0.0008921490455520041686084694092
0.0008940469270398188663394513859
0.0008959417654330699197348233432
0.0008978334065399708983367968272
0.0008970414916170026115412369474
0.0008989281141513144108354413430
0.0008981374410997833408515631215
0.0008973490543462219302432708041
0.0008965616555306617781231639994
0.0008957755473835336018568685453
0.0008976546202208892115866254949
0.0008968682259695493304035273994
0.0008960848951009321809073643864
0.0008953025489624346423619826627
0.0008945206124330521069865007032
0.0008963928658792788757733589004
0.0008956118256268332453848562738
0.0008974812796926173852568458744
0.0008993471194546778944625334319
0.0009012093761120292312991868961
0.0009004270178268622430607259989
0.0008996461845084759395834208061
0.0008988659946828496548865639384
0.0009007208576550274953729037744
0.0008999404530518196658481125369
0.0009017916335996519775857073843
0.0009010130066460293747964515704
0.0009002351484448276404858256170
0.0008994586664447343924441063894
0.0008986835300022783376043441556
0.0008979102113648000675134221513
0.0008971375971314063228893976626
0.0008963664766415331925186819846
0.0008955973203588929350163069628
0.0008948290965570733069382843384
0.0008940613292520215399830677589
0.0008959010594573425275125166657
0.0008951340061448766780849017539
0.0008943688228410953568673658842
0.0008936052304338431984952646412
0.0008954380927305522451063631179
0.0008946745387190865491901889229
0.0008939115875666362822163253614
0.0008957390880838552541864097756
0.0008975641668222471476414480826
0.0008968011577606956917133146110
0.0008986230345453911974588690191
0.0008978610363970863964728649346
0.0008971004110016776935233060247
0.0008963407221863888337749125118
0.0008955821706691114228538830342
0.0008973962079384837410556898810
0.0008966382040717283721471855532
0.0008958810985578380131435092962
0.0008976904994924463463541993724
0.0008994971438015592710950196532
0.0009013010286515697735128911787
0.0009005427730657772008844016176
0.0009023417285176065156765407342
0.0009015838746742320771264308258
0.0009008280266016525903400239399
0.0009000724186052033738716957817
0.0008993190857631061011053011516
0.0008985653263744706126711702368
0.0008978134504595083670254935846
0.0008970634536239951433794630776
0.0008963146394277286356814157715
0.0008955665440023977781799499115
0.0008948207000554479873254321565
0.0008940754155834592965835811718
0.0008933313784337096306800695927
0.0008976456463341108644203724116
0.0008968998696099443376704964745
0.0008961562548747931958905244155
0.0008979345575405525508507733213
0.0008997100488691915831061773810
0.0008989652658388992057270462761
0.0008982211127941814754391476494
0.0008974785772736981377471455233
0.0008967381115630645732357228736
0.0008959985709882725951894374536
0.0008952602864209643215336882049
0.0008945221341164478018711390403
0.0008962889195347091830781943246
0.0008955513644555133812444648084
0.0008948162388083782792527930720
0.0008940817225576683963127372507
0.0008933479651008133215038474897
0.0008926160211942080014999772805
0.0008918851323913740578538544658
0.0008911552959722196997976450227
0.0008904262084136003472481949326
0.0008921826920508586981557492157
0.0008939371934451947497831186107
0.0008932078433213216807543116726
0.0008949582530111148277233747248
0.0008942290033369961612558845186
0.0008935016543225212371146360521
0.0008927749707364903091297541009
0.0008945200884353749119243321051
0.0008937939094931785216052163444
0.0008930685418648721545799234729
0.0008948100487856124933115491520
0.0008940851096516587426402120984
0.0008958232186346109188574807756
0.0008950993786319742900211195681
0.0008943764915001527620642657200
0.0008936547779691293913938630092
0.0008929347547382551298778070421
0.0008922151566602797138514838907
0.0008914964275563414227999740221
0.0008907790835294621975048315248
0.0008925078449680245535963038561
0.0008917912124868588748826127333
0.0008910763277423097233110927281
0.0008903614888638696152482783671
0.0008896478019183023280340425734
0.0008889348222385902173183673489
0.0008882238733293898058594038584
0.0008875141409466635938465909358
0.0008868045928754316269606167525
0.0008860966978855597756270960658
0.0008853899382267454631576880739
0.0008871074139685990778914140520
0.0008864022231566962599304788961
