4.252985962553849313556367416E-10
0.002998944337833234187741526645
0.001509300642968330843081856993
0.001009473482477395398727635668
0.0007591024759884276828357653890
0.0006086631221140161710865488182
0.0005081497146970925547158829659
0.0004365093182748656327584701934
0.0007601660381825959584210324017
0.0006764471447422772232295834505
0.0006094461738229804435828264400
0.0005545163663844727436962200524
0.0005087948727814484919612921507
0.0004700809418431054044513488719
0.0004368805481358422934881423348
0.0004081019785372306731983742251
0.0005717943410489831025426908650
0.0005384213491562048234848700536
0.0006767303168617443788874669284
0.0008004688362509721317733235608
0.0007607032951130557098200547316
0.0007247362229697202270895815283
0.0008294195797547063205994175829
0.0007935923582249156198837433338
0.0007607456773163255431099230970
0.0007305423771633680806612913003
0.0009351792499320005092976965563
0.0009007083335634187502747975117
0.0008687477608168162908130248797
0.0008389843043277158779248290062
0.0008112227091409903513428767474
0.0007852043811586441467988350490
0.0007608317083165662046314714545
0.0007379495799082259442946365965
0.0008053189777516879066328469741
0.0008688241079139474140456788146
0.0008448493472899614330555473216
0.0008221577102277747264026623107
0.0008006481003977090674038493244
0.0007802600379647786463982070049
0.0007609002733634713328523692639
0.0008162090566127581605257132097
0.0007968978048028507156243419981
0.0007784951886993908518079355115
0.0007609330228689558127359708019
0.0008113131353077443616132708731
0.0009252607509568853981223023999
0.0009056798082393608659733500723
0.0008869355383129270563511925282
0.0008689437360144421810465474593
0.0008516543774488836134190268368
0.0008943318728759302579080658598
0.0009353700047634745229129126414
0.0009748719063300705063496093188
0.0009569152965701159774888342650
0.0009395982194053845598135658600
0.0009229044001895232959076154840
0.0009598574146754386541281464901
0.0009433835968834105083506693136
0.0009274712211225970874800227751
0.0009121074754948546995130410822
0.0008972584788903865918206605650
0.0008828686225297355269131901313
0.0008689451278208402286145956339
0.0008554372012270310505689572379
0.0008423462496642357106520038820
0.0008296560931639652831352370620
0.0008173323983262910883817740103
0.0008053848957522137677083340826
0.0007937886282880611230173475960
0.0007825236381774353496735848350
0.0008141898328350486428164312241
0.0008449669820511302284503024042
0.0008334689088836196966365596127
0.0008222902099226586436520610662
0.0008113985886737885504995548836
0.0008405785271071641503825696490
0.0008297287225979482601608668246
0.0008579314488008493893437030909
0.0008471459274336239540941826621
0.0008366520698278882308405126382
0.0008263954989008520989537261618
0.0008164066913333802469046404802
0.0008430688045821355488800534987
0.0008690930519757854152568527399
0.0008589277830385711531982983614
0.0008841646273720489671954126809
0.0008740640090587549294280525030
0.0008641856452789732992407461913
0.0008545383138791996054861496635
0.0008451079537435519231477174310
0.0008358854470476867663989698688
0.0008268524609320832102544889928
0.0008180176484853478991058519873
0.0008415340096091931461274437882
0.0008645517611655788168334614156
0.0008870976511253124943176678147
0.0008780068202643654665758865191
0.0008999534860783774687774373340
0.0008909116165231163871203097180
0.0008820455031965309640855004469
0.0009332614703524651744321585274
0.0009241603150619447570014875347
0.0009445954484093634708936831491
0.0009355638422735022991811133927
0.0009267059958081820589886995545
0.0009465353564290926333269977634
0.0009377371120206016880669973675
0.0009291009344380467793134206740
0.0009760978244996028922154694303
0.0009672616308827951974823121316
0.0009858366473864090463676954049
0.001004071825201464192584863696
0.0009952331935906835220658313654
0.0009865447960669813013133482712
0.001004302932903390563223568466
0.0009956900865476054549022524196
0.0009872166328293910632878007657
0.001004536470772430473342624493
0.0009961403119906800324777585884
0.0009878823884325713556229055579
0.001004752000846033453845325359
0.0009965612721682554159024808032
0.0009885037144016762547576121161
0.001004959476612894099177655625
0.0009969665788163260735102138109
0.0009890954574396877750078377668
0.0009813475597199040724504049949
0.0009737214298131550189720748535
0.0009662176566703898270743642780
0.0009588332446604155089456185424
0.0009515633793934642059944883772
0.0009673011210116543970886065866
0.0009827986967830892022189664303
0.0009755052302777396946753575770
0.0009683076038830526917665790927
0.0009612265851649328719307705191
0.0009542515426988201006894139880
0.0009473716708295828930487085095
0.0009405934174767884946088488670
0.0009339162460348562938182318392
0.0009273276056539601795951915985
0.0009208273772857130824716354285
0.0009144275228195174069947201245
0.0009081133718092350005997886397
0.0009018850456605572281176167692
0.0008957553735534483192535234299
0.0008896937583723811456239167370
0.0008837192123882981845808421343
0.0008778230147248734002063280813
0.0008921632374848972485621880321
0.0009063195959559433345801778478
0.0009202866878707068440747314460
0.0009143048982687661035847926678
0.0009084044971894254044710870723
0.0009025690087489856557391552668
0.0009161944064005711615849075290
0.0009296532401128539069446805936
0.0009238032333019937807650215518
0.0009180257550037060119551975197
0.0009123141985430644318350863196
0.0009254695604531892379750012186
0.0009197882170367673772125218369
0.0009141810717644202834786089240
0.0009086406274932782750257587037
0.0009214877349054799400883729895
0.0009159683716274191689421401355
0.0009105123648345266100826638058
0.0009051283870312774695718128260
0.0008997992762576670291675133720
0.0009123280926788372944593047650
0.0009070258066804040876080356850
0.0009017814476331568655772042753
0.0008965940102514087696765757193
0.0008914733812059787575866808321
0.0008864114470548563034436957768
0.0008985824732012340205274639657
0.0008935375714962313814640039444
0.0008885467785608320663512894023
0.0008836127694698151072625541512
0.0008787335790112180752463388812
0.0009073184037352580353527486023
0.0009023590637442906021901498269
0.0009139789151252404206691079662
0.0009090412609568373830663877121
0.0009205033403234674348493694152
0.0009155851768505104631988484646
0.0009268808702564399775246178825
0.0009219801310300193446683913616
0.0009331331197216211249460793233
0.0009282496138385840259367377738
0.0009234158032484289702151190498
0.0009186342492209673292696303463
0.0009138998721424683864185678550
0.0009092128837165762312607559018
0.0009045800669270909820973551054
0.0008999911208660605065391229167
0.0008954493564699262824942897198
0.0008909530049963435965887162123
0.0008864995401166010695945280815
0.0008820919801246366005096341443
0.0008927715421645335840691590120
0.0008883819119132586528244403406
0.0008840356225359762839510806010
0.0008797256622498378233995682932
0.0008902076280782311454593777718
0.0008859135480746986141349363143
0.0008816560910167086058117335757
0.0008774417696433807651385246940
0.0008877384399159749782409086661
0.0009123331467185318213521550912
0.0009223690374465879830034718980
0.0009180408995665850588803781185
0.0009279542675948766720506163175
0.0009236460390824999717890513504
0.0009334404803009355649529048319
0.0009291382692217423190230736318
0.0009248799311813637341027980549
0.0009622725157112247491088071011
0.0009579009322459678923594028346
0.0009535686725428841762693407054
0.0009629580958455930852767405692
0.0009586416728492082863097384127
0.0009679245516675788814463223353
0.0009771257778482367821705745971
0.0009862477119685107652086685658
0.0009819053092034172744972082417
0.0009776021062769386012800894357
0.0009733366480844155987922044235
0.0009691064433510549616647394376
0.0009649158066841750065578379514
0.0009607574898638576630340359309
0.0009566381744564989882550370062
0.0009525534308139187268017008532
0.0009485055541031870048649141114
0.0009444909570911659816976835147
0.0009405096049748476231995980026
0.0009365644595714052813454114198
0.0009453504512527410726198410037
0.0009414158597196248910367282992
0.0009375136735975321303924731682
0.0009336423501872707193505280876
0.0009298026412208475454349255969
0.0009384439698311278012987388391
0.0009346189531736954360418860075
0.0009431674701338759498628039145
0.0009393519516562209890799228088
0.0009355672224128143310195124371
0.0009562021630716171853170046667
0.0009523831038549412811935662471
0.0009485938632419928455076410916
0.0009448329919169713053186071463
0.0009411066887097543696008807071
0.0009493581798298315994989820323
0.0009456441222210796179846481453
0.0009419588344317207405027704086
0.0009383016215274503568641687473
0.0009346710872540389220900138672
0.0009310665680864445375923126623
0.0009274912253265556481490320795
0.0009239438057801109514735196142
0.0009204294839406225520212628171
0.0009169370251737901981993282157
0.0009249680726401282614398242348
0.0009214846503506766201704202254
0.0009180240632222172814375922546
0.0009145949256920768822350471512
0.0009111867484529895138583835276
0.0009190904478853693369169398772
0.0009156919189372223876955179432
0.0009123237679825151444885265220
0.0009089759628470101361688947773
0.0009167675255413634825816520753
0.0009134279687361431333496320131
0.0009101111165307651223119217175
0.0009068163895157610781357654460
0.0009035508428943358824335272892
0.0009003082118953080938764516137
0.0008970895679691929834046965958
0.0008938936669157780349377244654
0.0008907198345045467966603095682
0.0008875686948667147075583831291
0.0008844386463266100180687230790
0.0008920153629605107071152969482
0.0008888935922179891521763067205
0.0008857930853063224617297411814
0.0008827116994706942200884532642
0.0008901913885205000780350124741
0.0008871164464454373961285431950
0.0008840643677055127506867588433
0.0008810333370838248203102802172
0.0008884103225905880634054592279
0.0008853857954857074054085717612
0.0008823797257174085373087730501
0.0008793962848121778291919233859
0.0008866840698526140208597904725
0.0008837062451912515217983584801
0.0008807486764775092930346041706
0.0008879548737002133844209249300
0.0008850020631578395231104770947
0.0008820710740815698552453548252
0.0008791589502574188441298532540
0.0008762640295262391991633184229
0.0008733896882302940816397192832
0.0008804817826277349624751981487
0.0008776100589624093207037587246
0.0008747594979577870105455058697
0.0008719254191835664152632805674
0.0008691100398243363033150073988
0.0008760979700051511839960663004
0.0008732908666373002021609112509
0.0008704997259301164040918959644
0.0008774180669231009316922312644
0.0008746280659864869268599434168
0.0008718587495013261759007363466
0.0008691087593535777593710100667
0.0008663755149834610508780552685
0.0008636601716007668456266079733
0.0008609650338416514994706439329
0.0008582836738023889044199898166
0.0008556198042587671122310281332
0.0008623888209726657029874713772
0.0008597265987339456213953714785
0.0008758059363923104778535604684
0.0008731193020526483323606007293
0.0008704463851999991222509801634
0.0008677926729002176929490656483
0.0008744016664948356315140632675
0.0008717520765724487904260195122
0.0008691188722645699783648206927
0.0008665010706813346589665625905
0.0008638988094965884445684109589
0.0008613128835641596478977201922
0.0008678214336212980930814754791
0.0008652388669202841312161860935
0.0008626726835463237162226548175
0.0008691177140204389029265040832
0.0008665504874552081288493259942
0.0008640014300094585071206038641
0.0008614668707721444425694291926
0.0008589477583361374138748431681
0.0008564442258343236936266497648
0.0008539558682989239881677630832
0.0008602960981196585520246636990
0.0008578096806627527391394650583
0.0008553371455152966476110642680
0.0008528789025050061196428698754
0.0008504371450640376037794846036
0.0008480084248029851605287594891
0.0008455938843567476675838923845
0.0008518330543840079014334160918
0.0008580358923925204368357661864
0.0008642021875545317958787715545
0.0008617669451094680456625448004
0.0008678876056015893069309524850
0.0008739745580269654464234982164
0.0008885205874370796146693348254
0.0008945166717792119115371227439
0.0008920328529546684476090956306
0.0008895619212800372299604470079
0.0008871036990763814720966307069
0.0008846623914706571204401051156
0.0008905855582537252653632839924
0.0008881460930439747112072668494
0.0008857215392727405017703169668
0.0008833122567456652905699145421
0.0008809116577372409984683047851
0.0008867649460865561603051360116
0.0008843687580381605472030309943
0.0008901806081301902637317369627
0.0008959605492315314037124706832
0.0008935596908238156354968326476
0.0008911709078466602325502012768
0.0008887967448150277405624951848
0.0008864338086988107800719558432
0.0008840866166806680693650222514
0.0008897914150880582861633851626
0.0008874444012304995936867028729
0.0008851100471683541991033762102
0.0008827882524600823660618182742
0.0008884374736876148665002934523
0.0008861193736439820895545326377
0.0008838129307480894356252597107
0.0008815173363388635710640661440
0.0008871095924516301397298189037
0.0008926744629648266613374181426
0.0008903735159765060957261178301
0.0008880877202919230559033294445
0.0009014005658364415356806984078
0.0009068688904605748256660717943
0.0009123108158353163201162839640
0.0009099909451285436344730349766
0.0009153978439641471311964092595
0.0009284703911200777428558064148
0.0009261255446406336265622534611
0.0009314500688440004549619813488
0.0009367481641690774705811408780
0.0009344015693333685235878938881
0.0009320672263079243861957985031
0.0009297427485908635593321841129
0.0009274354500699017250763978518
0.0009326749865529647814757095873
0.0009303688483464019132749567513
0.0009280718831596250848766384720
0.0009332743362470375258738330054
0.0009309819922656922294207403588
0.0009361496215130944086040867158
0.0009338612522956434646716791062
0.0009315867926291803090919017843
0.0009367154876637189511229903183
0.0009418191647333525227869538067
0.0009395409183700285667247420722
0.0009372727553279184061355984573
0.0009350160187809925953398617564
0.0009327708475415683278832953132
0.0009305364962664691466752891381
0.0009283133270179680622257714649
0.0009261010392681352108176165013
0.0009311311198176958636219987491
0.0009289207011429535680360668986
0.0009267210260572465540703783908
0.0009245328872285902065805370466
0.0009223572890154551377243999974
0.0009201889462705747938413255133
0.0009251643819264614318715817103
0.0009372299401450003303476331002
0.0009421392229877269673380502199
0.0009399446510522730811922602501
0.0009518900377022276452647734959
0.0009496838214331644308265848062
0.0009474878664915278134861334343
0.0009453028474600585014117002232
0.0009431267757496615714038327608
0.0009409611777417473182880448740
0.0009388045047286870641925298850
0.0009366594309564250650653344691
0.0009345235664065673383233690803
0.0009393186121619024524826589540
0.0009371874740255919010817901893
0.0009419535644260777966928132054
0.0009398242526541246577094581073
0.0009377054277185886868254529317
0.0009424375839673663261916424622
0.0009403207727412791463953930807
0.0009450253109202803900061010675
0.0009429124040516224311813641817
0.0009408095870730381845699191942
0.0009387147456849007184118127617
0.0009366292563295461022832032653
0.0009345546863015966601450814523
0.0009324897430972510203942581783
0.0009304349166638996199872447447
0.0009350772511226938090777940997
0.0009330277619704773361881514803
0.0009309863908298502854660166864
0.0009355971066823078589453336131
0.0009335580509412686757851863681
0.0009315271424236502663164295444
0.0009361066766322805968374417914
0.0009340780432079199387850934627
0.0009320590252864922878122050460
0.0009300491638739001469625808668
0.0009280483988082127169874320950
0.0009325863876627903324572039867
0.0009305868310065466127323809608
0.0009351010241909018260526207798
0.0009331040393204315818330807742
0.0009311183501955599707769378671
0.0009356005156964200094645541785
0.0009400631774320409025429910335
0.0009380741882804996282287993470
0.0009360938387012983804832604280
0.0009341236254114776072905658278
0.0009321609684110188331199149403
0.0009302052411043002324163481386
0.0009282587118925863108813794830
0.0009263188229322810580746332606
0.0009243886023185523294951518341
0.0009224666490886175342614101757
0.0009205519562208675287048420582
0.0009249436492997157663104048753
0.0009230306264247408641175306985
0.0009211259210148647493998397813
0.0009192330574551776874405554328
0.0009173438798418201542374615841
0.0009154619259171871523367514224
0.0009135888463300213283305068671
0.0009179343958063135780162450486
0.0009160648639983143311172084191
0.0009142001708730744303518185467
0.0009185148788959918642465511622
0.0009166544690669682591003258123
0.0009147995756403135463628180748
0.0009129536921724352025057023878
0.0009172358025467746371488713767
0.0009153911612213094198980706763
0.0009135576483211434638363462598
0.0009117300399419362904263014108
0.0009159847358354665658975424542
0.0009141584878852410454705062179
0.0009123397281481528432769598814
0.0009105295077265817572126931359
0.0009087250641606907487886432298
0.0009069271427338235044892819847
0.0009051382408741879999600614833
0.0009033555315419175105419353789
0.0009015796872710636678353965329
0.0008998113898943253787224088379
0.0009099542912033215745990033202
0.0009141189816186020074632833799
0.0009123363197205878767710543725
0.0009105615304087760520743322238
0.0009087934948511808937914660639
0.0009070330657950637424065635257
0.0009052784179026287527997689352
0.0009035302290023488385776090864
0.0009135099136498157258776193543
0.0009117527427521659066822721731
0.0009158401897936582953527580968
0.0009199110041835807227363514952
0.0009181520131557563216671271114
0.0009164010041770901945504747542
0.0009146561780305012443157758717
0.0009244808461446219657895774075
0.0009227270855447961136668451444
0.0009209789607159672001934914967
0.0009192408372421202866960979791
0.0009175057869497647197762589754
0.0009157774823524565123610633121
0.0009140567497155829067623741228
0.0009123411286696365982465373399
0.0009163263659696612447288096288
0.0009146148210976305784280494838
0.0009185823846487511442204874243
0.0009168716540482489681827268740
0.0009151695205759852782477499338
0.0009134715401343932681551675769
0.0009117792019690085184077386332
0.0009100943455909991882152345932
0.0009084157408736362828121523788
0.0009067421668976063826851042714
0.0009050763023841720285447336166
0.0009034162468879012563307452315
0.0009017631484958908191412331362
0.0009001151181063236509174198827
0.0008984740273626549919379175307
0.0009079136421260926012509776920
0.0009062657269036358216290455699
0.0009046206743132313754679845875
0.0009029817811000200473505144795
0.0009068465322691225264164765668
0.0009052094912505930871157600579
0.0009090567017075895917546076390
0.0009074217816769017107184944341
0.0009112521888421010964243474560
0.0009150690356721071140196709598
0.0009134329716905797709863630397
0.0009226601361807597311930800485
0.0009210151843178195831836619125
0.0009193781908256529329470400386
0.0009231459583927935909979801720
0.0009215095894884746167923477175
0.0009252593422001305762436241921
0.0009236251951949423860665671441
0.0009219970049457403515673006099
0.0009203744162435746166873710379
0.0009241003219515229850023540317
0.0009224803926561867998619140204
0.0009261908393087156717487493162
0.0009245729300204190563663581564
0.0009282656452328243065877463644
0.0009266489676196255563798637304
0.0009250374238876524493212193591
0.0009287087169580613250121444088
0.0009270998763657643155866097915
0.0009255011345784134157976421179
0.0009239032900330692469476029939
0.0009275515741313242570303367598
0.0009259561859573524854935574206
0.0009243642534255751808206792335
0.0009227793882891117184994955037
0.0009211990332680150055644811537
0.0009196231655384547065083422080
0.0009180555298515459944608084393
0.0009216708819609565933171077454
0.0009201032275979743418048041539
0.0009185437351289784310714629098
0.0009169869051500303845734909829
0.0009154371788905797798225138666
0.0009138901321747840934786472520
0.0009123494156866275107089547992
0.0009108139130315814903312864936
0.0009143915596122142910758637665
0.0009128575857741583652020565442
0.0009164205168536461598852033538
0.0009148878793430164900017450310
0.0009133622277836963098389954356
0.0009169059496649545860275004283
0.0009153804951959237433937140305
0.0009138615094353780030082575094
0.0009173850029517518086291431173
0.0009158663659287151431895876505
0.0009193760393925676017272386896
0.0009228763064653921684232387818
0.0009213568783926026673863427158
0.0009198415656969885205293891851
0.0009233212120759922522233992685
0.0009218073542512528570621340798
0.0009202989277075533196190193133
0.0009187954550133491662910057130
0.0009272115371245866002308037608
0.0009306510963928543765915694550
0.0009291392748818121004659830187
0.0009276322366943610238111251056
0.0009261286162836949957443357763
0.0009246307788797672179349022715
0.0009231389930177405218724835881
0.0009216506495141977014121336606
0.0009201667361459420382664829703
0.0009284600128915344964334256964
0.0009269709368616903867027458796
0.0009303573165154504646063860279
0.0009337314325229152804540734234
0.0009322407720698258255424801249
0.0009307532757990313970183869848
0.0009292721504182046723892607473
0.0009277953184712476766087263026
0.0009263229050791068205063277021
0.0009248553448137820871900956541
0.0009282016773705156690307562964
0.0009267366473755124699115649274
0.0009252762609900452499333536863
0.0009333910112798143581471502639
0.0009319257572453971601591322502
0.0009304633932900511216820816370
0.0009337723437754191246996032639
0.0009323122321078275106558789316
0.0009308567043549968896352724202
0.0009341439870978508549833431557
0.0009421548214501245791098864935
0.0009406920252644738717306700603
0.0009392327931540652057440361661
0.0009377775364634784726648528965
0.0009363259523247815586487391145
0.0009348815074863084751597029243
0.0009334422469340212543187700707
0.0009320051065345942195352579875
0.0009352479811828062302984575024
0.0009384786058319972817937450785
0.0009370410534591690616088903818
0.0009356067977699707451793532843
0.0009388243739888063598515986094
0.0009373924845791909145741457157
0.0009359641397598390584718356782
0.0009345391834252534980168811735
0.0009423538901102178622477207440
0.0009547541071781955065285697971
0.0009533085903678747896821154045
0.0009564630888598141389141345648
0.0009550203378455765618989384402
0.0009535820973974848069547476802
0.0009521482088725704345710110069
0.0009507171311822655811570484524
0.0009492910606070156598185638714
0.0009524233802382712214659550950
0.0009509976565226518685589908269
0.0009495775885456969236785919465
0.0009481628763678788888349737581
0.0009512768957801817038600860571
0.0009498625049537166942802162175
0.0009484538384405387442324989720
0.0009470481432548775650122469535
0.0009456458145383471883638250465
0.0009442476527602711278653257180
0.0009428536399501582070678309610
0.0009504232485163741516998908957
0.0009534980970860198470377860002
0.0009520979514219680242383278235
0.0009507012591928399275579918363
0.0009537627104413095512621034608
0.0009523672740805172118971040711
0.0009509778176298410802806649741
0.0009495898858077473134735993993
0.0009482064203114161232834821008
0.0009468264645160523132635881731
0.0009454512061215309571279858363
0.0009440804905807393087882379449
0.0009427136321822224131536179323
0.0009413515451596284401215381544
0.0009399926154303842419515243780
0.0009430211006819224675365499528
0.0009416634225066013525253059969
0.0009403103298525266200952862631
0.0009433237397125448318357852181
0.0009419721538058874859934953419
0.0009449750279695487490126398417
0.0009436253478506619846628423971
0.0009422782276592944426293235569
0.0009409366717725446214661312199
0.0009395979067884029623833344088
0.0009382619210289718548304845781
0.0009412452997190622348029766531
0.0009399114253152300685119404117
0.0009385808561332694454178175205
0.0009372558557160579452618688803
0.0009359338350358059289460618977
0.0009346155595867734869889261052
0.0009375769653828252457780417318
0.0009362612564354264929854852006
0.0009349482261551220724169717856
0.0009336390235479707558671334171
0.0009323326023229608372521055534
0.0009310302366211916854967466516
0.0009297322950194492068474039081
0.0009284367061340370487660012054
0.0009271444854260013397169817622
0.0009258574081566419626954965668
0.0009245730274559982664723886937
0.0009232932443579567379472674804
0.0009304280705176374736666843846
0.0009333438569096452615145870707
0.0009320558375806748225661729179
0.0009307730071816409053705694051
0.0009294926128908828413292681519
0.0009323929500854525521697075969
0.0009311130959917045352229214913
0.0009298381705545903474002364791
0.0009327251830002080169654908142
0.0009314502721950629525955712147
0.0009301807424392479397816542853
0.0009330552960620293073550703416
0.0009317861674755958405148934201
0.0009305207566205763325847218216
0.0009292587982770018247688224181
0.0009321188183480819367726980267
0.0009308579952103856811111819981
0.0009296001009027457582876123959
0.0009324483887265415519906536681
0.0009311918723274081962544042016
0.0009299386325991015035889245185
0.0009368611756202098671093777875
0.0009396840421643054341747502447
0.0009384244245300453076488026713
0.0009371688134288451447916213990
0.0009359153472598310687945285071
0.0009346657372816427825646021721
0.0009334199684284556547014383507
0.0009321770449432859868818354160
0.0009309385364572983042881466130
0.0009337401376430097883798813483
0.0009325018808049301563816928574
0.0009393198601682465102861724163
0.0009380782070668084397356362531
0.0009368397301358503500076148811
0.0009356039315240724732687062215
0.0009343716067941615431790509540
0.0009331434319611095791749090617
0.0009319181388697545772560991676
0.0009306955957103762875108654571
0.0009294762739922054573102754941
0.0009282600403840735370954308188
0.0009310208976260756664282338099
0.0009298064298385457431265944207
0.0009285949054341830499109287530
0.0009313445695516772168510319031
0.0009301336038302040830771234376
0.0009289256802788050667572957198
0.0009277208567312559539993808211
0.0009304563844741753498258423006
0.0009292537054862067374944505387
0.0009359085019198497627029698342
0.0009386228853404565409682551180
0.0009374141832042093561544439313
0.0009362081345581338402122472127
0.0009350050842345234966071644887
0.0009338049021720112749532772162
0.0009326081671710019011575748880
0.0009353053662269704626293656083
0.0009341093083184070536835087214
0.0009329154121066171363191580922
0.0009317264239488470452317214975
0.0009305409030337950132320630895
0.0009293581090767122130957299527
0.0009281776349674600315784700598
0.0009270008726475613728302521016
0.0009296795781014937368430352204
0.0009285033170506104760901436332
0.0009273294633701007154377116263
0.0009261582407298918623597380084
0.0009249910312116838867733249704
0.0009238267765882006361648966013
0.0009226661597299020842615868640
0.0009215075494564137690635645621
0.0009203515150036093241528150741
0.0009191980464408131759868971248
0.0009180472490265209899434814600
0.0009206991659248644237425559258
0.0009233447726748581934555092408
0.0009221940230901689476532942328
0.0009210466121368542727432604160
0.0009199021841863669903158427666
0.0009225350032483104801099994928
0.0009251609146310538004206705506
0.0009240150686605478898772369246
0.0009266320379847855939141345934
0.0009292435288767779403296807580
0.0009280969961565440396557583264
0.0009269523977256830167625509473
0.0009258118783521346917432001817
0.0009246741784013699006971595185
0.0009235389486553463485742396154
0.0009224071956347535534662576469
0.0009212780045047828494143969797
0.0009238694829040093509160447752
0.0009264541446224466874129087192
0.0009253240321007785602042431097
0.0009241964651051475894855942292
0.0009267728042031166106581083236
0.0009256456636336538973308173316
0.0009245218342743418768507339997
0.0009234009691385444613964993107
0.0009222824998861000309184603836
0.0009248450269655261500800569891
0.0009237274099903387308589707104
0.0009226128389337281549703764531
0.0009251651167384480251875457158
0.0009277123227848632034021712903
0.0009265964228961879750425092553
0.0009254832186736003499094940750
0.0009280200502208882021438327380
0.0009269075925237322110119139431
0.0009257984731068349365806710038
0.0009319618477720474403605843460
0.0009381092162022250333213612879
0.0009369896407566175811697059264
0.0009431162636963971480986722983
0.0009419942800851594854618944682
0.0009444873576110352229399359334
0.0009433649956536623206870193790
0.0009422471637780621473861522606
0.0009447310364078389176877135689
0.0009436136940853563679605248412
0.0009425002017015586519564522268
0.0009485619304507521645255080131
0.0009474443462744063983911694600
0.0009463285405954268267592590404
0.0009452162382338848680345461453
0.0009476766183465014170054208765
0.0009465639465306658158901249301
0.0009454547582572542302059491898
0.0009443488259769222697487471743
0.0009432454928743792898068827050
0.0009421446422391692959056666811
0.0009445923900553992400473754975
0.0009434920043798078085650345132
0.0009459312729347362078290969925
0.0009448326198028333670996689410
0.0009507934857498430314418584127
0.0009496913227056472311337755255
0.0009521118028016448443954988316
0.0009510114809947213122556507257
0.0009499124797533067094105357466
0.0009488167426646554760342956736
0.0009512273791224852588636619942
0.0009536321803191430758711429170
0.0009525350198720822250143984139
0.0009549322288385924064886207509
0.0009538370500578087457095003615
0.0009527436564436412807737700592
0.0009516524632890927798809176889
0.0009505650411358562323754642481
0.0009494801119130759604549170833
0.0009483969400977867499532642852
0.0009473164596186345327576828047
0.0009462381374943877728228165490
0.0009451624892930039416792433986
0.0009475417149772854425844012713
0.0009464671378270867026658069366
0.0009453955293997876762824663603
0.0009443259426149137371919982017
0.0009432585787658794834752485466
0.0009456265414117537114212209754
0.0009445600194767542989679125156
0.0009434964316077426754888329908
0.0009424355102292935589963982592
0.0009413760025245428874620851754
0.0009403197128068421579477835785
0.0009426739659747451056711304082
0.0009450242299152705379386225610
0.0009439667832207278111566172212
0.0009429105459045669746572392137
0.0009486461850443112164966520086
0.0009509788048840044345397072777
0.0009533058923729744027939486902
0.0009522452001340121046635350959
0.0009545653657868964188372748744
0.0009535061447394618380083490981
0.0009524495916887696931956587694
0.0009547610652356156231735716994
0.0009537053646986132496711380073
0.0009526537501783521282499468140
0.0009516023255765162563584881564
0.0009539057894744603778374272783
0.0009528546989307337044995178017
0.0009518063387898435804918955781
0.0009507599920480498661704126023
0.0009497169652048069971855924655
0.0009486757337761910880539324600
0.0009476370981867669434714911262
0.0009465997411743679289819701222
0.0009455651666180582882181918762
0.0009445336672216075779081236760
0.0009501357580170880492681282081
0.0009590366570998467305489661671
0.0009579926026672763143208335357
0.0009569512304585548619164843702
0.0009559129314494228956056400758
0.0009548759642226393260606383239
0.0009538412906726367035165943489
0.0009528084703026765448807846484
0.0009517790889266709883124309705
0.0009507512472674566290903695802
0.0009497261314477333616018888224
0.0009487033360388149844271860486
0.0009476819545255814272790077886
0.0009466623930628602721078868006
0.0009456457378680437746453734813
0.0009446309677851151751990684191
0.0009436186802570852957561582950
0.0009426086705816643167894256567
0.0009448523730123678200527809949
0.0009503382212767197120019643014
0.0009493237620042139827080323876
0.0009483119676724209087528877608
0.0009473014579743884298213015629
0.0009462940888968387238090888024
0.0009452878943966329074879086470
0.0009442845314343170872752623734
0.0009432835029048839487875070517
0.0009422846062179685628064069247
0.0009412883216866329741955867531
0.0009402928902699149017918973323
0.0009393004467335835249267773758
0.0009415161438489383780327345489
0.0009437277284821781954323644680
0.0009427348009534731220933588004
0.0009449400348545194628346518685
0.0009439477309717083769011354976
0.0009429581961962223443193279707
0.0009419700841402502590014572000
0.0009409833654423538156298092142
0.0009431790394978349939074824599
0.0009421935083297724174584624046
0.0009412107670811311344230125055
0.0009433990105023077296245168139
0.0009424167282510373095577549881
0.0009414361566393967657262763494
0.0009404575002655725729498532646
0.0009394809824179412743928083781
0.0009416594295551843574980811663
0.0009406845057136698100757791389
0.0009397108951837376526359050574
0.0009387384524919273447670231826
0.0009377685045994427282918426737
0.0009368011387669191797212521965
0.0009358359674171110669293418176
0.0009380030326115644839951620894
0.0009370387094254937548057834590
0.0009360762839517459491758216283
0.0009351158448123276542551666772
0.0009341571029803926987184300788
0.0009363142993512632094308954375
0.0009384674340385467088661471734
0.0009406155783661499947531337419
0.0009396545635008181273721409736
0.0009386954261173948004143283665
0.0009377397546613781368655084928
0.0009367853839370544425517197865
0.0009389249212776374886327992467
0.0009379712893334061207939727471
0.0009370200705083739534748480511
0.0009360696833086494956829259035
0.0009351216536410350141665916270
0.0009341758643181425742491407845
0.0009393779252552885078412546006
0.0009384285271769939064730374705
0.0009374817238088724017203326167
0.0009365370425528741889266183689
0.0009355940191907195753265837879
0.0009346535825645972487257064476
0.0009337150458175750607635953153
0.0009358300069049487562518413374
0.0009348918071660017810406472790
0.0009370005636747089593940412429
0.0009421477248823627196403307891
0.0009412064652192400466718994761
0.0009402669112486221884373818202
0.0009393287830011837560889965172
0.0009414217952543994194492942876
0.0009435112586200871528464582454
0.0009425727920042649294853771150
0.0009416362916248778557006352228
0.0009437190111739054548658871196
0.0009457982165151820166406449351
0.0009448613018322593321470943796
0.0009439258873914692897480082655
0.0009429923327951312113797215400
0.0009450635462699371094656809500
0.0009441310782012979280894256424
0.0009432002771912889176371275644
0.0009422709570467565755230192520
0.0009413442459672412552320822665
0.0009404192757921934589333314448
0.0009394958142910240747120457886
0.0009385751674136425313515296992
0.0009376557032670211397186627125
0.0009367381389357596897801683092
0.0009358223791545365146078820505
0.0009349085082809368902788404081
0.0009339956228909760167946995612
0.0009330857398138724737513810978
0.0009321766068526117349029491396
0.0009312694322821564797286363949
0.0009333198899951215224675120073
0.0009353663935181382058138031181
0.0009374090319455214469393431764
0.0009365005620852486795159475047
0.0009355935938013261435906524724
0.0009346891757035669662152938922
0.0009337859083556019878219491742
0.0009358200767401792057210026562
0.0009349179087324633146351403807
0.0009340172229000718296842305108
0.0009331179902195158307490921645
0.0009322199020310894667262227365
0.0009313231071469980173681554770
0.0009304294571474409928291491202
0.0009295370892786366108264187763
0.0009286456472067204425541768042
0.0009306670545571745025800764224
0.0009297771206045263378215796336
0.0009317938213007431493927064557
0.0009309042504233188937975173354
0.0009300155076708735348575156308
0.0009349235219802595992507873994
0.0009369279289559857992713990612
0.0009360370265883141660270117954
0.0009380360167322035000504851612
0.0009400317160864120483192818840
0.0009420232614353734422605175511
0.0009411310854157520488706482691
0.0009402410857228822719196551750
0.0009393526371537454751664481744
0.0009413365668923217053377398481
0.0009433173400442347655279664803
0.0009424278079397947981924789744
0.0009415402216093328206015617631
0.0009406535342567792580734824739
0.0009397686960347671894649562183
0.0009388857017783553112141394158
0.0009408575750978067286638769884
0.0009399760817103360599874283078
0.0009390965068881056911329384545
0.0009382182666870420001981801866
0.0009373416532733771944754635670
0.0009364661701624276076910087483
0.0009355920721560056529458321305
0.0009375552127038331715707269079
0.0009366823317469199464409562364
0.0009386397507146337872793056473
0.0009377674878966953784264015645
0.0009425437081820180161748880412
0.0009416696868430584531850077546
0.0009407965270040578033962799778
0.0009399259307126786674664252586
0.0009390566135759441084912124845
0.0009381879764321700095001293566
0.0009373217172192909859315816056
0.0009364566406010976499927119006
0.0009383963590799231163697013318
0.0009375319741181971140146968019
0.0009366698658065430283775871676
0.0009358089888106396473737995194
0.0009349494720766963457488656882
0.0009340919633699504422659199666
0.0009332357820185124533601518115
0.0009323810930402849587084654331
0.0009343099823935297236354111499
0.0009334559616188953622517092407
0.0009326037247150320945788939275
0.0009317528180931940505910591710
0.0009364471631443436472421211547
0.0009355939781129012545682117691
0.0009375094960657315368554938189
0.0009366576525202369268296557372
0.0009358070307365489696776518845
0.0009377166935939011152322553517
0.0009368660729673276419558044147
0.0009387714277826613586892012013
0.0009379218119342277511896305184
0.0009370737954960390361537876437
0.0009362272649300053855136136529
0.0009353826028772537195097366467
0.0009400230839314845582832895395
0.0009391760163603880750999254490
0.0009383308131824094422749592691
0.0009402219064062610846744598204
0.0009393776163230085246419759641
0.0009385347675956350398844369879
0.0009404198328829351079923474360
0.0009423017491892000800933533914
0.0009414582972089759055281517547
0.0009433356479054835405025542027
0.0009424929113727330061890569330
0.0009416509840655229644517141983
0.0009408108133020425712197860082
0.0009399720663877247439460172041
0.0009391357222200129079788884728
0.0009383007104495419103341297779
0.0009401682393536309017535925407
0.0009420332506915903233804366193
0.0009411969090776839389183042239
0.0009403627109228682392969222832
0.0009395307318113538161088264005
0.0009413897547443504731072896585
0.0009432451473783906693917672723
0.0009424118497236151231994231392
0.0009415808168400030950276139253
0.0009407507154685497209431666333
0.0009399215169912779235517326729
0.0009390943531934194420893447270
0.0009382685731671175742761731134
0.0009374436033399973359811532151
0.0009366207359502166144059089567
0.0009384664967528046508713966173
0.0009376445812827665915675371204
0.0009394857884333995848113335552
0.0009386641002966944326661400128
0.0009378435345268986060936697340
0.0009370240882008139205063931853
0.0009362071231355993427204131481
0.0009353904672629269857983831097
0.0009345762834345994878835888845
0.0009337628835962403466707993220
0.0009329526886031695941643515293
0.0009321426069262012772147706396
0.0009313329806752245449940718720
0.0009305253248150223802145382508
0.0009297190758797703144562028493
0.0009289139914925599024502204385
0.0009281106254283910422873982209
0.0009273084169721005377060281822
0.0009265103248911237661066211726
0.0009257115308744976484057010850
0.0009275343595718645363789858407
0.0009267354730085358148041618852
0.0009259383027465249647835228363
0.0009251433976366517771812128944
0.0009269621693997817270554980708
0.0009287759765221863716111396399
0.0009279790238490365437664866320
0.0009271836804864364584470636644
0.0009263899422883429599465315961
0.0009255977265188915871938973500
0.0009248067146319050048985238271
0.0009240174534799943070271808963
0.0009258228970716442403380516994
0.0009250341582091927414496303888
0.0009242482084282905455009113552
0.0009260484298558365295336871353
0.0009252610623571560374463295348
0.0009244752227325983069977896098
0.0009236910366242704395476980905
0.0009229079534443230544415436313
0.0009221258144964761678181517176
0.0009213453962209946778467432558
0.0009257094486001503427464034711
0.0009249277005521669725747479121
0.0009267142130353626392088518459
0.0009259321626157804742751939992
0.0009251514375327763032006139770
0.0009243728873172769907598751687
0.0009261528167647026395420070752
0.0009279301241091297147785738464
0.0009271510451353229327653401052
0.0009263732038048081274231171602
0.0009281456751705027494675403791
0.0009324631709576360303715099367
0.0009316826681351350141660226421
0.0009309036323446727765390787294
0.0009301270496983086726711133276
0.0009293503208495808815702505344
0.0009285745111447921226017524291
0.0009278004623339897360125032347
0.0009270277867752799506322439393
0.0009287869740131172484360879993
0.0009280144596243819291878060451
0.0009297703121267276855967850962
0.0009315226172142321943933158104
0.0009307508620452388346667833538
0.0009299785997990595672410698211
0.0009292087665521833961639133363
0.0009309559706660079901624080690
0.0009301853114102938593623734641
0.0009294171486461113628928039975
0.0009286503340533077161601868773
0.0009278847179510103949624660782
0.0009296251747856828415021626010
0.0009288594889471914307763699514
0.0009305967145013819128468646140
0.0009298317939693511545199153883
0.0009290683076563848561221012494
0.0009332958341140538214167919192
0.0009325309477244205284590567143
0.0009342577680741624527423503505
0.0009334923040611499066650569024
0.0009327282496401613256685984268
0.0009319653755537125035804244493
0.0009336874403945852406043015476
0.0009329257067484163919016174691
0.0009321649969390904665599008213
0.0009314056828796949533157102129
0.0009306474619710896891286629447
0.0009298904061858211117393950336
0.0009316056498784399280429002631
0.0009308489729430635599812796181
0.0009300930825397070149061184085
0.0009318035199250111187512204236
0.0009310497230174229968375158256
0.0009302971166098646653773884240
0.0009295445795796129905030661173
0.0009287935598230628746621201477
0.0009280434647096526536075762307
0.0009297479831863609165532735517
0.0009314491457546978441971421091
0.0009331471088976689666858692351
0.0009323963633778429022896964402
0.0009365358351541065540492456431
0.0009357829737645795048951669195
0.0009350323618507513397527190426
0.0009342822223683131453557682922
0.0009335327757441837952515053884
0.0009352194178174660467285129532
0.0009344704228997009625894441461
0.0009361543352113863168060089710
0.0009354061604577603622706132071
0.0009370863250998315129992423287
0.0009363390432346698738524599209
0.0009355928854474510127198590284
0.0009348478491898541027121859681
0.0009341037644238714404649651507
0.0009333605242217188383556850641
0.0009326196410365316010693437249
0.0009318795313487605091630961357
0.0009311410108205127935834984745
0.0009328130355879993024419370937
0.0009320750933944136413769869659
0.0009313377429497447000240799413
0.0009306026360014937254597032337
0.0009298674082359270102566595944
0.0009339342702424507035990968937
0.0009355962694867627477391739843
0.0009348587601565855378712722482
0.0009341229955942284829651133506
0.0009333873118181608420767192918
0.0009350446327990439813210590375
0.0009343098894241560765753160591
0.0009335771004045596902328228080
0.0009328451783717472996980916594
0.0009344971255732770985508440556
0.0009337653437402222232607322990
0.0009330342089749790044295796375
0.0009370594234127682963979731606
0.0009387032291120383636419491567
0.0009403438076386697123140989647
0.0009419822432738837250377591776
0.0009412481567549245351657880534
0.0009405151709692611033141628186
0.0009397830458686404509954094264
0.0009390519225385465006506314274
0.0009383220130120987542216678010
0.0009375938147607078300160058001
0.0009368668953439506900386272244
0.0009361407523190137642927461025
0.0009377709058544653860629977991
0.0009370449760383485074986192644
0.0009363198901804298793935355713
0.0009355968318136247368984171389
0.0009348745228445035160526575228
0.0009341530629756075067123713183
0.0009334328931317095405507556810
0.0009327137680752005632114201184
0.0009343357009689489449653177901
0.0009336169190854548875113183115
0.0009328990360760784418352877366
0.0009345176030487490670561420506
0.0009338001328097973929790269095
0.0009354158930942890468128361801
0.0009346992593462993588917121078
0.0009339830947662241042348463237
0.0009332681816196825794175139907
0.0009325548511189538421971075703
0.0009318421947173516143297632046
0.0009311318766173607139542936493
0.0009327405182172650536673754319
0.0009320304097547249812898566555
0.0009313207581677420638008697774
0.0009329257031529955791029650921
0.0009322165613487325493773386411
0.0009315074846767345038518555504
0.0009307993509190087243257233739
0.0009300934843349038152767171349
0.0009293882752349440532516044939
0.0009286845585482037750367049764
0.0009279821218636736144525162130
0.0009272807536209183216090165345
0.0009311753420354212894574381616
0.0009304725448448086950004796509
0.0009320652941175075417112781102
0.0009336553507026251165415971206
0.0009329519945142678297795216445
0.0009322495645655240824756018251
0.0009315485931372781167580520374
0.0009308484933810073086851999879
0.0009324331878483377707046985990
0.0009340152829985179497201910846
0.0009333148379469620211139957851
0.0009326157934722623946512652030
0.0009341943838472482603812564905
0.0009334956605809638266189903221
0.0009327975751159614831644316749
0.0009320999197960642917699751189
0.0009314042739868137732398337302
0.0009307097406225510319655186165
0.0009300160425667525843815281265
0.0009315879383407502629656922637
0.0009331592067693852727838755137
0.0009347268329120398308261224075
0.0009340323432509080647482349317
0.0009333382564097090006244980030
0.0009326457029973870261509610749
0.0009342093092301068875853519340
0.0009357698350916654469348429363
0.0009350766772623369514515538455
0.0009343846871685044309497439156
0.0009336943385133915081765529260
0.0009330047435764076938422945550
0.0009323160367060907963819816705
0.0009316284592306740758695351941
0.0009309419294796072978781273356
0.0009302564166185063015932567699
0.0009295717831466290458775363232
0.0009333609757972218169287767716
0.0009326746539067510214684981271
0.0009319895485221373543725631088
0.0009313059270977413063980371724
0.0009306228414942927365796462401
0.0009299412090550984439802434647
0.0009314871666564442753577181059
0.0009308052535783267992485802246
0.0009301248765225063442914499063
0.0009294451009847688392550257566
0.0009287669630414451101697309719
0.0009280887783012336875584019684
0.0009296290242711165443190575868
0.0009289518052079207644738386752
