0.000009153922607387927242365138120
0.000004985229560837332568184663537
0.000004827918868110576407623185296
0.000004775156658904723436762787140
0.000004885598775978639049252700643
0.0006086365750817487769170941429
0.0005082341649948933652061528972
0.0008679132613592886324345525484
0.0007602109971106205719218391938
0.0006766076814237751025337605285
0.0006094992262202146683723390028
0.0005544814792996590800392715890
0.0007605272460606363930679730577
0.0009348417421289879032349353566
0.0008685331861586212210468526731
0.001012504905876370804085488911
0.0009496288236584510632378499532
0.0008940971516203361517509166584
0.001012565844882084681067307054
0.0009595716118535226141713457806
0.001062959286746778534644711967
0.001012592850439618284066085607
0.0009668238931151081226320336620
0.0009250172021017341936235052812
0.001012654248758056312446153225
0.0009723619347388777673310847681
0.0009351572906434603178809626943
0.0009007405950672502325507969619
0.001084663283591505102446959129
0.001047434942615312468603884839
0.001012702917537625416968328155
0.0009801981414909825517849567075
0.0009497324894593673886230418397
0.0009211195135957024148482404181
0.0008941810816784723029536486780
0.0008687843205273208504428807455
0.001012731533370114547565599651
0.0009854780306732690755941488403
0.001039231138046138831275032625
0.001012731820061464729214771485
0.0009875548489570805642754387356
0.0009635878660690900872852505547
0.0009407619012837303435640152533
0.0009893284584476338565730240219
0.001035680329774849278703063634
0.001079956307099400704509525588
0.001056605470129302071666542124
0.001034238341608247540151133071
0.001012808697241604502295088450
0.0009922498214365718974617202630
0.0009725039808794168621418866709
0.0009535377215786464650803318036
0.0009353131125208612262856408852
0.0009748039979015517366636203869
0.0009568499758056300661145942574
0.0009945185762807605761404694134
0.001030843740181051872963028209
0.001065899378083140995756917108
0.001047616440884476154198332213
0.001081208505170009330570042729
0.001063264592491425239219154934
0.001095499000636720975999219808
0.001077921093981847831573671314
0.001060908385616107027300968917
0.001091649286517915251093566229
0.001074934714138218793781064434
0.001058733503330883953336550742
0.001043010373618242018877246682
0.001027740199663980718079261482
0.001056734454173040724542940640
0.001041714936961414794554136819
0.001027119734147796151962895463
0.001012928625152598747329321671
0.0009991187437479331104843950863
0.0009856953042139914118075043010
0.0009726325619868665519182350447
0.0009599075074497760280870441476
0.0009475076268134765612495081835
0.0009354261942505397138339469385
0.0009236517388343436306426223100
0.0009121716101153832259260876892
0.0009009749056115686311870970895
0.0008900641673970276833453794754
0.0008793991442929053357206058592
0.0008689923763067336927801394913
0.0008588401360557347598855416250
0.0008489261021923942866116131468
0.0008392167993806581833134935974
0.0008297312583489962305647419608
0.0008204681063704765515034675834
0.0008114087458992532973376808472
0.0008357711770708892905625139915
0.0008267415503368747296242296513
0.0008504231357257025023704366067
0.0008414267064888428553556141149
0.0008644590731348731971929527234
0.0008555124404542992975868883317
0.0008467483675867850981967992292
0.0008381565973711838961250982527
0.0008297503995454168073164972041
0.0008215059009532730556116338266
0.0008433501434035254395903292091
0.0008647732867293912449053366909
0.0008564360099211399588424933206
0.0008482370488628612343257447486
0.0008402258704826666696620763496
0.0008323500452666008305336574541
0.0008246197057042362604719190033
0.0008170299663149615956139644768
0.0008373146890261479911396691723
0.0008297475344479563229412826469
0.0008495604841578198141525766210
0.0008420232053912190518344169773
0.0008346144561911143554530765697
0.0008538617600555050187831870867
0.0008727727659204334171454288262
0.0009174296839413606930973648117
0.0009096242830481281205766898684
0.0009019565962082650507935841420
0.0008944258532629715204309281791
0.0008870156436861486009946458987
0.0008797256377837081909545131617
0.0008725588817104185907743295000
0.0008655093926521375620034550850
0.0008585758105088147740498061535
0.0008759407419172686847166990089
0.0008690307931476148458601716721
0.0008622296548341722124906237942
0.0008555326304017900210421054480
0.0008489365889264902347388337082
0.0008424399076651334794639843281
0.0008591299300902352849982145706
0.0008526627780780427392441267715
0.0008690194778551264632970795624
0.0008625736551783037104052802597
0.0008562192769442688648643722169
0.0008499576661442733779937279391
0.0008437874576058345662516262579
0.0008377159500283048182689702695
0.0008317278459902632377419854392
0.0008258331257393582323065509864
0.0008200181194886159664869116517
0.0008355725867914568261108408971
0.0008297618388423123316281862674
0.0008240501398806397460581255767
0.0008392556395009609427201029991
0.0008335440735113076430698258304
0.0008279140261976802520810129862
0.0008223494612802439070793504513
0.0008168638848361026099140647446
0.0008114520542481751440412660303
0.0008061131106948806447414075750
0.0008008438104736733064289222308
0.0007956415890611694491133815110
0.0007905104908006292864670078781
0.0007854420537218302371533529585
0.0007804397660256905163519884930
0.0007947556456632771178039077651
0.0008088937981084433908644729992
0.0008038355237668406666356221571
0.0007988404726600260583603354334
0.0007939086060732376609974992876
0.0008263724579424616413254429153
0.0008398841179815996437344333587
0.0008347972343431390111969951863
0.0008297731151186828636667644355
0.0008248078706166481890790326715
0.0008199004423349921384574093366
0.0008150481634555557840150452568
0.0008102570943844734659704451600
0.0008055234645532056838033664302
0.0008008409138458127508088050646
0.0008313747386033681483477079774
0.0008265974271684684648208441784
0.0008218781806891842418424311850
0.0008172092040433919621514333872
0.0008125932804039066606187922624
0.0008080346815243006839427788385
0.0008205107990941165794401203753
0.0008159532792072697371034895268
0.0008282478070166753897922008788
0.0008236994153113438834073261776
0.0008192005013072410736710470875
0.0008147537535323902694352887919
0.0008103546219104949901171327287
0.0008060037577148878678509181125
0.0008016996743370681251445299317
0.0007974386854198239289044508636
0.0008253945554227514786344216909
0.0008210566800538052341235618697
0.0008167630189097631431371104263
0.0008125128778911498870050069546
0.0008240569559177221268532889323
0.0008198178076560831422206996601
0.0008156162260711318772773223251
0.0008114610218596147648291990683
0.0008073444784175756504454365782
0.0008032725127963301115314130714
0.0007992430631934792742431042351
0.0007952485889030027759813521396
0.0007912995501895235353119653202
0.0007873902577244725859771866648
0.0007835178572265319347235522999
0.0007796849586828513908768458460
0.0007758860467975193927029398177
0.0007721255347416350801480667592
0.0007684015307281278303913917980
0.0007647108532217169923294355703
0.0007756091252040890019718848353
0.0007719219070647261891988647830
0.0007826680769650019283438278163
0.0008076463351593264571608164514
0.0008038567259352306059499943503
0.0008001057063018629239806035355
0.0007963914519979607293548708079
0.0007927096186265579545272457053
0.0007890648406329722897989771307
0.0007993828488151465821879371421
0.0007957379591742936761625806385
0.0007921305336146832364870946464
0.0007885529903547269000839228531
0.0007850069617615648508828293050
0.0007814969786931541947406430859
0.0007780164740386702662179687386
0.0007745650012106610938671136257
0.0007845814171726326074724794174
0.0007811290100323933223439354020
0.0007777130672658314295851644883
0.0007743202624777571954421096728
0.0007709586874949129670643386420
0.0007807794112083592062750496604
0.0007774213560692146318303369811
0.0007740922481062904726555413465
0.0007707913218397793590805550101
0.0007675205637476879101368955767
0.0007642784193337402819796201787
0.0007610610354275358531556189161
0.0007578708011378629217479458614
0.0007547081434868017104521611025
0.0007515711848388662901021437998
0.0007484599853007382498108084476
0.0007579250711164112756148589121
0.0007548114375313588262028833449
0.0007641717353877658486596789227
0.0007610640232161235094564090504
0.0007579749549407542208912357508
0.0007549165805695094129630389009
0.0007641226513181641818574439533
0.0007610604611273712660311021806
0.0007580239691398137570428362066
0.0007550103033944507970357568509
0.0007640707547988533098110185857
0.0007610602809527501211872381584
0.0007580717949862837656469704047
0.0007551086420954293281691497555
0.0007521672928074582429367555853
0.0007610626091698608797862311062
0.0007581213383105310010764424804
0.0007786448658011123737962048145
0.0007756591311738540421870204969
0.0007959556774766360511047610946
0.0007929254468068417927322178756
0.0007899179970210042847893794680
0.0007984319879581804432004529094
0.0007954292375680289733528037260
0.0008038638021294728842280567963
0.0008122272837549846348961215244
0.0008092038627536933145505620909
0.0008174880817647010332441095142
0.0008144686035647439639341347478
0.0008114697969282813532669436936
0.0008084910929452743837915499018
0.0008055349639027848005644726120
0.0008026018314721488578147998886
0.0007996923549222184207007511080
0.0007968037151810674899009409261
0.0007939397368081676355467344321
0.0007910909523346540815567146399
0.0007882631858346608968832632621
0.0007854579859400676399921505068
0.0007934710025997955648757634781
0.0007906652809929172501827354019
0.0007986023555563619412476400624
0.0007957986540254330685300250207
0.0007930137293041472859299564572
0.0008220768302961885686919082130
0.0008192227008981301360196267204
0.0008269220046298655243853830020
0.0008240670582093329269692315732
0.0008212315529320247522614958095
0.0008184184441817098175791622082
0.0008156249810227297423125931226
0.0008128519040556881334834440536
0.0008100990050107655599545636671
0.0008073617192492080416378432206
0.0008046427679197022266154295861
0.0008019417906217025229370119246
0.0007992593092351673787635314653
0.0008067444797711725558918218613
0.0008040631246374864032680130293
0.0008014019225606538840276551785
0.0007987568812908610842160157616
0.0007961299511611421412520021178
0.0007935158398873047178168239355
0.0007909219376927890177200768429
0.0007883435439322964716743032992
0.0007857825994017283755308078805
0.0007930904493470752705580981463
0.0007905313172976725754201556037
0.0007879884518812903596633547662
0.0007854608108978599726699483223
0.0007829526615144095656335370306
0.0007804610929746648735181945056
0.0007779849427131428831183077020
0.0007755270752633624560298342362
0.0007730805654471782900446981705
0.0007706515676087452547097347796
0.0007682369278801145090240994729
0.0007658358458417924795615457177
0.0007729310424929391790630526889
0.0007894334907751316159263302453
0.0007869879623364028475780395913
0.0007845628846418218322812757296
0.0007821494295807856825572492520
0.0007890847859115404051119854184
0.0007866739915697443677495227002
0.0007935532032377826961005719012
0.0008003911814032975441928267359
0.0007979672262957219651801188327
0.0007955571714541037404753803514
0.0007931614459869475200391683007
0.0007907824068411183124190685665
0.0007884165969783425767616824785
0.0007860611471881601462774940125
0.0007837217198387953853141947094
0.0007814003569976384781971711910
0.0007790900398479068111449205964
0.0007857672176127588372251641230
0.0007834552610638905503324784675
0.0007811591043704035484030099192
0.0007788783382229553283998855822
0.0007766092523012132841523991640
0.0007743519155677471315751609242
0.0007721101422080567447049398248
0.0007698819339052094842513242557
0.0007676663771306569798178685505
0.0007654620393147648258070875801
0.0007632712642351724470705089980
0.0007697838946401086741296821482
0.0007675934866791473639160201063
0.0007654145491926024284485427579
0.0007718635409043179745416469189
0.0007696840728403646357144578268
0.0007675177305760408118630016495
0.0007653641439099465014793526827
0.0007632234634053853336153432354
0.0007610970217379870393314290874
0.0007589787383530555534465129512
0.0007653191460140643319103933362
0.0007632004025098404380438684741
0.0007610953628499284002405763887
0.0007590018319526379227326771222
0.0007569191083048155421422083793
0.0007631771022390393835313386692
0.0007610930946802048047397087390
0.0007590220103401064754036220402
0.0007569604926775481734272423510
0.0007549124848540097154114476881
0.0007528760735992522492937332665
0.0007508479707161527890275794268
0.0007488325627122069498485312048
0.0007468294557919985630023578771
0.0007448337162829529216314746921
0.0007428523583463112885342888906
0.0007408786593103129969876920761
0.0007469811291308633266984675435
0.0007450079204648399721857993346
0.0007430456653749417337600904377
0.0007490922768262635798964065443
0.0007551093948823386261216737287
0.0007531370127602357274298797740
0.0007511735422841423487640472510
0.0007492215493094968594375321374
0.0007472783155331410330136493360
0.0007453432961552067172304930179
0.0007434226071420257091892674125
0.0007415111584342997813704218984
0.0007474220653659568744924293455
0.0007455078023939147021455145687
0.0007436022046299179893095331889
0.0007417066141727430427341638068
0.0007398232939546257947778154196
0.0007379493487616424797085342927
0.0007360842415165011598834227829
0.0007419039079979770764674003337
0.0007400382330804581194512224483
0.0007381838290339848355817673930
0.0007363369227638285863012982917
0.0007420951670357432854432007002
0.0007402465682932178148214274231
0.0007384124455582701486153547299
0.0007365883841690644837775419376
0.0007347691005919232147302094162
0.0007329574827220773006453094690
0.0007311555124935742456451524584
0.0007368299651924698735429162648
0.0007424768308831688773093409549
0.0007406649798145036881136476281
0.0007388617852139315540609046264
0.0007370669602412536347164800907
0.0007352820063022713587351671854
0.0007335059613941599921844669614
0.0007317378715388222256842709269
0.0007299785645641140976706374364
0.0007355327270553194184209868428
0.0007337718018559153029335304217
0.0007392894840959447087195155095
0.0007447807035096474858595684677
0.0007430105818839999431872091859
0.0007412515301101560187595142870
0.0007394967143036391499573621126
0.0007377517564914782591433568766
0.0007503454471103340205512026573
0.0007485822272691225733900072972
0.0007539616533337654814163175246
0.0007593145581877987407734525458
0.0007575469710518323969291576576
0.0007557855469579632539609440760
0.0007610967808568382701969438866
0.0007593373989842862602117448738
0.0007575832486738721131955002412
0.0007558380873475278114324394770
0.0007541005818552980768749712828
0.0007523713125175747963384640553
0.0007506491680989301151622789615
0.0007558862137818651894205997586
0.0007541636977116658668290986725
0.0007524503214440831903351794103
0.0007507453959513830013673105157
0.0007490471951200549315527560967
0.0007542283712906730613299891693
0.0007525293513001133201766032002
0.0007576796203134757748703471021
0.0007559790344967667227577437455
0.0007542869325843577132013108331
0.0007593993546179475792158062291
0.0007577057358862156780538433804
0.0007627882498415631875701206148
0.0007610962617311286476444117011
0.0007594118668330437424618403310
0.0007577359180954037117125649110
0.0007560661839081447254668764194
0.0007610956988244142175944716082
0.0007594238990774763026217965718
0.0007577647066669182349004015368
0.0007561105935879422737687878420
0.0007610954495178337241385056347
0.0007594400851457511266093355222
0.0007577940713598873896861966800
0.0007627438837538002598617310501
0.0007610971247708047023111334941
0.0007594569137579022687505387287
0.0007643668606898575731721815324
0.0007627276613238345071693892996
0.0007610947384486901184695891634
0.0007659724386862613953366995090
0.0007643389717028580565803367926
0.0007691876601726720679776701107
0.0007675544994361632321407487819
0.0007659312857581073902702057152
0.0007643118682793603246883701615
0.0007627041459794857685539302535
0.0007611005004071449823425946425
0.0007595013133410094690662303960
0.0007579088733310855226957521848
0.0007626900747370325356774209461
0.0007610997421555467890313120642
0.0007595124313140569517666907597
0.0007579334854310613969622117887
0.0007563624697432838675561045287
0.0007547991439459655978419090679
0.0007595269230339729729987765466
0.0007642358448233690424252515962
0.0007626638437855813705652281762
0.0007610992837678997921933231791
0.0007657760254343437671160575207
0.0007642103703739382653176299938
0.0007626515207487804865061576263
0.0007734932286653274140226449581
0.0007719234560623830377740062686
0.0007703604656318470805191728079
0.0007688025357568033440372651531
0.0007672516826938380152828544038
0.0007657058212360685644691291858
0.0007641651066117525959454243888
0.0007626308020166623064180756979
0.0007611034222630396742751140463
0.0007595825574675568114400084312
0.0007580654105143802780623742624
0.0007626168402456779930279111643
0.0007611020730717507091649645663
0.0007595935357179792693453102838
0.0007580906439514992172941561041
0.0007565922715503426346440015242
0.0007551023877917810423562463382
0.0007536185852301820449073280266
0.0007581151159516484246107715889
0.0007566299608479947637720355360
0.0007551506525810439308505875780
0.0007536784159133290759832706190
0.0007522115934697208656548864497
0.0007566672395456782712996503117
0.0007611051231388696132837433191
0.0007655253489140279418231389137
0.0007758128854609778414635694488
0.0007801882760387764000045178200
0.0007786855743776020405397994421
0.0007771909733064067530710927537
0.0007757022206890692130323601770
0.0007742159310172516541576612233
0.0007727367654960003273600799142
0.0007770664433451705083586325842
0.0007755876597858132957354041438
0.0007741147066158496772636643357
0.0007784190627237315347651013137
0.0007769464350898018757241768663
0.0007754815828516687215105033275
0.0007740203200013126857793290533
0.0007725637626535376539469627068
0.0007711116742238832581715253311
0.0007696655834044240178135339777
0.0007682256285532564334288643747
0.0007667907426109923016066755179
0.0007653629579594541610526198450
0.0007639379980363295906365537540
0.0007625207123129396234334735265
0.0007667499928545170448375319975
0.0007653318965155888374145987702
0.0007639182211124435909462152532
0.0007681205207196724187505740758
0.0007723084428232206816153262371
0.0007764788528842662120200613978
0.0007750562266760301748590585120
0.0007792113205118832279222476422
0.0007833467167266025924356207621
0.0007819199916992750125849984072
0.0007804966491375975166623154999
0.0007790793471499306752840344734
0.0007776658813118714277246586168
0.0007817659301081980311470967669
0.0007803535511456614637265899307
0.0007789467976007681992948807664
0.0007775467335171046805794787408
0.0007761493155729153530153609139
0.0007802168165254914069211543360
0.0007842694290751420051915351689
0.0007828679538652458006225053152
0.0007814720037401633718753630662
0.0007800813854234317860879225675
0.0007841036044150134801982890546
0.0007881124392659784518165146405
0.0007867170939291778255067625857
0.0007853244341820360428222148734
0.0007893112025232514291070939696
0.0007879201797485140164641451375
0.0007865347288437275611438036521
0.0007851549821480024731443129547
0.0007837771963456110099801060133
0.0007824055509241781825575245811
0.0007810392093972169831635057438
0.0007796778227586197945697544317
0.0007889123581811739189420683309
0.0007928285263580986292361039968
0.0007914530538596666566109733184
0.0007900822143307864744170139264
0.0007887174163231455670514770027
0.0007873576751095361681051716798
0.0007860020123065164321937001683
0.0007846497732133069271530145930
0.0007833037858399638706429392926
0.0007819619663212859793819154573
0.0007806255535309926679445740201
0.0007844885155018736030473406130
0.0007831512547639097364372590216
0.0007818192002522912948234037616
0.0007804909174827389394000310056
0.0007843302405684225722096857822
0.0007830025176207353523661412243
0.0007868226424323520030709337032
0.0007854947300828195720108470707
0.0007892969060398350274931799315
0.0007879694556913167421497796981
0.0007866469536896920631947810279
0.0007853279858729934826930588619
0.0007840146919895635976500943063
0.0007827053506080778314369190373
0.0007814010172711698451331979646
0.0007851644768394792011011205779
0.0007889164935242456346620395646
0.0007876084764134347725207992241
0.0007913442186754789907277719193
0.0007950684431610178374901516768
0.0007937565732433898987542217623
0.0007924490543522678143423398766
0.0007961520067551368779352976906
0.0007998429054963284762933189141
0.0008035223784594161231133106312
0.0008022070855532463591409346604
0.0008008956678967951734676845422
0.0007995879048751276326007513024
0.0007982852308351856712656578448
0.0008019347466628106681969270874
0.0008055748783990611834268657899
0.0008042701451862043961995255575
0.0008029696077282005306339598409
0.0008065888123490966516788252474
0.0008052870516303467340039461676
0.0008039909262712393738277471958
0.0008026988788137593097194430959
0.0008014104147825552215612581650
0.0008001261068765046404160925000
0.0007988460822487785165554810592
0.0007975701052545235539664265436
0.0007962978517683011762396220102
0.0007950293826792314093299524126
0.0007986032383982778571547565522
0.0007973376429963925449407395497
0.0007960741686162254040785275887
0.0007948150093471693803437214078
0.0007935598537983690358443976520
0.0007923067942785691914377970393
0.0007910595918672006835293558137
0.0007946011594605802036234432430
0.0007933532611248819940204325892
0.0007921100210775933079643308784
0.0007908704081428966463195947678
0.0007943885605172994296800362183
0.0007931506689066698540216606813
0.0007919148237151287812622182475
0.0007906842787295536636794900567
0.0007941823069133012071749733828
0.0007929514926663335769033134191
0.0007917247979963684642465512025
0.0007905006376326962801853956228
0.0007892805632018576585990983395
0.0007880642720824550500750306223
0.0007915347757576809236980851182
0.0007949925123648034010416899289
0.0007937728963399091029998963030
0.0007925576025050243656051902669
0.0007913466985071130253808250178
0.0007901395682978009786892360844
0.0007889344559577352534251461732
0.0007923651054067869041594628387
0.0007911620949123817034781608060
0.0007899631089096282641420348456
0.0007887670039205357929550487208
0.0007875741273713831558111340974
0.0007863845982314674771907695567
0.0007851995126098517928002177603
0.0007840195251147011224713635216
0.0007828410492016331047854888788
0.0007816669630259436016642125069
0.0007804953144071644065898342262
0.0007838832899708215400774859139
0.0007827104555455921972338543832
0.0007815432045515668982809558968
0.0007803802769940461665023149242
0.0007837476103307003209816342035
0.0007825837697140942209476412559
0.0007814228566887762863335526323
0.0007847748011800838618903370532
0.0007836129936645049044282378488
0.0007824565425263837059784116266
0.0007813029796580208024741668376
0.0007801531077393723050072902301
0.0007834786715523221986194186968
0.0007823288406018884071203899963
0.0007811832163798267856191873872
0.0007800396188384731873955033076
0.0007833471334967684597607907118
0.0007866442161840775155187353197
0.0007899322133730265283395877244
0.0007887841115317825968273524733
0.0007876390071574551432426194449
0.0007909144750305515965470328159
0.0007897699622263954446041477817
0.0007886271829332705108269772391
0.0007874891886744907698346668854
0.0007863539664276943763211891209
0.0007852219019363364554662562357
0.0007840927167021487613943320364
0.0007829671461846454236717610478
0.0007818453475312053749341376706
0.0007850827478523879456682566672
0.0007839596034071217519414504127
0.0007828411325881440538709949782
0.0007860639263429481135447731123
0.0007849448589920245099814789802
0.0007838308266730646405286651175
0.0007827180155866440612647237351
0.0007816095547487799492597645132
0.0007805029480144343235201090939
0.0007794005625623990903228924320
0.0007783007295082477324169130991
0.0007772030053482795183248833878
0.0007803922146245507281062445437
0.0007792951558005340570484732785
0.0007782026540949548077725930358
0.0007771139558105208366620288147
0.0007760267939056647482120294838
0.0007749423037059253382674961140
0.0007781075559250121145269018050
0.0007812641864657023500757074239
0.0007801770460562533251723438116
0.0007790937146643916827554142942
0.0007780130256662060431428262130
0.0007811534546112107168185537941
0.0007800720148539095293512845228
0.0007831988913857462759522203083
0.0007821178691749713348338432406
0.0007810395914427167355529034497
0.0007799662022611995330634589917
0.0007788937567025918767333521043
0.0007820028589465738531589724292
0.0007851014906303235506236429608
0.0007840269078717479441927199123
0.0007829559106743563670082109514
0.0007818878558299915001370320535
0.0007849695179857538750897783849
0.0007839011292303794662453089537
0.0007869723574408723558080717473
0.0007859040267705553918756132653
0.0007848382363779091665868167560
0.0007837762227421157940530368980
0.0007827167255661095102941408545
0.0007816606939165542602139409333
0.0007806069421889837706276011425
0.0007795561701990094941358716970
0.0007785074986946144826812033760
0.0007856351702827174106720243425
0.0007845819901789147336773677798
0.0007835327589993927112619880882
0.0007824867224678381849357847402
0.0007814415286822892089974151389
0.0007803995092773428471952230629
0.0007834129418322877027716470530
0.0007823716858879763104764198809
0.0007813328467628112500944202433
0.0007802954376600677545367338672
0.0007792625032340936390480601844
0.0007782321385957224449838990060
0.0007772046950731489880247735219
0.0007801946007865590248033220360
0.0007791660659985202094228729970
0.0007781413468073799342553348394
0.0007771196970813582013001709075
0.0007800939165804191357151591259
0.0007790720290274368097671669258
0.0007780533162769180061410096758
0.0007810159323892812833255114609
0.0007799955384078884504487267234
0.0007789787834380663535941701070
0.0007779637808905954978425536870
0.0007769516281835407442429762618
0.0007798955630027772413849581777
0.0007788842496518120350432656456
0.0007818183463909418368588160127
0.0007808070422483711063587261972
0.0007797981301904378086960342133
0.0007787918386518288471573445154
0.0007777891073118929765105894293
0.0007807044338987399353711155302
0.0007797025337217912044544130329
0.0007865148825476953048677247919
0.0007855079786227746007256461775
0.0007845016378121651516227365901
0.0007834980049484533581700725836
0.0007824969521324855369878222285
0.0007814983520202630607410136351
0.0007805032510881060785696405778
0.0007795099549919211941977308769
0.0007785197076415451261943829248
0.0007775318980677398900251390998
0.0007765466998290343856411752049
0.0007794157763900142171111419765
0.0007784305717908834423400098431
0.0007774484133994227184802389895
0.0007764684381265835896077063041
0.0007754919426330883542523508768
0.0007745172723764770317808668480
0.0007773668255110098281697151803
0.0007763925959320234142002324593
0.0007754197878810736058903323191
0.0007782584750147486506852449885
0.0007772857640434553061549856177
0.0007763161871089458487439244869
0.0007753486988596902737391210400
0.0007743837496729949762285749996
0.0007772060847381983631325345436
0.0007762415695160692606030576038
0.0007752798054694188995787708376
0.0007743191841182404651294417450
0.0007771274262107081955359747894
0.0007761668964689082596203547461
0.0007752087532954231855617893203
0.0007742525333583029470318051115
0.0007732995903443422313020931715
0.0007723490062576136527319140301
0.0007751389697924917465674864018
0.0007779213664642591084991604472
0.0007769683742541609151511657867
0.0007760180674324917960267596663
0.0007750703192534604282534737022
0.0007778389027679519817128072242
0.0007806014785127392578901697805
0.0007833568347044875747628310724
0.0007824039641899208470142581055
0.0007851514989775710717400169236
0.0007841986961710348057471909765
0.0007832488723710028545876056210
0.0007859833319142609387745508743
0.0007850335521733833924966373287
0.0007840860357943916714016356675
0.0007831426910231175894680331184
0.0007822003183967257853597771473
0.0007812622536625923286007494751
0.0007803232163031646317530338000
0.0007830390868281938689527260928
0.0007857477427267038141205348829
0.0007884504231762562473402556513
0.0007875078065964106940983097332
0.0007865671259700864654090953092
0.0007856285938819525676951653303
0.0007846920929288522760622395024
0.0007837593697172818789364888965
0.0007828278923628326090900582963
0.0007818988595948173773535185365
0.0007809725902053599742599137996
0.0007800474378229507791928106279
0.0007791233984407339074657327243
0.0007782028626169415895288614689
0.0007772849066927493178767275636
0.0007763686271539351910171091051
0.0007790379148555632077311163012
0.0007816999099470728850280248791
0.0007807820936129432369161196514
0.0007798660123427841448436370150
0.0007789520918801233963096867183
0.0007780395435612281286139287984
0.0007771308910315768530166559919
0.0007762234060106877580127340419
0.0007788676934077072498194282707
0.0007779609437456558078836628833
0.0007770558887285121953089512996
0.0007761526298787417786101952721
0.0007752514815129978966327053333
0.0007743521154691703008129879462
0.0007734570232362272465465199909
0.0007796033612230554885492794737
0.0007787020722587167218283992683
0.0007813162658364883751677653929
0.0007804155819773787051268008125
0.0007795168031778614339635094674
0.0007821209769627076987426639969
0.0007812227279510967930123393271
0.0007803271881178098114756249580
0.0007829204659956676100619532100
0.0007820245058194459901839722227
0.0007846115474860930778166444110
0.0007871916955621908446749122572
0.0007897665491642307377895212241
0.0007923347625597433027544863692
0.0007914341987649865587501276607
0.0007905342296446449568382023050
0.0007896370496829341243892396313
0.0007921932658254923291368044978
0.0007912954050766238455750951376
0.0007938432843034531773373013726
0.0007929467349095235838498809609
0.0007954881951731374889243520941
0.0007980224316859759572736347359
0.0007971236747600717564523142928
0.0007962267460116992657547041393
0.0007987526857402164148122776950
0.0008046906150363804465675792102
0.0008037876661883415238952223788
0.0008062955067172411336889121996
0.0008087982146185654700191038501
0.0008146975094718388327057111622
0.0008171859755653585302314336076
0.0008196686507351832040222333880
0.0008187546764044595411232902891
0.0008178440813217624042531377332
0.0008169351139522767449584615943
0.0008160287912537848233512451618
0.0008218734179033549508046843282
0.0008209631005344009669838189882
0.0008200550145616372253930629046
0.0008191490503466599868294130779
0.0008182436756955773693949648153
0.0008173416313033298635871130090
0.0008164408767649505901682680297
0.0008155415222753005673838741833
0.0008146448530141389866850312051
0.0008170915257258987454658079008
0.0008161951250670928483549702104
0.0008153008019971498095848639035
0.0008144090534807607569747657011
0.0008135178571924724803900957154
0.0008159526268249253775072898048
0.0008183812476764518317761644563
0.0008174901333308354372630563040
0.0008166015591449455130870207028
0.0008157133401342100214614837465
0.0008148263623817540422006117356
0.0008139421205622226779798593861
0.0008130598073510921908742569852
0.0008154742571753752590822490661
0.0008145920972489763682138673763
0.0008137119545348149096194656999
0.0008128337231484993502174824494
0.0008119575953699942128041342504
0.0008110832666680993275405702290
0.0008102105334149236375413771425
0.0008093410393316219494865726465
0.0008084725671018559799283019701
0.0008108676357058608854988854668
0.0008099991925994437106764204821
0.0008091322247561724491663095007
0.0008082671213224578909985389966
0.0008074029914045569232936325490
0.0008065418946166511554452137875
0.0008089241205972762453334589514
0.0008113015396469301440417967541
0.0008104385724919892824196645516
0.0008095779123553625311780911035
0.0008119479011258390051480292019
0.0008110884426623382310846759680
0.0008102299375929899618943996767
0.0008093727721771656247983611626
0.0008085181096406256466560950386
0.0008108754572459712926107461834
0.0008132285052618510519082982387
0.0008123737353095895057021759923
0.0008115185461048604256122795152
0.0008106661964299498446323754468
0.0008098162283794263167040529967
0.0008089678443556424278276549601
0.0008081208129285089499235629108
0.0008072764318316397700269993905
0.0008064325754187222422857100190
0.0008055916454622835074016502274
0.0008079246828398652013227081360
0.0008134219946201568637617418751
0.0008125741834310219567064978387
0.0008117291988172136600644318796
0.0008108855018276907832103888137
0.0008100437575205236510733908697
0.0008092046276237701521441651656
0.0008083673411586879182958757512
0.0008106779735548882059691707111
0.0008098406107191708947221795883
0.0008090064955786094643340319426
0.0008113093690505908635893131096
0.0008104741447718040865135081414
0.0008096402707107891783690470560
0.0008088079321821869378352855543
0.0008079768404177604159247019243
0.0008071479361781803115940036228
0.0008063207411012251673188885342
0.0008054957212285044239275437481
0.0008046729638347939802366017487
0.0008038513331478132893465642768
0.0008030317654959328632604026151
0.0008022132218474305742309255356
0.0008013961290446980550053090128
0.0008005823883712483504186761012
0.0007997692346541762064702728896
0.0008020456053806998073710508042
0.0008012323376748490547734687034
0.0008004199816507327849362955198
0.0007996106780199216009466384195
0.0008111074742524158027410720163
0.0008102878382706787701913868220
0.0008094710744394375984535979859
0.0008086558744673223591985999290
0.0008078419553906299345338437018
0.0008100899753641572077320608446
0.0008092760671023623726623220211
0.0008115189290903807411741203695
0.0008107053139419288838959963430
0.0008098924163259736207758848003
0.0008090820778948985315388771578
0.0008082727253367603128628409124
0.0008074653674466293419128295594
0.0008066603277313365426523470034
0.0008088897908797642955820443963
0.0008080837829964991977414605658
0.0008103070829436473111149436516
0.0008125249296276784399996613716
0.0008117185288587414195667597688
0.0008109139203157778242711976715
0.0008101106425865184139688731939
0.0008093079620143493211778438765
0.0008085079955490459221394531690
0.0008077095956084533010952490871
0.0008069122359332214932145552153
0.0008061168215155646469276497799
0.0008083194921838434476390273969
0.0008075242596440278437110681446
0.0008067298449245148082170660647
0.0008059373025420416027348495423
0.0008081321756109398750647305091
0.0008073395426582457090013684910
0.0008065486518971036719392829421
0.0008057597682154658206475268168
0.0008049721660967896864690439830
0.0008071572070762391931696609693
0.0008093376002765042023240526518
0.0008085496150689734956068974571
0.0008107250905273380109301004568
0.0008099370206645908956264195105
0.0008091503124678026365774298392
0.0008083646045989136541674958501
0.0008134810586670301214961342734
0.0008126931073360910811369704117
0.0008119057993620470651559641262
0.0008111209134343383469423837910
0.0008103373750775164485514579954
0.0008095557135451508710526593012
0.0008087750355787486958008672772
0.0008079956932500510173489444849
0.0008072186573180928010493311205
0.0008093681576791218582945172405
0.0008085909400258983596199040635
0.0008078155794837496592856224798
0.0008070419791396676261137869866
0.0008091819557031838289998318514
0.0008084081770424628566403599388
0.0008076356222937594241108111863
0.0008068654007693509806624898793
0.0008060964243279542680902454090
0.0008053286590837257087021849647
0.0008045620632014451827595112893
0.0008066917422510010006290307867
0.0008059265062727568382887509683
0.0008080500272931022045882015665
0.0008101694958305614879006809093
0.0008094019883976553356427262866
0.0008115159579658992204066988591
0.0008107486191658409118594893597
0.0008099826521021368762069849757
0.0008092178791772064267176693501
0.0008084549045732142629347390178
0.0008076929425480581445023043996
0.0008069328571417818254728086518
0.0008061737767435561511966914090
0.0008054163044663137819590589777
0.0008046611270009880693356794992
0.0008039067699447431393395661324
0.0008060042610435296227199779012
0.0008052497153299897786355191961
0.0008073415661233017146272846463
0.0008065877838469409443335839371
0.0008058349874144488719611847552
0.0008050840325100018036718601167
0.0008043343995190803944467035438
0.0008092484579958246145429328779
0.0008084954756811834040495999827
0.0008077446706817417160475847151
0.0008069948403683633930831496416
0.0008090683551536813327469578245
0.0008083186887798276531827989184
0.0008075705036587326712492595963
0.0008068242149094816159970477052
0.0008060790646306628076029998412
0.0008053353830822477555521972725
0.0008045921475030830047922495889
0.0008066531648882041621210645876
0.0008059109329014404628550411672
0.0008051704127506761535399653489
0.0008044307537435311901781362195
0.0008036927143068203006141233841
0.0008057457303023232639192812711
0.0008050080924069064271630578905
0.0008042719814968296379260652598
0.0008035361302073578780508186856
0.0008028024729923993555656445429
0.0008020692384819064934511438877
0.0008041116033303166559600757742
0.0008033787647064963670653977020
0.0008026479389651063337541650848
0.0008019190365842329318950905535
0.0008011897098028232980143833392
0.0008004620494274157689103294676
0.0007997367191371855069546508656
0.0007990122940581219849889440492
0.0007982895218320122719202513628
0.0007975669822337633213104285548
0.0007968473373620229440144573022
0.0007961288333531946310579310907
0.0007981556780054187277568882663
0.0007974366267371222548957727137
0.0007967181321280030302496291313
0.0008014744586775668493092908402
0.0008007537780188615473560347234
0.0008000352333869402457084307458
0.0008020470811567823714707492133
0.0008013288240317692434225264394
0.0008006116136258014282691018821
0.0007998952824477219202641432248
0.0007991805688030990433283290464
0.0007984663638428015093765689069
0.0007977540517900709700240129436
0.0007997547404835138104098790815
0.0007990429604468296827206238293
0.0007983322910129366578390085105
0.0008003280531893178008265225562
0.0007996166877088618467181082815
0.0008016076808977332723824634963
0.0008008975859936881466199386023
0.0008001889617996725655059528810
0.0008021738005023223351876273966
0.0008014654229932971883378731893
0.0008061327297461500031022846212
0.0008054208751144681871980800439
0.0008047103587392719383874336430
0.0008040006218843653599933196771
0.0008032931147944750177480796344
0.0008025868601193323636182644692
0.0008018816365355703408681772915
0.0008011778764295483376991610179
0.0008031444048318560882553702038
0.0008024402879701950013575477731
0.0008017376396399861066833945015
0.0008010363230165009433610036336
0.0008003355155530890723503948943
0.0007996370656231638903138381831
0.0008015941055627593238117974587
0.0008008952953960039422646961445
0.0008001978315698441602633065716
0.0007995017884262078599736090382
0.0007988069632099514974222513665
0.0007981131128045875912271846327
0.0007974203942771925365391356154
0.0007967290445790851583827770810
0.0007960383415480245465589780998
0.0007953493202574883768712317565
0.0007946614188453666667619344510
0.0007939748728604460155097091097
0.0007959164288081532641367056781
0.0007952302236450416946245867879
0.0007945454330071002322478091277
0.0007938612086000285983448414626
0.0007931776142123760641227755568
0.0007951110661691007879717857668
0.0007996558072935639930244609332
0.0008015804047854042255376254653
0.0008035026289341518715807227526
0.0008028143008328654693017109050
0.0008073366436029286431945264053
0.0008066463583043054259825580769
0.0008059568665631895981909204418
0.0008078665235098142718125524856
0.0008071776395797701372042322177
0.0008064894409743622126847139834
0.0008058026821039716219503843851
0.0008051165150047766705609783432
0.0008044322621170430505077794080
0.0008037487878053625174563077055
0.0008030671061414018382917955317
0.0008023857287788626439856025947
0.0008017066834125969879512065156
0.0008010280152789867167430168386
0.0008003526704886752772296729416
0.0007996766970812449550733237631
0.0007990014057665696112029104866
0.0008008940388079455141053687569
0.0008002187052972211005219256494
0.0008021072538572984301991772423
0.0008014326566625610442683730421
0.0008007600745570930307177462056
0.0008000869827659749667699984114
0.0007994159557849261312034406068
0.0007987450571887781102695540599
0.0007980755987123842966015153192
0.0007974077307385213083624055166
0.0007967409871657610109649211569
0.0007960746370101788496889954947
0.0007954099804919191523606665357
0.0007947469011627435295549586225
0.0007940850879105761453649680639
0.0007934237703038607815023032874
0.0007927631773217501668255411916
0.0007921038429736094706323678353
0.0007914463764378566456322609183
0.0007907890908394795111138932385
0.0007901329790121439722093496956
0.0007894780379552737587887451917
0.0007888251799662367183536942561
0.0007881727232074443279938877951
0.0007875208617805627498762884831
0.0007868699652059719859108125065
0.0007912441414066980146312448867
0.0007905912355766549620822321864
0.0007899394883435909037963834082
0.0007917948385672819814075223193
0.0007911432497407407849746013903
0.0007904928144828111202671508336
0.0007898439081601906321330768742
0.0007891955444466138396677333952
0.0007885488548113092564100576777
0.0007879033661645494647456188971
0.0007872584299751090579029069566
0.0007866147054182628955237287138
0.0007859721149542468945845411143
0.0007853311072521856108453158162
0.0007846907856520145672033924838
0.0007865323274845234403935618247
0.0007883704003793337890605338587
0.0007877285535354525491440441291
0.0007870885061354416852058414342
0.0007864490564909441906788155972
0.0007858106979241909676221334906
0.0007851735594715228714531152448
0.0007870039692964833171358409103
0.0007888313957084612310208146395
0.0007881939502794855427439059675
0.0007875574676795710495189911062
0.0007869222362144279449469957934
0.0007862867740577793974624809430
0.0007856530177739689976889515069
0.0007874736734717005006165807057
0.0007868396858957812489499136916
0.0007862078772008643586915487640
0.0007855761616563991412374867910
0.0007849454674456518223705494730
0.0007843151268877615013738942200
0.0007861265811105262891923944055
0.0007854961589191452684531702951
0.0007848669720111770356614938580
0.0007866755128865310791187944707
0.0007860478528975517609867998032
0.0007854195189999771840821980029
0.0007847919009560216192215108435
0.0007841655838141663213641456776
0.0007835405646384724250914022355
0.0007829171978618393296456139377
0.0007822939594485598060871157911
