1.336718338485219878665495645E-9
0.000005528932870652506762948555290
0.000004918827297809856244505192954
0.001009657686933794928797512460
0.0007589229186528879325020549389
0.001211977244685980919476744719
0.001011139671667058792393486228
0.0008676546370803631704372796225
0.001137451209464837296555974705
0.001011766845120642610183202952
0.0009111759526801156988570430537
0.001103538832395347654719856428
0.001012149293278737815463814274
0.0009346892800322967818225739846
0.0008683240640910651749764645353
0.0008108159064099394937624347442
0.0007604689168232392306096435915
0.0007160846701770105755652146720
0.0006766140133842388710493153387
0.0006412718972911584576160509143
0.0006095033975984863888299396607
0.0007246583070081050497020255740
0.0008293743000562356630152663249
0.0007935331340682296264863930317
0.0007606680802292523874244115185
0.0007304292244829893182416287961
0.0007025189327974182221840902684
0.0006766889837010338513805444572
0.0006526968369586009414154877487
0.0008388424575656422306580256991
0.0008110611843717984396672041726
0.0007850923400768801890247933634
0.0008551941611792541430738832131
0.0008294423433370491496955000918
0.0008052210375975040855461196183
0.0007823703418398343279775125733
0.0007607913194750461657025382560
0.0007403866017896332271543506839
0.0007210403352958755753725663646
0.0007026906499043357922817652886
0.0009120034289511947519682970600
0.0009636625458837512578650368305
0.0009408347985760064901809002464
0.0009191068694249607192037822809
0.0008983455537282363326920671863
0.0008785006579422869620409100149
0.0009252484310470888922996610239
0.0009056778830719179256288808422
0.0008869224580353503288491184472
0.0008689265602016202945308555242
0.0008516497688324457676532216123
0.0008350455599248477054065351417
0.0008772288739587532237308535051
0.0008607893040742483590770993407
0.0009009409087945888852241456976
0.0008846613256713633954902685835
0.0008689543329241374861816760959
0.0008538037243213151857167059369
0.0008391716216680244912854996878
0.0008250598172935230846876715887
0.0008113858637558789033602950483
0.0007981511609014889465114839217
0.0007853477449339149207013726955
0.0008209599731874655616690489051
0.0008082153012966964182586058124
0.0007958577680227333751669718443
0.0007838801940699297739873667406
0.0007722669366893870192095936350
0.0007609817389302087499742564348
0.0007500224431173409285182338019
0.0008689599461479221872883643427
0.0008568193148414989266492373981
0.0008449957062259145149522873505
0.0008749207545248875177063237025
0.0009040086823221206177854129751
0.0008920215243753779841726768247
0.0008803413467019379732590299170
0.0008689775849124789336792942479
0.0008578946031496616954910605174
0.0008471107049997887154354040015
0.0008365872186974689334148826393
0.0008636552181664648467865252997
0.0008531933338170173161870693103
0.0008429735843051428354871702162
0.0008329938664805901865666295549
0.0008232478613162787116886143284
0.0008488952835029528110349858454
0.0008392004780372303558767809895
0.0008640838110129147957712033043
0.0008544408893614938089421975660
0.0008450049335870822981748101298
0.0008357785280117964255471191165
0.0008596131326168602666148983619
0.0008829462182788760891429778388
0.0008736077319165444797722338001
0.0008644600430778658970193949884
0.0008555053296316924118651266215
0.0008779130081861031195092632408
0.0008690098014705097100477823963
0.0008602845909427781299899734353
0.0008819668266829978019821930028
0.0008732906299966721091669679264
0.0008944256534724019174974699754
0.0008857951854228580372397248609
0.0008773315518501453880227922539
0.0008690230148969001183175107491
0.0008608677755010590643760790577
0.0008528726525812963561615984981
0.0008450247273228569404607819124
0.0008650576761249640601895841269
0.0008572358395654331029357078274
0.0008495678087185654398352739218
0.0008420312799784373373392930010
0.0008346273196128730776262496356
0.0008273492289064992122461170717
0.0008202088474585602771082846388
0.0008131797256564282612947974146
0.0008062800335390273223822812904
0.0007994896212238209313742531215
0.0007928126545330470112704942971
0.0008114505691589874397730196074
0.0008297781759748784039854793703
0.0008477948529155196901745714400
0.0008409437034747137533718576360
0.0008585923213200362426898184380
0.0008517644099073716445073619886
0.0008690434101654670937738477002
0.0008622400105206922793663431793
0.0008555383685934792290332548949
0.0008489540380467305543372874847
0.0008424586288144447609643940781
0.0008360679675626810718100187451
0.0008526860668166868266280103022
0.0008463104782323503521224977378
0.0008400278731749931488966027334
0.0008338425215899802048082112088
0.0008277474519968570390243742063
0.0008438151503703507546699591439
0.0008377341585116296199551943236
0.0008317485575949907770721886749
0.0008474447023140440512926908242
0.0008414736779628383336294508772
0.0008355804568969973285623622569
0.0008297749537234910439046671478
0.0008240492634783550507620250559
0.0008184006488983313861364809420
0.0008128319144836974758985418423
0.0008073376944777259228372959867
0.0008019127676128704668838296804
0.0008168597536418155532799557479
0.0008114455090752720810140355723
0.0008061041842371298261700704092
0.0008008337376104273071425101493
0.0007956327783574541882044788752
0.0007905041148111571821415404552
0.0007854380808916790929375224224
0.0007804369916288050241280080309
0.0007947630965731059376580512292
0.0007897622392234933965099827258
0.0007848272307516588254034214678
0.0007799526917789620874020373039
0.0007751375642241124447359118365
0.0007703835749460234772488258373
0.0007842420725227442883354603938
0.0007794927748236557924355904670
0.0007748032582316916312203509793
0.0007701685846652005652269671448
0.0008018045814757896985395272523
0.0008150570919900436417777287245
0.0008102627210880028672082351660
0.0008055225976353695333582158285
0.0008008403558509902769049607766
0.0007962133179032214666753455247
0.0007916376518848116549009549829
0.0007871193113100419034634970588
0.0007999340320654928223084765213
0.0008126046987556414702810358826
0.0008251290984471895823620540896
0.0008205226013897196718124680962
0.0008159665488253138948686647310
0.0008114621343246344852329012349
0.0008070044544390853146760833562
0.0008358222988154372860865376897
0.0008312822255152739408819383312
0.0008596564056383509278709242112
0.0008713809624073186937305245706
0.0008829838836845688701665608822
0.0008944607591490013062370602519
0.0008897305100669028136790543083
0.0008850477755892460853225402619
0.0008804149283638888927430281948
0.0008758329683081847694898957060
0.0008712973224619553060135185735
0.0008824737033805561079462329097
0.0009091219838334098253948734318
0.0009044835318863472210621999205
0.0008998981429396568483823935784
0.0008953573157919884763996796792
0.0008908637392393963355798760946
0.0008864130230293986349354888533
0.0008820091589077551597652430658
0.0008776454101475381676591997523
0.0008733239589637588519678511014
0.0008690477860875359567252223437
0.0008648187003067742247104096005
0.0008606243923809825512833936271
0.0008564712479085005995110716922
0.0008523573438498768859310126033
0.0008482843150365804746641220470
0.0008442502601254018245500829190
0.0008402533154805763319231422642
0.0008362946887142249347720508038
0.0008323716788500422514331104453
0.0008426844325951756342338833787
0.0008387690839774923548446252563
0.0008348914324813582191349403865
0.0008450488708982065566451228272
0.0008411792830141479883550630326
0.0008373430950690879934442822279
0.0008335440294318348781307728743
0.0008435243350706667406098430199
0.0008397308525264800249440013180
0.0008359665638459627185912709441
0.0008457970682458019242284711529
0.0008420426086388631383364602853
0.0008383243674341826780291627430
0.0008346365999871849008837780704
0.0008309837267465582323315238342
0.0008273596975363960859162384974
0.0008237649205103959546028050142
0.0008202025950039815995714581344
0.0008297656586250504910040609225
0.0008262140945176319098406413168
0.0008226894490557243513615139187
0.0008321134204938717151077669172
0.0008285898039777404680001879435
0.0008251128337252802476276730672
0.0008216529929147269789822150441
0.0008182227387309356539588842360
0.0008274716989780128710349512924
0.0008366435871501086090946325424
0.0008331907935099865443030488785
0.0008422651432653263648400227470
0.0008388181013787539600852265285
0.0008354001756959095186722139511
0.0008320092005156672298822506481
0.0008286480264217182408462186749
0.0008375541191700334068364462127
0.0008341980608663332610492063501
0.0008308667529100999391775490245
0.0008396578339676182730495301812
0.0008363320473889073973264793048
0.0008330326548989369830547611218
0.0008297611520615524392181971396
0.0008265136059014029445068463706
0.0008232904532167486190964215219
0.0008200946254010537530113888254
0.0008286899644908340426221035594
0.0008254972730532287348921986361
0.0008223314549865083369887490429
0.0008191912972430492872903387254
0.0008160734470018715782765668656
0.0008129783487842187447299037766
0.0008099053940431427523426000346
0.0008068581317948279749563117045
0.0008152435997455103722862095268
0.0008121957529239950886990964313
0.0008091707352585858022788253264
0.0008061696578030151087235685198
0.0008256744258590943082877098699
0.0008226385234957798594343796719
0.0008196243495752922472545688964
0.0008166309919681673300018522073
0.0008247356155558497143421154269
0.0008327797471566979401892481566
0.0008297702085678934246007768056
0.0008377398006675485928594403446
0.0008347354069471972469728757128
0.0008426301355368489243767790874
0.0008396297506096877586608513465
0.0008366525584403876379521133981
0.0008336957765993828523348341554
0.0008307586662822473207036671653
0.0008598995355993769258205216586
0.0008568882668394134518979344266
0.0008645094439259070446830967798
0.0008615053534432740038787807664
0.0008585202834631732620654888028
0.0008555581674765435527983871949
0.0008630787827966737992713431023
0.0008601225964454375745027191842
0.0008571839379487399806223007924
0.0008749761569538746552003368035
0.0008720084281510237563414660326
0.0008690653313636515043304404524
0.0008866416182613399097266704271
0.0008836638830700087035423856069
0.0008807065613185724440532903323
0.0008777693934145036226342938499
0.0008748503406351698897083154216
0.0008719525793347188050595089270
0.0008690761996914340101012553613
0.0008762289365821437972244989517
0.0008733562205613422200118773740
0.0008705008154157849987931676767
0.0008775794293047438512627300993
0.0008944924968608068895630568347
0.0008915950372688724256356622875
0.0008985358212752689013052006964
0.0008956440310180858287483117113
0.0008927717822137991274403972788
0.0009093599762980583170829568975
0.0009064618861863378307351843207
0.0009035817280259412771271255200
0.0009103491938782993856438239976
0.0009074746912859302238895907774
0.0009046172225166854769100352562
0.0009017786474174297404083355598
0.0008989598052068872737220230298
0.0008961584812197968025079783668
0.0009028236879844622555166312643
0.0009000283518589531905970409747
0.0008972498084972347264270780286
0.0008944876194622229882927024680
0.0008917421978608369579034566881
0.0008890131071317996658496786991
0.0008863018821851344525697945256
0.0008836089186969446955763519424
0.0008809374772465575197021831429
0.0008782746847149077861468359813
0.0008756299716169074348855868207
0.0008821359764719754243460068657
0.0008794953235048707032971739399
0.0008768691208045839742133082835
0.0008742578212054080677852545565
0.0008716612915503036269915812686
0.0008690823960209537870397510104
0.0008665166322157121587434575722
0.0008639699945220115948258384462
0.0008614394466256879673034657323
0.0008589185308445544625868472786
0.0008564132052234471164858440814
0.0008539227980397982985620411906
0.0008514466446570377486856801297
0.0008489859514332265001560332775
0.0008465400530150770906124283203
0.0008528472022618656102375369351
0.0008504029876863760621035456733
0.0008653532357117071495913060369
0.0008628900489087015107507045615
0.0008604419816736044797183585020
0.0008580052549422327170838206715
0.0008555815929514509832848554314
0.0008531737364711560930091612847
0.0008507787075095986109552162713
0.0008483958825080296485856872620
0.0008460272150603874212429887211
0.0008436700227406383356492810750
0.0008413272765331098952394496039
0.0008389991119080467236007858218
0.0008366836260307540275713340096
0.0008511363059898864101669474682
0.0008487985682214117460900387108
0.0008464719454413877534446865092
0.0008441586095469704773714341043
0.0008418614592717070642156697792
0.0008395753608363861999842830671
0.0008373017208850868775035961756
0.0008432590007521308608673066620
0.0008573775568818784768032234186
0.0008632451629983487372482484060
0.0008609322375718022585539392741
0.0008667621875248609868602106443
0.0008725574431467970895924795941
0.0008702363650638045486186572356
0.0008679277588520542393885447969
0.0008656332868613937698470913768
0.0008633503512444379360840580478
0.0008610797356334910594324270030
0.0008588203776886867346458472737
0.0008565745975768343470397380266
0.0008622775522916493467423433306
0.0008600313647089541556962733656
0.0008578000124365028463256434981
0.0008634554611577578819935901122
0.0008612270447319224289007903348
0.0008590104110020600891516994606
0.0008568056484007697353884223994
0.0008701969928042654975805344976
0.0008679729832072051652752015575
0.0008657618529452650592444931207
0.0008635627938778601328383672011
0.0008613706269543433228448739098
0.0008591921776196424745321764408
0.0008646989315688620579812219842
0.0008701784993286424599813523751
0.0008679933866824963884319078109
0.0008734358982347028700674964505
0.0008864480818689682870572986375
0.0008842374763048026927227078356
0.0008820411271902674945285302417
0.0008798561884037901583782255039
0.0008852030943421456798738533380
0.0008830175187443021022277306384
0.0008808454812469937838450437974
0.0008786807799098094692958078968
0.0008765283198098565271553966240
0.0008818156928671999124512474224
0.0008796658758909195229775751347
0.0008775274668310237164449833936
0.0008754046863502590843858793390
0.0008732872728812315572869523739
0.0008711815580636548476190675219
0.0008764048433139546283263485804
0.0008816042225946891823763710123
0.0008794905154592547373524601901
0.0008773891697599679412226401632
0.0008752974631754119009594984420
0.0008876832721683374096161733703
0.0008855752345519594404936139064
0.0008834785422867556893354382369
0.0008813926799317005129144252227
0.0008793171366806462008514920912
0.0008772514068419622218557600255
0.0008751952047099409089187846874
0.0008731492870303399980031781109
0.0008711108637535988128385098723
0.0008690832741035885016579179680
0.0008670649446701417846788429530
0.0008650545311895686995396682385
0.0008700857800754304439396341932
0.0008680785358443744298867751862
0.0008660797372814888956969903322
0.0008640905932371329693723689561
0.0008621112480905841111569879086
0.0008601420554479090520777653642
0.0008581812656396950617017080732
0.0008562292402103909842305564864
0.0008542857104922727548205279003
0.0008523508256570565269918619751
0.0008504259840953286929410564555
0.0008485090414740397022035815596
0.0008466020149962781896362867225
0.0008515276892420991470828743290
0.0008496199807539495509476738100
0.0008545159136212458163705134428
0.0008526112909311035080461108809
0.0008507145755706115145289043722
0.0008488279619542292921022982032
0.0008469479169574861387540032393
0.0008450770412608497277766064805
0.0008499187252561833774239648048
0.0008480497573807987003838494626
0.0008461898494659362217203861630
0.0008443375298660277552801812901
0.0008424933518670789876991814068
0.0008406588451080846166608785902
0.0008388303865465987485591812210
0.0008436121112661277380577201526
0.0008417845910930589495463672990
0.0008399652121342949394356143486
0.0008381547187544235984140798011
0.0008363506759461411321539886208
0.0008410861187796272386242788249
0.0008392843238352080671155190433
0.0008374922462904444446138910795
0.0008421955403899739220602410856
0.0008404031397721558158555816991
0.0008386158565125243412865311019
0.0008368393172564359515941092094
0.0008350689743938744952624358129
0.0008397259309001841783300692737
0.0008379585252979466668923376037
0.0008361970445795750577774495954
0.0008344456993143671140651567513
0.0008326996087075997698611365508
0.0008373149332987146518739736982
0.0008355714918689284321246245049
0.0008338318982110582094121271978
0.0008321018608281416572630119941
0.0008303778877864890488936986373
0.0008286631757220530284579594310
0.0008269542492568215830465072922
0.0008315130657828374502659860193
0.0008298047454431843414647448137
0.0008281029035143443558039445888
0.0008326314042916319264286052565
0.0008309316867354909134121726004
0.0008292376225129686358828816604
0.0008275527328438919541697690530
0.0008258752803191935858790505320
0.0008242035671076784038967474483
0.0008225391827559583060683149637
0.0008208806216282748890123251794
0.0008253485555243262367033893286
0.0008236912051694218889880783132
0.0008220420138606535660487952692
0.0008264860111462643969290309974
0.0008248356251966372727399835726
0.0008231925879868315012620978433
0.0008215563056088199408114146269
0.0008199271038401498541609771969
0.0008183040278072211408215575088
0.0008166884969104272916576237844
0.0008150777421108582530071773663
0.0008134738592408762568135138560
0.0008178513777007531927490325426
0.0008162496655966228881640440023
0.0008206055673602275782827600510
0.0008249450753152571149782487097
0.0008411244004056968577199739087
0.0008394918830490938455201625469
0.0008378626528652465730196074688
0.0008362387039970580677067572626
0.0008346216079091159764939392722
0.0008388828086696527366223507864
0.0008372679204178772882556081642
0.0008356584159481143393726196331
0.0008340545736014622382823487014
0.0008441109645512147591149029670
0.0008424970358580844428565331517
0.0008466938730798597995270530806
0.0008450818815352419681002408278
0.0008492566782792981786745375123
0.0008476447258299727502543620679
0.0008460396109604760382252843333
0.0008444407736579381621673042471
0.0008428473086779221487945470942
0.0008412614401982677144844009848
0.0008453967998855566065626742712
0.0008552234226681560610952102660
0.0008536226896748654582526161455
0.0008520288344519336720818063113
0.0008561145045596460769084215140
0.0008545230569537313821012819505
0.0008585867390405794124176399503
0.0008626356000438479126947977954
0.0008610379264778410243309318648
0.0008594461922479947735233150070
0.0008578610432692847088343574459
0.0008562817654803790170132169773
0.0008547084947487211116864573856
0.0008531410296454816269089527044
0.0008515798433039337397949928454
0.0008500264155147457644508584351
0.0008540242900619681029881037326
0.0008580068504769862192780376154
0.0008619774984688386852605179516
0.0008769698491991224057405690208
0.0008753819878342476346372499572
0.0008792970861484296328986646639
0.0008777104200841406127559569260
0.0008761302989662038524262476571
0.0008745578563558238697304862518
0.0008729880184800881693089209009
0.0008714231781765063454582184559
0.0008753051234238859374933743149
0.0008737427277859188782444593474
0.0008721860958994958391039104414
0.0008706351972072738313082103173
0.0008690898370601032218713448853
0.0008675491706602785728700767403
0.0008660138241052423336789300399
0.0008698554864757243162394967319
0.0008683228649888206777056960109
0.0008667946250213824955083203669
0.0008706138023674072546356025731
0.0008744217037689643447108237525
0.0008728899925315626179701185977
0.0008713657562462106129477519534
0.0008698465470873905688004001614
0.0008683338631886374469564490645
0.0008773982238980319223529958335
0.0008758756421968254289200981136
0.0008743582059813086160538404307
0.0008781059800445442909746965288
0.0008765907349947946124047453053
0.0008803197461997335272895851280
0.0008840380853546346860410731745
0.0008825201297069731675418610863
0.0008810074083863176173118506065
0.0008847053504759569195076613263
0.0008831936010829758257782309027
0.0008816882934120612163827429080
0.0008801876712091685930809277374
0.0008838603215659291195372646591
0.0008823615825697526343066322501
0.0008808673259666595972074358002
0.0008845225531009574710545537001
0.0008932985904390394002910325743
0.0008917929298925157442700475431
0.0008902943772619125123999531142
0.0008939062210609554309363057551
0.0008975069638675721759206034494
0.0008960045109966525794997745228
0.0008945078775926022582738661127
0.0008930159592354693549625125729
0.0008965934548112745029022240562
0.0008951025793287458165320411818
0.0008986657166655324517245567371
0.0009022166715336793183342859527
0.0009057562667941257256193255066
0.0009042594688461658486627259356
0.0009027691530586428921813629529
0.0009012819538228552886527083863
0.0008998007297227407698919558073
0.0008983245450622981353280868184
0.0009018360174108838033759982855
0.0009003632659018353441295588418
0.0009038582987993817291630404269
0.0009023845421060819482213917675
0.0009009172585446007468548741751
0.0008994534226895423849718202578
0.0009029288333332461748325662133
0.0009063924763519828844589316086
0.0009098453021234071486464833991
0.0009083769239806234773984569132
0.0009069127119726910709262229158
0.0009054542753652963720613064272
0.0009040005507503778079257230043
0.0009074276184267468009687629220
0.0009059743662403808004137722626
0.0009045259053253020779409436290
0.0009030818293334996980503966429
0.0009016428216467945852603863422
0.0009050475634534935011747030844
0.0009036106939170808602220988411
0.0009021774357431060163529386665
0.0009055657904213647663261931388
0.0009137482505144468920063726345
0.0009123060168038826683198933941
0.0009108687893741573537039498765
0.0009094348068627001842398295877
0.0009080062224976134233254971846
0.0009113515851452480511466165627
0.0009099262113316804479450260629
0.0009085024414192934192004778309
0.0009070835727748342965122830535
0.0009056697256709100431084450435
0.0009089927116676545238734500172
0.0009123053135821458947944692488
0.0009108890811270801606441111591
0.0009094775453198850692699237154
0.0009080721028748742299350912707
0.0009113655597064445838557458321
0.0009099605601185468242625484065
0.0009085605106880659201514082810
0.0009118378877706293651858560147
0.0009104401871575976610480016813
0.0009137044810864882740308545687
0.0009123062858270736604862469274
0.0009109126864650746448558536426
0.0009141612361749986678933424917
0.0009127676259393213041344433225
0.0009113788372000206780825731198
0.0009099952672470656941222980817
0.0009132261057019893424595912722
0.0009118431999601479450201304374
0.0009104663398421431479210653659
0.0009090915800620079324744557084
0.0009077214020385178196049312076
0.0009063577239032936848861133866
0.0009049962297595519755894902594
0.0009036393951673513931086191536
0.0009022856826615283570783159291
0.0009009366853307386383181065237
0.0008995909584777044935110716977
0.0008982489920532481051044468678
0.0008969111803465851550348497340
0.0008955765472570152967698679984
0.0009032737700075223364632514134
0.0009019351332676707592752003578
0.0009006012162414021514298777451
0.0008992708004866470997879940673
0.0009024302369658870089152190573
0.0009011015961653414102403941472
0.0008997763442735486515403036883
0.0008984543316745955546602339875
0.0008971380569869709269971294714
0.0008958239584332696214850434599
0.0008945135903002224333119782025
0.0008932073390415886147758194886
0.0008919053213383932004955834328
0.0008906068480009640929117969718
0.0008937339105911137935217745051
0.0008968514422761499071919520334
0.0008955518376372878812317184455
0.0009030593883430831336240610965
0.0009017536074805218896159909027
0.0009004515364519125609432872058
0.0008991542481539569461816922282
0.0008978608471443050692423608983
0.0008965701263493169328905320877
0.0008952824700907356659464069461
0.0008939999751326125374083882693
0.0008927203807966255991691108466
0.0008914438054482277892365121291
0.0008945106375842648891465169477
0.0008932371223045882254542904122
0.0008919673816168762044305448862
0.0008950189334335826306597687082
0.0008937490985714892613348418597
0.0008924835334659253257044405053
0.0008912218290072639728598662463
0.0008899633189697678704206856023
0.0008887066911590872408375263169
0.0008917371247299415245641683129
0.0008904832259523571384558837738
0.0008935039470062921322959577327
0.0008922512585941902358751377423
0.0008952603343646906727851113551
0.0008940083468348345245964553361
0.0008927607062899468820058551999
0.0008915165653380300250556963117
0.0008902752684997799078461664288
0.0008890366754432235146707925271
0.0008878026929574867059566985386
0.0008865712589304666005883208351
0.0008853441471323372121559943020
0.0008841204486423203509472084052
0.0008870988979195313456246448120
0.0008858763177521633197173645608
0.0008846556990969290115851322500
0.0008834390900552201556735855529
0.0008822258414604206300922694540
0.0008851868830125830840188989517
0.0008839746955280616597137375288
0.0008869239117226507211458269038
0.0008898673986674955724086837232
0.0008928014452322318514374535281
0.0008957282056138399916362371422
0.0009027840280716241663128505719
0.0009015584871431594915628377048
0.0009003366646178592821149038276
0.0009032358382362866617527311960
0.0009020134396119429261272807978
0.0009049040733869190961378734438
0.0009036828524578017289981163119
0.0009024659331775078249396308293
0.0009012520595870859388103579881
0.0009000408481860262726884025160
0.0008988330294306824604992612592
0.0009017044520317350746758774705
0.0009004976456469865171336601743
0.0008992949442516976677466864112
0.0008980936288837398562745135115
0.0008968954111171615687812256171
0.0008957012591792574298783392668
0.0008945096884664266760910850931
0.0008973597939275978936014840092
0.0008961696773244193763960896713
0.0008949837050442197497457960303
0.0008978216979218230483356931660
0.0009006520317284114921247396890
0.0008994638533237366798189691089
0.0009022849992476213430519967198
0.0009010979343955380467594248793
0.0008999145892070938696899799575
0.0009067109070003140341238846028
0.0009055235469850457649561999416
0.0009043390706774409874821623976
0.0009031555423991169358269365816
0.0009059453274592228109815176448
0.0009047657951137299285730464712
0.0009035879597235796194780005738
0.0009024126782451458946392623879
0.0009012421384406386089626044531
0.0009000735765370928669799520975
0.0009028467714697387659323521578
0.0009056112067545543745903505934
0.0009044415238234087933949466298
0.0009032753498779873594546563984
0.0009021120785811081864141235024
0.0009009519350827652459167104658
0.0008997941981181242747648485427
0.0008986407479624719349821014365
0.0008974889730138079476287262667
0.0008963405163438197381089258387
0.0008990831332816282179261750995
0.0009018176181361026779596025942
0.0009045449742045134177521795817
0.0009033918413114346833757854597
0.0009022435303860457983024586700
0.0009010981525435154991124219815
0.0008999551752842784826523808357
0.0009026688749237726911009056243
0.0009092212138777604763656110118
0.0009119147880824663671411932574
0.0009107642885727184542102862842
0.0009134488474405502310341667689
0.0009122973491339596807177275180
0.0009111511921441012891129130089
0.0009100066582370954115023077101
0.0009126784006657094974227212192
0.0009153444510923693559247702295
0.0009141991919063499597647065283
0.0009130579601222587123449133469
0.0009119187884531415109050598656
0.0009107825861265950121032618272
0.0009134338672890065086913421574
0.0009122980398201978170086521120
0.0009111651538526878353604742174
0.0009100354440209198135145553423
0.0009089079778359908694195284713
0.0009077838859258763700176631725
0.0009066622452439630546947625959
0.0009055438421883606811911433445
0.0009044273036131879204366581835
0.0009033143216730587768586640368
0.0009022044303364538826727837924
0.0009010971391445287310073193175
0.0008999927188433991077154183683
0.0008988913884280679073204760540
0.0008977919477096666969199133729
0.0009041252303522291026361880371
0.0009067321816099131426405720913
0.0009056269499084741260917652089
0.0009045244236830802410555231007
0.0009071223331566176031138669620
0.0009060203382625007223366570749
0.0009049220356350751818536063350
0.0009075084071639673624432366278
0.0009064112581862182360077524546
0.0009089903739117596181257360770
0.0009078934653415975364672557673
0.0009067994376054189162953746576
0.0009093695426727039030783077469
0.0009155897139690365989915774523
0.0009181426774349447783696962932
0.0009170418427896721830212544466
0.0009159425013852248795800473962
0.0009148477884068897715975302947
0.0009173885858083913940597583763
0.0009162931172453672152210474191
0.0009152003850823216109065551103
0.0009141096125750231532216250780
0.0009166394644724629635457640255
0.0009155505629913790036118549783
0.0009144642604955503726693258683
0.0009133803291385442904815978341
0.0009158984577055034417944254480
0.0009148163782202592490293766222
0.0009137350210725156082669394340
0.0009126567723780490614231721926
0.0009115822719952386315175176187
0.0009140883867355879375321138253
0.0009165877112742372605745673357
0.0009155122672308316522011854235
0.0009144379985982929997706526510
0.0009133669730837016926983103998
0.0009122984675751174945674912759
0.0009112323657422983243630798472
0.0009101687663884188072203328811
0.0009091071242768764823892717818
0.0009080483971871938915216526580
0.0009105289057452381268338529294
0.0009094734369306925833579803512
0.0009084172410176144024611587852
0.0009073640403149262738529466384
0.0009063142507645569101299822777
0.0009052661575452735016268077360
0.0009042219464984703407925053191
0.0009031793821306187112813140989
0.0009021389889408045664836357991
0.0009010999447312676311763773005
0.0009000645725205930235986291057
0.0009025231102928282742349750735
0.0009049750263375943952399307536
0.0009039394010892874749708677553
0.0009029051059572727878130824816
0.0009053483386809827883679330612
0.0009043153264292491838743094204
0.0009032835287536756531333218992
0.0009091821888776432997685165091
0.0009081479169436819865711545417
0.0009105713014164853497516553267
0.0009095371780984902036366954028
0.0009085055174765630997257052326
0.0009074771268419871012048669159
0.0009098912880185873786381638638
0.0009088626382126206891003408786
0.0009078377777462244990180497077
0.0009068146186274141629676303300
0.0009057930513429481659537649387
0.0009047749340769746496097691527
0.0009037585104188977843063928688
0.0009027440580061556828067913122
0.0009017314801924320522127453165
0.0009007213891574605643256403682
0.0008997139824468000185903245069
0.0009021067200275937030457546886
0.0009011002250601442186421345756
0.0009034861461614405710026438755
0.0009024794383991530334253139787
0.0009048601464020608767309746371
0.0009038552778262288966549117136
0.0009062273708026734178367151283
0.0009052234227991725965876064505
0.0009042216084208146582151251090
0.0009065845847439251434921948758
0.0009055835861115196959296723915
0.0009045843953359109299259912743
0.0009069388863951957869650682970
0.0009059403140344729099023838075
0.0009049435856938393666446932153
0.0009039501954262984567564348856
0.0009029590365475540426089877696
0.0009019706349543321047326242627
0.0009009831337921716912660146997
0.0009033235561157189165162493107
0.0009023363363669315639633018695
0.0009013516855990179142485554985
0.0009003688929112152570493420242
0.0008993880527256180388198000746
0.0008984096592753541033899513297
0.0008974332041512192129959914563
0.0008997603162233579271666254742
0.0008987849173042766647339575499
0.0008978110451963147137057395092
0.0008968392923483684543550542435
0.0008958701495593388366838175046
0.0008949025148684915225394413189
0.0008939366813382791845898163305
0.0008929739322682473257013598531
0.0008920128708226290565417540164
0.0008910539864180469630444476867
0.0008900972993767215379159066185
0.0008891428462960664093365120812
0.0008881908208011087751196696068
0.0008872399821120061990391002457
0.0008862921722870097867996058914
0.0008853456695090076178559795163
0.0008876466810538799830710569549
0.0008899415866309566920974408075
0.0008889938653606771758262072479
0.0008912831065865536246264773201
0.0008903369552593943374799910469
0.0008893921393046696305108217751
0.0008884491702874065664674184972
0.0008875086248657061105567929219
0.0008897868533239969289934150035
0.0008888469301164410086489290656
0.0008879086776157390027227417744
0.0008869735747737359709193695237
0.0008860387460026282025810493705
0.0008851064767855392801847882564
0.0008873725313502008999695923954
0.0008864406293481474663637129056
0.0008887007852866071538763736023
0.0008877693512824532448162711792
0.0008868404561623185859163266088
0.0008859135145636353474650450995
0.0008849883279168437394527230303
0.0008840654670745593465793880741
0.0008831439652519031556641241628
0.0008853906235974203898988929039
0.0008844706208191209966418997185
0.0008835517761513575633558553888
0.0008857917380480395196791774588
0.0008880264555324899955227086007
0.0008902568987752375261005145407
0.0008893355716245849273629803097
0.0008884161595469381183944964248
0.0008874988470133302105630473128
0.0008865838174285610805742021063
0.0008856709687890602866888817844
0.0008878897814325653829809550639
0.0008869764805174123628664944308
0.0008891890080033425236354065926
0.0008882764832659177216384073499
0.0008873657456087085280283828969
0.0008895712248210786366217853885
0.0008917720984076761324320195093
0.0008908606704109058517185235791
0.0008899507379849233672577728700
0.0008890430477005248213739668416
0.0008943340838437948738740748953
0.0008965189800652717019381278160
0.0008956076390116602635047520192
0.0008946976919919823040909408503
0.0008968770108996651442822337279
0.0008959674385322173982725419009
0.0008981398264894839415840010514
0.0008972325576149062275828069624
0.0008963257690210824905877415845
0.0008954209144941756477669462937
0.0008945186380498839632493233109
0.0008936177262380774839471357696
0.0008927182794405251217984792742
0.0008918205472080870267033265115
0.0008939784602225585503267098895
0.0008930806214484193531424050452
0.0008921858846639180926355403384
0.0008912919360231378328861858947
0.0008904000620605488605351374119
0.0008895104409316307896980702427
0.0008916585009453112802366727766
0.0008907690349662396878751629638
0.0008898816266653703402445180251
0.0008889954453517277805717493545
0.0008881117685919625760811959787
0.0008872299486745457152510817111
0.0008863491581610069536362518377
0.0008854711932289356544020526437
0.0008845951733369772636583668202
0.0008837208175783590587296921601
0.0008828482121244406122027907635
0.0008849789692236956285125493996
0.0008841055635545594577711199644
0.0008862308510873963588975789113
0.0008853584792440752889212681604
0.0008874788666128096249593678820
0.0008866080966769034136242343907
0.0008857381167877032151064713296
0.0008848697625144963618643382097
0.0008840025784683591373617044769
0.0008831372814188195802899448291
0.0008822738658360257304064677155
0.0008814118769506321727278637321
0.0008805521187098520800480628424
0.0008796944051269965697384720556
0.0008788382822421541539664756075
0.0008809431027559481703276245798
0.0008800870750118627551190091229
0.0008792320040475882297058389393
0.0008783787802059553524587730966
0.0008775270410217543080782955479
0.0008766778518351440944555508043
0.0008758296023796070923947034369
0.0008779225146847383389369171699
0.0008770754148946867561342831955
0.0008762298694308035168540626085
0.0008753860515070295657441425064
0.0008774708161279223655296180440
0.0008766274301009917450687467895
0.0008757860274763966083299988961
0.0008749458957722288947357271597
0.0008770230732113516263296276251
0.0008761825749369102335056598520
0.0008753441350241500917005763347
0.0008745073074499870625221103985
0.0008736716479798943809583246507
0.0008728381194155310122918985534
0.0008720059259527003255874600861
0.0008711754143642234522412109208
0.0008703461420352733704935947876
0.0008695188928736072378111694076
0.0008686935734836546383627981306
0.0008707540412707827606036100401
0.0008699296113455190633045074650
0.0008691054742409649058633832589
0.0008682837763829512747921349819
0.0008703376693549002918570843400
0.0008695165357482719146435447265
0.0008686961786767007859628836893
0.0008678775145919132215097152854
0.0008670601767538425480784110946
0.0008691058580474913478355821548
0.0008682889042915152357304272364
0.0008674735796561019564502721850
0.0008666600525538585634090786194
0.0008658478862819149848680807023
0.0008650381115508275225155223310
0.0008642288269669429609394365651
0.0008634213217301185328964877923
0.0008626153328142015943489677746
0.0008618106843275297936144813899
0.0008638423706182409486901263953
0.0008658689669448979223491032660
0.0008650640090439764778771887107
0.0008642600170732788896000065127
0.0008662817429981058861181360413
0.0008682997826203428955389235194
0.0008703138048206282666965835373
0.0008751387223003138419637329314
0.0008743289906320208025003275811
0.0008735211891720793970590044623
0.0008727153129596986466190186607
0.0008719098279494773141430981660
0.0008711070234967837171895361887
0.0008703055361347959027010241964
0.0008695047302116742835251207336
0.0008687049365141883552860389733
0.0008679074987054055108663277966
0.0008671108228108828023940518197
0.0008691035818861050583707127725
0.0008710916597058560479900409204
0.0008702947584971936592457329267
0.0008694996585799347084820671100
0.0008714823161249927716071523059
0.0008706871376995985176153359894
0.0008698933611295095707131370198
0.0008691012060457700348274714750
0.0008683107516642120933115252188
0.0008675218260350850835061239012
0.0008667342575252466098841026147
0.0008659481261325521106107749349
0.0008651630108947929707116540003
0.0008643791591366268027333018283
0.0008635977333251025984258327249
0.0008628183106447610450323107981
0.0008620396388313829792042970711
0.0008612618817518059905731900514
0.0008604858668452416682032145953
0.0008597121697980180044596731288
0.0008589385477295515704029721150
0.0008581664900378689640914018349
0.0008573958609837661302603800222
0.0008566265891253133677734106257
0.0008558591999312243897062138643
0.0008550928257255422720936075926
0.0008543277039354698402184394274
0.0008535642054840991149003541764
0.0008528017498481327091677831165
0.0008520409096562506307960473951
0.0008539934036988271512831843792
0.0008532332705506993034899298544
0.0008524739234751087629085646513
0.0008517161806006917470662239392
0.0008509595464358623547069038224
0.0008502047537829320445737052692
0.0008494505736803563092160548019
0.0008486976555051709488174064374
0.0008479459153898701355869094070
0.0008498869075558157777706656830
0.0008545123121538703043355371565
0.0008564431309744657145476574446
0.0008583712541656483412865355945
0.0008576145949090825118845083329
0.0008568594381868802589016542231
0.0008587816691612032873567422470
0.0008580271395589379094955533505
0.0008626165087588618637487916720
0.0008618600880985437624496681126
0.0008611049207366022693215407192
0.0008603501968926639744564728439
0.0008622593635671787883586174684
0.0008615051130824209424218580367
0.0008634108748909771524268425720
0.0008626578217673687463700486994
0.0008645580247417701117610649179
0.0008638045643913528242803876696
0.0008630529844404767244831591370
0.0008623027995737987969062699421
0.0008615540591861434268194457517
0.0008608063340069984564393868821
0.0008600597540214281715260890999
0.0008593143960704124575275849837
0.0008585693100611575737635257763
0.0008578264768926863654393471598
0.0008597144372755100510834516730
0.0008589726852154699250512396607
0.0008582313469720597195986836378
0.0008601140437495285430881555664
0.0008593730805969332758942020155
0.0008612516081464226092992617474
0.0008605108636586107707580476787
0.0008597714787189863495087699631
0.0008590336868252231028669446722
0.0008609064977395912536477203946
0.0008601684471499528348389602282
0.0008646418103365259380927465517
0.0008639015005884643764370937255
0.0008631626212372322788730873475
0.0008624257977905862349299685364
0.0008616903964345348939418490579
0.0008609557069847166854421973971
0.0008628125425055058623554265636
0.0008620779673497440696705227404
0.0008639313707317075478930672150
0.0008657816620627727087454986701
0.0008650462248447538005861781787
0.0008668928200671345886737445158
0.0008661583139300953820703872721
0.0008654252151142311396817464102
0.0008698407275432379931885733151
0.0008691049656909364622957822272
0.0008683702986370830355575161545
0.0008676375003817540703527839025
0.0008694709849543501450391807601
0.0008687389615779285710788208405
0.0008680073252011027248981674347
0.0008698357151982424233609829671
0.0008716612462844575070800366497
0.0008709295365922067651369567926
0.0008701987529522178167005455827
0.0008720186658980080566265582592
0.0008738363605670445823701493787
0.0008781960132785255197620074882
0.0008774614229437957067550291234
0.0008792698076537788632604656171
0.0008785354721450950573869746232
0.0008778024455759547247187260996
0.0008770710314527908921233455436
0.0008814060674430190687954068023
0.0008806726319886022150755314508
0.0008799403466814220153697596651
0.0008817360087591869404919177275
0.0008810040582964745543601808658
0.0008802739394960186748131258964
0.0008795444371003263723159334072
0.0008788165208126526784000123288
0.0008780897395880242305324316869
0.0008798782884284347951399540719
0.0008816637143044147469965481142
0.0008809366074584382222664027684
0.0008827174359740538486687395776
0.0008819901301603540448005789389
0.0008862700204020054341870469590
0.0008855421051544708142351773352
0.0008873139213210259563391788076
0.0008865853734716818512250910571
0.0008858574992697891634978096790
0.0008851319568909250582671606409
0.0008844072821360878369804454189
0.0008861720628345419220805789854
0.0008904212604073035447325835914
0.0008896940518187366921647144609
0.0008889678120349364154765014466
0.0008932043338430122570997642841
0.0008949559470880739608331502529
0.0008942276032187088734732744441
0.0008934999208574500457678441551
0.0008927735381019684113923528377
0.0008920487162430792010084531474
0.0008937937496183129488978508755
0.0008930693526244321459477924421
0.0008923463601009068064533802601
0.0008916238742490926607851591502
0.0008909027131690458393944446823
0.0008926413330825264094005598467
0.0008919206658835724186135497730
0.0008912009455307159255939770513
0.0008904825411419168412594933602
0.0008897648560941602131420035591
0.0008890481849915061904638513939
0.0008883331180427771922588728101
0.0008876184671408905117749051624
0.0008917915037272777365459145750
0.0008910761016431057900656443523
0.0008903612628748019188980785840
0.0008920839776156078038527693790
0.0008938044340160065284589598200
0.0008930892730645663809935524034
0.0008923754088614159065382334611
0.0008940919267521637847230961053
0.0008933778896365304790475912039
0.0008926658049316803236520844885
0.0008919545236187593413401947340
0.0008912442790630675327682543639
