0.00005830065220877215250737257319
0.00005830065220877215250737257319
0.00005830065220877215250737257319
0.00004975967022524437852755304133
0.00004975967022524437852755304133
0.00004975967022524437852755304133
0.00004542100465129231479712493008
0.00004542100465129231479712493008
0.00004542100465129231479712493008
0.00004147582143289724542671362413
0.00004147582143289724542671362413
0.00004147582143289724542671362413
0.00004368746057907480179085797010
0.00004368746057907480179085797010
0.00004368746057907480179085797010
0.00004248442780913162953500813149
0.00004248442780913162953500813149
0.00004248442780913162953500813149
0.00004174837159932971887937892806
0.00004174837159932971887937892806
0.00004174837159932971887937892806
0.00004308005073924083140567162916
0.00004308005073924083140567162916
0.00004308005073924083140567162916
0.00004274257249159977564177458583
0.00004274257249159977564177458583
0.00004274257249159977564177458583
0.00004274257249159977564177458583
0.00004344563395188071215246624875
0.00004344563395188071215246624875
0.00004344563395188071215246624875
0.00004358533511275997140600288106
0.00004358533511275997140600288106
0.00004358533511275997140600288106
0.00004308362767447869286684267895
0.00004308362767447869286684267895
0.00004308362767447869286684267895
0.00004251886774333252750634054261
0.00004251886774333252750634054261
0.00004251886774333252750634054261
0.00004389833812859852019704125764
0.00004389833812859852019704125764
0.00004389833812859852019704125764
0.00004391506304917404384708740130
0.00004391506304917404384708740130
0.00004391506304917404384708740130
0.00004395455650897720842957765117
0.00004395455650897720842957765117
0.00004395455650897720842957765117
0.00004412597597557114203374731121
0.00004412597597557114203374731121
0.00004412597597557114203374731121
0.00004412597597557114203374731121
0.00004415826069184145516110401405
0.00004415826069184145516110401405
0.00004415826069184145516110401405
0.00004360653917052491486575412051
0.00004360653917052491486575412051
0.00004360653917052491486575412051
0.00004458280771851317483537851556
0.00004458280771851317483537851556
0.00004458280771851317483537851556
0.00004540767529551781926455739865
0.00004540767529551781926455739865
0.00004540767529551781926455739865
0.00004562470577284135101824177665
0.00004562470577284135101824177665
0.00004562470577284135101824177665
0.00004556503317187092451258426706
0.00004556503317187092451258426706
0.00004556503317187092451258426706
0.00004532946803222742677285332065
0.00004532946803222742677285332065
0.00004532946803222742677285332065
0.00004549393133727252102628338069
0.00004549393133727252102628338069
0.00004549393133727252102628338069
0.00004549393133727252102628338069
0.00004634659528181884770342231823
0.00004634659528181884770342231823
0.00004634659528181884770342231823
0.00004624080208316088701064201515
0.00004624080208316088701064201515
0.00004624080208316088701064201515
0.00004602641632883680666816872141
0.00004602641632883680666816872141
0.00004602641632883680666816872141
0.00004588172372376330990571141320
0.00004588172372376330990571141320
0.00004588172372376330990571141320
0.00004640315340376710789768767701
0.00004640315340376710789768767701
0.00004640315340376710789768767701
0.00004696770175474447153035398141
0.00004696770175474447153035398141
0.00004696770175474447153035398141
0.00004653176289027775768184235521
0.00004653176289027775768184235521
0.00004653176289027775768184235521
0.00004606156185592009499123548823
0.00004606156185592009499123548823
0.00004606156185592009499123548823
0.00004595811711096605172860498068
0.00004595811711096605172860498068
0.00004595811711096605172860498068
0.00004595811711096605172860498068
0.00004572909625052637723804349726
0.00004572909625052637723804349726
0.00004572909625052637723804349726
0.00004546692155211299888962500991
0.00004546692155211299888962500991
0.00004546692155211299888962500991
0.00004591059871933840195203200682
0.00004591059871933840195203200682
0.00004591059871933840195203200682
0.00004615666582206587880575357707
0.00004615666582206587880575357707
0.00004615666582206587880575357707
0.00004647629505051288546200392925
0.00004647629505051288546200392925
0.00004647629505051288546200392925
0.00004618005706385459493013375163
0.00004618005706385459493013375163
0.00004618005706385459493013375163
0.00004635375246349726851772737795
0.00004635375246349726851772737795
0.00004635375246349726851772737795
0.00004603429366210713801833576615
0.00004603429366210713801833576615
0.00004603429366210713801833576615
0.00004603429366210713801833576615
0.00004576371137177302258420119509
0.00004576371137177302258420119509
0.00004576371137177302258420119509
0.00004568247425033981320269585787
0.00004568247425033981320269585787
0.00004568247425033981320269585787
0.00004556713543407589514232269116
0.00004556713543407589514232269116
0.00004556713543407589514232269116
0.00004561198445016826045061593830
0.00004561198445016826045061593830
0.00004561198445016826045061593830
0.00004568883138601504035746951392
0.00004568883138601504035746951392
0.00004568883138601504035746951392
0.00004546157646236208738389730846
0.00004546157646236208738389730846
0.00004546157646236208738389730846
0.00004539765581354227595290057876
0.00004539765581354227595290057876
0.00004539765581354227595290057876
0.00004543271015661491922553558039
0.00004543271015661491922553558039
0.00004543271015661491922553558039
0.00004543271015661491922553558039
0.00004537506625400323523986298682
0.00004537506625400323523986298682
0.00004537506625400323523986298682
0.00004526413013586521211184418664
0.00004526413013586521211184418664
0.00004526413013586521211184418664
0.00004515859892448407933801074131
0.00004515859892448407933801074131
0.00004515859892448407933801074131
0.00004504545102502992698855784364
0.00004504545102502992698855784364
0.00004504545102502992698855784364
0.00004495318146983170913028635241
0.00004495318146983170913028635241
0.00004495318146983170913028635241
0.00004481968257128733361260226780
0.00004481968257128733361260226780
0.00004481968257128733361260226780
0.00004469737360446037350750946599
0.00004469737360446037350750946599
0.00004469737360446037350750946599
0.00004482644917536578090294498183
0.00004482644917536578090294498183
0.00004482644917536578090294498183
0.00004477504603417666235079210482
0.00004477504603417666235079210482
0.00004477504603417666235079210482
0.00004477504603417666235079210482
0.00004482951125048672791349986313
0.00004482951125048672791349986313
0.00004482951125048672791349986313
0.00004457693733339890103844001879
0.00004457693733339890103844001879
0.00004457693733339890103844001879
0.00004431109139406362571142450789
0.00004431109139406362571142450789
0.00004431109139406362571142450789
0.00004422059430554005015907634347
0.00004422059430554005015907634347
0.00004422059430554005015907634347
0.00004433339991285001331959559510
0.00004433339991285001331959559510
0.00004433339991285001331959559510
0.00004429442718368617280212056271
0.00004406100426450047287441977258
0.00004406100426450047287441977258
0.00004406100426450047287441977258
0.00004408642459874047792487527096
0.00004408642459874047792487527096
0.00004408642459874047792487527096
0.00004426276150870762087274525825
0.00004426276150870762087274525825
0.00004426276150870762087274525825
0.00004467058197320728401185251150
0.00004467058197320728401185251150
0.00004467058197320728401185251150
0.00004483741834555172037013675823
0.00004483741834555172037013675823
0.00004483741834555172037013675823
0.00004485519448990968968271041316
0.00004485519448990968968271041316
0.00004485519448990968968271041316
0.00004476989964190292615215029833
0.00004476989964190292615215029833
0.00004476989964190292615215029833
0.00004486887204225440068110896824
0.00004486887204225440068110896824
0.00004486887204225440068110896824
0.00004486887204225440068110896824
0.00004478444176070740653671168828
0.00004478444176070740653671168828
0.00004478444176070740653671168828
0.00004472632090882622161838149915
0.00004472632090882622161838149915
0.00004472632090882622161838149915
0.00004472043347557271254370604912
0.00004472043347557271254370604912
0.00004472043347557271254370604912
0.00004452600254318549478678899639
0.00004452600254318549478678899639
0.00004452600254318549478678899639
0.00004457552929109031469600463286
0.00004457552929109031469600463286
0.00004457552929109031469600463286
0.00004466831572689951325115825084
0.00004466831572689951325115825084
0.00004466831572689951325115825084
0.00004466393489088288156396788131
0.00004466393489088288156396788131
0.00004466393489088288156396788131
0.00004459287001671605686132978816
0.00004459287001671605686132978816
0.00004459287001671605686132978816
0.00004459287001671605686132978816
0.00004469630469862215269217009686
0.00004469630469862215269217009686
0.00004469630469862215269217009686
0.00004465932298534995984816417257
0.00004465932298534995984816417257
0.00004465932298534995984816417257
0.00004452746431833041551659576165
0.00004452746431833041551659576165
0.00004452746431833041551659576165
0.00004433116258020523799111455358
0.00004433116258020523799111455358
0.00004433116258020523799111455358
0.00004442821241617339234321363339
0.00004442821241617339234321363339
0.00004442821241617339234321363339
0.00004424876233224213635856205625
0.00004424876233224213635856205625
0.00004424876233224213635856205625
0.00004427288005635042240056652534
0.00004427288005635042240056652534
0.00004427288005635042240056652534
0.00004418887245542787728408111769
0.00004418887245542787728408111769
0.00004418887245542787728408111769
0.00004404443708158481723534133206
0.00004404443708158481723534133206
0.00004404443708158481723534133206
0.00004404443708158481723534133206
0.00004413011432013634020275203899
0.00004413011432013634020275203899
0.00004413011432013634020275203899
0.00004423751776519505090730638229
0.00004423751776519505090730638229
0.00004423751776519505090730638229
0.00004422031669863992033582976121
0.00004422031669863992033582976121
0.00004422031669863992033582976121
0.00004415104970282399829813251255
0.00004415104970282399829813251255
0.00004415104970282399829813251255
0.00004410137946558222384390207090
0.00004410137946558222384390207090
0.00004410137946558222384390207090
0.00004429821306606868604882511660
0.00004429821306606868604882511660
0.00004429821306606868604882511660
0.00004430442065655804528034446572
0.00004430442065655804528034446572
0.00004430442065655804528034446572
0.00004439146922061245505832767475
0.00004439146922061245505832767475
0.00004439146922061245505832767475
0.00004439146922061245505832767475
0.00004426848443409663387220539727
0.00004426848443409663387220539727
0.00004426848443409663387220539727
0.00004444723323892349935244281931
0.00004444723323892349935244281931
0.00004444723323892349935244281931
0.00004454449108878736436266389232
0.00004454449108878736436266389232
0.00004454449108878736436266389232
0.00004442417714882268537434753302
0.00004442417714882268537434753302
0.00004442417714882268537434753302
0.00004434327880158062917459556628
0.00004434327880158062917459556628
0.00004434327880158062917459556628
0.00004445191608353820508066543798
0.00004445191608353820508066543798
0.00004445191608353820508066543798
0.00004435856450100618376216395343
0.00004435856450100618376216395343
0.00004435856450100618376216395343
0.00004442550185717493200024870093
0.00004442550185717493200024870093
0.00004442550185717493200024870093
0.00004442550185717493200024870093
0.00004431109104497923842544677435
0.00004431109104497923842544677435
0.00004431109104497923842544677435
0.00004434729437818030113237433650
0.00004434729437818030113237433650
0.00004434729437818030113237433650
0.00004425666165777784602864291033
0.00004425666165777784602864291033
0.00004425666165777784602864291033
0.00004429223448744257314892512083
0.00004429223448744257314892512083
0.00004429223448744257314892512083
0.00004422836983915950804376592606
0.00004422836983915950804376592606
0.00004422836983915950804376592606
0.00004431035123303770733050242371
0.00004431035123303770733050242371
0.00004431035123303770733050242371
0.00004442501629940595322426602497
0.00004442501629940595322426602497
0.00004442501629940595322426602497
0.00004438437666841798181889612186
0.00004438437666841798181889612186
0.00004438437666841798181889612186
0.00004441130299824891117938603112
0.00004441130299824891117938603112
0.00004441130299824891117938603112
0.00004441130299824891117938603112
0.00004447926096014338274904067993
0.00004447926096014338274904067993
0.00004447926096014338274904067993
0.00004454367004494314640880200037
0.00004454367004494314640880200037
0.00004454367004494314640880200037
0.00004462855400615462689560404466
0.00004462855400615462689560404466
0.00004462855400615462689560404466
0.00004457546182593820722108379284
0.00004457546182593820722108379284
0.00004457546182593820722108379284
0.00004459182058128625169179338498
0.00004459182058128625169179338498
0.00004459182058128625169179338498
0.00004461821270987679402237137429
0.00004461821270987679402237137429
0.00004461821270987679402237137429
0.00004463315142499361640565225222
0.00004463315142499361640565225222
0.00004463315142499361640565225222
0.00004465032665901076816341436055
0.00004465032665901076816341436055
0.00004465032665901076816341436055
0.00004465032665901076816341436055
0.00004454933948649728879341178436
0.00004454933948649728879341178436
0.00004454933948649728879341178436
0.00004461203831230658673021248200
0.00004461203831230658673021248200
0.00004461203831230658673021248200
0.00004460602651636070580505954046
0.00004460602651636070580505954046
0.00004460602651636070580505954046
0.00004455221341851903637124275043
0.00004455221341851903637124275043
0.00004455221341851903637124275043
0.00004442466420135178430481573390
0.00004442466420135178430481573390
0.00004442466420135178430481573390
0.00004442630274643310216627961168
0.00004442630274643310216627961168
0.00004442630274643310216627961168
0.00004442975370508660355219284832
0.00004442975370508660355219284832
0.00004442975370508660355219284832
0.00004446782586209430919981372647
0.00004446782586209430919981372647
0.00004446782586209430919981372647
0.00004446782586209430919981372647
0.00004445969905475668635225575816
0.00004445969905475668635225575816
0.00004445969905475668635225575816
0.00004447955446894127013082672340
0.00004447955446894127013082672340
0.00004447955446894127013082672340
0.00004447750074747253378179528010
0.00004447750074747253378179528010
0.00004447750074747253378179528010
0.00004439336295736374327876712693
0.00004439336295736374327876712693
0.00004439336295736374327876712693
0.00004426000462516365966597108358
0.00004426000462516365966597108358
0.00004426000462516365966597108358
0.00004435554392068740344020231418
0.00004435554392068740344020231418
0.00004435554392068740344020231418
0.00004445861014717663434966561333
0.00004445861014717663434966561333
0.00004445861014717663434966561333
0.00004445922020912616402435736577
0.00004445922020912616402435736577
0.00004445922020912616402435736577
0.00004437958916424396196744486713
0.00004437958916424396196744486713
0.00004437958916424396196744486713
0.00004437958916424396196744486713
0.00004439455823088888736233201144
0.00004439455823088888736233201144
0.00004439455823088888736233201144
0.00004443671718831684507078268691
0.00004443671718831684507078268691
0.00004443671718831684507078268691
0.00004445090538488945800661846501
0.00004445090538488945800661846501
0.00004445090538488945800661846501
0.00004443055999252568235004008877
0.00004443055999252568235004008877
0.00004443055999252568235004008877
0.00004444445764896505632096860310
0.00004444445764896505632096860310
0.00004444445764896505632096860310
0.00004444445764896505632096860310
0.00004447350647666267824870483278
0.00004447350647666267824870483278
0.00004447350647666267824870483278
0.00004452607681994687559621469228
0.00004452607681994687559621469228
0.00004452607681994687559621469228
0.00004457146032203255580082461366
0.00004457146032203255580082461366
0.00004457146032203255580082461366
0.00004454318156500441907347763906
0.00004454318156500441907347763906
0.00004454318156500441907347763906
0.00004446926046559233039628881695
0.00004446926046559233039628881695
0.00004446926046559233039628881695
0.00004450443943592012623310721266
0.00004450443943592012623310721266
0.00004450443943592012623310721266
0.00004441364650440343050712779506
0.00004441364650440343050712779506
0.00004441364650440343050712779506
0.00004443826830136798300982100144
0.00004443826830136798300982100144
0.00004443826830136798300982100144
0.00004443826830136798300982100144
0.00004448406436168469694942035810
0.00004448406436168469694942035810
0.00004448406436168469694942035810
0.00004443473220190764106465294610
0.00004443473220190764106465294610
0.00004443473220190764106465294610
0.00004438128062408889280883921576
0.00004438128062408889280883921576
0.00004438128062408889280883921576
0.00004433176194058547529333498929
0.00004433176194058547529333498929
0.00004433176194058547529333498929
0.00004428256886267351700593442368
0.00004428256886267351700593442368
0.00004428256886267351700593442368
0.00004425159223654515688696433233
0.00004425159223654515688696433233
0.00004425159223654515688696433233
0.00004436910797089569248204453409
0.00004436910797089569248204453409
0.00004436910797089569248204453409
0.00004441013425922595853514494821
0.00004441013425922595853514494821
0.00004441013425922595853514494821
0.00004441013425922595853514494821
