0.00004731323794618532899747032821
0.00004731323794618532899747032821
0.00004731323794618532899747032821
0.00004944932123770986966081937930
0.00004944932123770986966081937930
0.00004944932123770986966081937930
0.00004920885326838007221495312313
0.00004920885326838007221495312313
0.00004920885326838007221495312313
0.00004523139848808421553226087681
0.00004523139848808421553226087681
0.00004523139848808421553226087681
0.00004783266382111581198736744877
0.00004783266382111581198736744877
0.00004783266382111581198736744877
0.00004692799832707876690224205130
0.00004692799832707876690224205130
0.00004692799832707876690224205130
0.00004495772806066358234104550495
0.00004495772806066358234104550495
0.00004495772806066358234104550495
0.00004473125551070418602998192102
0.00004473125551070418602998192102
0.00004473125551070418602998192102
0.00004415961454256273205273532338
0.00004415961454256273205273532338
0.00004415961454256273205273532338
0.00004415961454256273205273532338
0.00004342254334410788930434481194
0.00004342254334410788930434481194
0.00004342254334410788930434481194
0.00004526093423396983336901276989
0.00004526093423396983336901276989
0.00004526093423396983336901276989
0.00004424055714437599717963657472
0.00004424055714437599717963657472
0.00004424055714437599717963657472
0.00004327825255765357263756554298
0.00004327825255765357263756554298
0.00004327825255765357263756554298
0.00004344757429272937978605514834
0.00004344757429272937978605514834
0.00004344757429272937978605514834
0.00004340981477173756310782760301
0.00004340981477173756310782760301
0.00004340981477173756310782760301
0.00004302345210016251213070877009
0.00004302345210016251213070877009
0.00004302345210016251213070877009
0.00004287785663662507489726588557
0.00004287785663662507489726588557
0.00004287785663662507489726588557
0.00004287785663662507489726588557
0.00004317849358897851759292197296
0.00004317849358897851759292197296
0.00004317849358897851759292197296
0.00004257126050735534736365186667
0.00004257126050735534736365186667
0.00004257126050735534736365186667
0.00004264644951041805480343209704
0.00004264644951041805480343209704
0.00004264644951041805480343209704
0.00004276972751567205954774017513
0.00004276972751567205954774017513
0.00004276972751567205954774017513
0.00004276740524345834509775197772
0.00004276740524345834509775197772
0.00004276740524345834509775197772
0.00004303188173185526413830068476
0.00004303188173185526413830068476
0.00004303188173185526413830068476
0.00004306538094778467561162883357
0.00004306538094778467561162883357
0.00004306538094778467561162883357
0.00004263559860678899165736447662
0.00004263559860678899165736447662
0.00004263559860678899165736447662
0.00004263559860678899165736447662
0.00004253871886841167432262561796
0.00004253871886841167432262561796
0.00004253871886841167432262561796
0.00004287414326625241600637068735
0.00004287414326625241600637068735
0.00004287414326625241600637068735
0.00004248078954985408241069248794
0.00004248078954985408241069248794
0.00004248078954985408241069248794
0.00004212214193905361782983587452
0.00004212214193905361782983587452
0.00004212214193905361782983587452
0.00004215557139740926017110824604
0.00004215557139740926017110824604
0.00004215557139740926017110824604
0.00004229502611726927099225543272
0.00004229502611726927099225543272
0.00004229502611726927099225543272
0.00004236782147398015187056342563
0.00004236782147398015187056342563
0.00004236782147398015187056342563
0.00004240426087392818392586722243
0.00004240426087392818392586722243
0.00004240426087392818392586722243
0.00004270181673880200378877550727
0.00004270181673880200378877550727
0.00004270181673880200378877550727
0.00004270181673880200378877550727
0.00004331238439532136390040474378
0.00004331238439532136390040474378
0.00004331238439532136390040474378
0.00004396920318183629998534306421
0.00004396920318183629998534306421
0.00004396920318183629998534306421
0.00004450630603565746325503233626
0.00004450630603565746325503233626
0.00004450630603565746325503233626
0.00004466259535306295596791514265
0.00004466259535306295596791514265
0.00004466259535306295596791514265
0.00004440002176411701711526433730
0.00004440002176411701711526433730
0.00004440002176411701711526433730
0.00004455764656533214322838356767
0.00004455764656533214322838356767
0.00004455764656533214322838356767
0.00004481259503610557947210986491
0.00004481259503610557947210986491
0.00004481259503610557947210986491
0.00004482944864039057033469153640
0.00004482944864039057033469153640
0.00004482944864039057033469153640
0.00004482944864039057033469153640
0.00004451364371269090579057185031
0.00004451364371269090579057185031
0.00004451364371269090579057185031
0.00004437810822491667902187622122
0.00004437810822491667902187622122
0.00004437810822491667902187622122
0.00004461040448204872418509257545
0.00004461040448204872418509257545
0.00004461040448204872418509257545
0.00004446742304972164954994520739
0.00004446742304972164954994520739
0.00004446742304972164954994520739
0.00004427657773482078414248684516
0.00004427657773482078414248684516
0.00004427657773482078414248684516
0.00004437588292609505281074522554
0.00004437588292609505281074522554
0.00004437588292609505281074522554
0.00004421317249143543589825759072
0.00004421317249143543589825759072
0.00004421317249143543589825759072
0.00004444993158827848195487910337
0.00004444993158827848195487910337
0.00004444993158827848195487910337
0.00004444993158827848195487910337
0.00004435784114727224989282107823
0.00004435784114727224989282107823
0.00004435784114727224989282107823
0.00004444598879297972071491284663
0.00004444598879297972071491284663
0.00004444598879297972071491284663
0.00004455533829138390265178745724
0.00004455533829138390265178745724
0.00004455533829138390265178745724
0.00004437716815123007055838691477
0.00004437716815123007055838691477
0.00004437716815123007055838691477
0.00004445771799617790694573513477
0.00004445771799617790694573513477
0.00004445771799617790694573513477
0.00004430910708071183421758079911
0.00004430910708071183421758079911
0.00004430910708071183421758079911
0.00004451873077386934315926669499
0.00004451873077386934315926669499
0.00004451873077386934315926669499
0.00004464086773457717455137173860
0.00004464086773457717455137173860
0.00004464086773457717455137173860
0.00004472519889258346802602116216
0.00004472519889258346802602116216
0.00004472519889258346802602116216
0.00004472519889258346802602116216
0.00004460881467154369604128399334
0.00004460881467154369604128399334
0.00004460881467154369604128399334
0.00004450495204751431807017216945
0.00004450495204751431807017216945
0.00004450495204751431807017216945
0.00004470079646885860447268382044
0.00004470079646885860447268382044
0.00004470079646885860447268382044
0.00004461656948767813234067454950
0.00004461656948767813234067454950
0.00004461656948767813234067454950
0.00004466807691785911823042300975
0.00004466807691785911823042300975
0.00004466807691785911823042300975
0.00004466807691785911823042300975
0.00004468161374094211029256025592
0.00004468161374094211029256025592
0.00004468161374094211029256025592
0.00004471842844952395967770053514
0.00004471842844952395967770053514
0.00004471842844952395967770053514
0.00004458548651739063889084124191
0.00004458548651739063889084124191
0.00004458548651739063889084124191
0.00004444675248200212012344648921
0.00004444675248200212012344648921
0.00004444675248200212012344648921
0.00004442035638654081315126730988
0.00004442035638654081315126730988
0.00004442035638654081315126730988
0.00004421302022040689430804780899
0.00004421302022040689430804780899
0.00004421302022040689430804780899
0.00004422709105787404502396661273
0.00004422709105787404502396661273
0.00004422709105787404502396661273
0.00004457882884064202964084987502
0.00004457882884064202964084987502
0.00004457882884064202964084987502
0.00004457882884064202964084987502
0.00004471149894408727776123095950
0.00004471149894408727776123095950
0.00004471149894408727776123095950
0.00004462061622028641999308778533
0.00004462061622028641999308778533
0.00004462061622028641999308778533
0.00004463773220894478801423595381
0.00004463773220894478801423595381
0.00004463773220894478801423595381
0.00004475809689957266578431243872
0.00004475809689957266578431243872
0.00004475809689957266578431243872
0.00004452551963796507183841701859
0.00004452551963796507183841701859
0.00004452551963796507183841701859
0.00004446297214179630210432221140
0.00004446297214179630210432221140
0.00004446297214179630210432221140
0.00004454259051838726291772590609
0.00004454259051838726291772590609
0.00004454259051838726291772590609
0.00004444567238643816902814237380
0.00004444567238643816902814237380
0.00004444567238643816902814237380
0.00004444567238643816902814237380
0.00004438901644234675990065070096
0.00004438901644234675990065070096
0.00004438901644234675990065070096
0.00004442701251445828930028503388
0.00004442701251445828930028503388
0.00004442701251445828930028503388
0.00004444360850497451060739652061
0.00004444360850497451060739652061
0.00004444360850497451060739652061
0.00004451851025319805586233182574
0.00004451851025319805586233182574
0.00004451851025319805586233182574
0.00004445134196776941640385392131
0.00004445134196776941640385392131
0.00004445134196776941640385392131
0.00004440870383569557167706767131
0.00004440870383569557167706767131
0.00004440870383569557167706767131
0.00004458230433240904904331861764
0.00004458230433240904904331861764
0.00004458230433240904904331861764
0.00004478688152849482835073160461
0.00004478688152849482835073160461
0.00004478688152849482835073160461
0.00004462797139890365279837488602
0.00004462797139890365279837488602
0.00004462797139890365279837488602
0.00004462797139890365279837488602
0.00004462920274929658092823969291
0.00004462920274929658092823969291
0.00004462920274929658092823969291
0.00004463247246394489545833168593
0.00004463247246394489545833168593
0.00004463247246394489545833168593
0.00004460647466466565142259680768
0.00004460647466466565142259680768
0.00004460647466466565142259680768
0.00004449928286779795290686258052
0.00004449928286779795290686258052
0.00004449928286779795290686258052
0.00004455918737862666975172706379
0.00004455918737862666975172706379
0.00004455918737862666975172706379
0.00004458497007787540191559289572
0.00004458497007787540191559289572
0.00004458497007787540191559289572
0.00004455326274224270874683748316
0.00004455326274224270874683748316
0.00004455326274224270874683748316
0.00004476968026780450676047023177
0.00004476968026780450676047023177
0.00004476968026780450676047023177
0.00004476968026780450676047023177
0.00004469315906461688353409703674
0.00004469315906461688353409703674
0.00004469315906461688353409703674
0.00004455904566013103857199900461
0.00004455904566013103857199900461
0.00004455904566013103857199900461
0.00004447922327163211779423714673
0.00004447922327163211779423714673
0.00004447922327163211779423714673
0.00004443514073499844213942615360
0.00004443514073499844213942615360
0.00004443514073499844213942615360
0.00004437368060366748950973690494
0.00004437368060366748950973690494
0.00004437368060366748950973690494
0.00004439440058058674721171232584
0.00004439440058058674721171232584
0.00004439440058058674721171232584
0.00004431361377692303092377711376
0.00004431361377692303092377711376
0.00004431361377692303092377711376
0.00004435564836353850381882224512
0.00004435564836353850381882224512
0.00004435564836353850381882224512
0.00004435564836353850381882224512
0.00004431877371679400327358467967
0.00004431877371679400327358467967
0.00004431877371679400327358467967
0.00004423571538915899111720207321
0.00004423571538915899111720207321
0.00004423571538915899111720207321
0.00004419978494890127135849559368
0.00004419978494890127135849559368
0.00004419978494890127135849559368
0.00004405464351948771945461151583
0.00004405464351948771945461151583
0.00004405464351948771945461151583
0.00004406522196038573205992130114
0.00004406522196038573205992130114
0.00004406522196038573205992130114
0.00004411254487617987438113934921
0.00004411254487617987438113934921
0.00004411254487617987438113934921
0.00004412918381665804742252074074
0.00004412918381665804742252074074
0.00004412918381665804742252074074
0.00004417405810981279978630283567
0.00004417405810981279978630283567
0.00004417405810981279978630283567
0.00004428985960080974899287005901
0.00004428985960080974899287005901
0.00004428985960080974899287005901
0.00004428985960080974899287005901
0.00004435228941614115991574533307
0.00004435228941614115991574533307
0.00004435228941614115991574533307
0.00004446834136360422012861932222
0.00004446834136360422012861932222
0.00004446834136360422012861932222
0.00004439647108077528662259381585
0.00004439647108077528662259381585
0.00004439647108077528662259381585
0.00004421775989516969327398982406
0.00004421775989516969327398982406
0.00004421775989516969327398982406
0.00004416131106096564199110887345
0.00004416131106096564199110887345
0.00004416131106096564199110887345
0.00004429235030369998320762230306
0.00004429235030369998320762230306
0.00004429235030369998320762230306
0.00004426002568906571480797792311
0.00004426002568906571480797792311
0.00004426002568906571480797792311
0.00004419985529866202024685509097
0.00004419985529866202024685509097
0.00004419985529866202024685509097
0.00004419985529866202024685509097
0.00004418525458304305135742089782
0.00004418525458304305135742089782
0.00004418525458304305135742089782
0.00004427696024291203235114176096
0.00004427696024291203235114176096
0.00004427696024291203235114176096
0.00004415305041726431359035554233
0.00004415305041726431359035554233
0.00004415305041726431359035554233
0.00004408999793926725395804168846
0.00004408999793926725395804168846
0.00004408999793926725395804168846
0.00004409669231390953596047012657
0.00004409669231390953596047012657
0.00004409669231390953596047012657
0.00004407612164020715775449762871
0.00004407612164020715775449762871
0.00004407612164020715775449762871
0.00004406500578707109174516850065
0.00004406500578707109174516850065
0.00004406500578707109174516850065
0.00004405916216972169165744158485
0.00004405916216972169165744158485
0.00004405916216972169165744158485
0.00004405916216972169165744158485
0.00004397501954898410762498677548
0.00004397501954898410762498677548
0.00004397501954898410762498677548
0.00004397322306310489997155269888
0.00004397322306310489997155269888
0.00004397322306310489997155269888
0.00004399005137743025204554608098
0.00004399005137743025204554608098
0.00004399005137743025204554608098
0.00004387378858209466709332438786
0.00004387378858209466709332438786
0.00004387378858209466709332438786
0.00004376885291754501593534912179
0.00004376885291754501593534912179
0.00004376885291754501593534912179
0.00004378655068367580269343691575
0.00004378655068367580269343691575
0.00004378655068367580269343691575
0.00004372610628085009470860560542
0.00004372610628085009470860560542
0.00004372610628085009470860560542
0.00004381817574880292209638713881
0.00004381817574880292209638713881
0.00004381817574880292209638713881
0.00004381962755956272414269568318
0.00004381962755956272414269568318
0.00004381962755956272414269568318
0.00004381962755956272414269568318
0.00004370466178333291201614427286
0.00004370466178333291201614427286
0.00004370466178333291201614427286
0.00004372709930367629355096023958
0.00004372709930367629355096023958
0.00004372709930367629355096023958
0.00004369526436690135364900546074
0.00004369526436690135364900546074
0.00004369526436690135364900546074
0.00004370551804289565669947605909
0.00004370551804289565669947605909
0.00004370551804289565669947605909
0.00004368445129865478127173800955
0.00004368445129865478127173800955
0.00004368445129865478127173800955
0.00004362778734294977161948607492
0.00004362778734294977161948607492
0.00004362778734294977161948607492
0.00004368488787894048217868538985
0.00004368488787894048217868538985
0.00004368488787894048217868538985
0.00004361904587595533993066668002
0.00004361904587595533993066668002
0.00004361904587595533993066668002
0.00004361904587595533993066668002
0.00004358577950003700425349952686
0.00004358577950003700425349952686
0.00004358577950003700425349952686
0.00004356495951698947132262473159
0.00004356495951698947132262473159
0.00004356495951698947132262473159
0.00004367712876904288694892237823
0.00004367712876904288694892237823
0.00004367712876904288694892237823
0.00004371446947218217351582870161
0.00004371446947218217351582870161
0.00004371446947218217351582870161
0.00004377216658748747338115566103
0.00004377216658748747338115566103
0.00004377216658748747338115566103
0.00004376701992365362368577149151
0.00004380921249381063625981981531
0.00004380921249381063625981981531
0.00004380921249381063625981981531
0.00004384463161117670879176812710
0.00004384463161117670879176812710
0.00004384463161117670879176812710
0.00004384579732699235996860734350
0.00004384579732699235996860734350
0.00004384579732699235996860734350
0.00004379593820163636638473254364
0.00004379593820163636638473254364
0.00004379593820163636638473254364
0.00004388884770780786128504575654
0.00004388884770780786128504575654
0.00004388884770780786128504575654
0.00004401638046420872694968239066
0.00004401638046420872694968239066
0.00004401638046420872694968239066
0.00004399017783476408572951687244
0.00004399017783476408572951687244
0.00004399017783476408572951687244
0.00004398929255312087360814727611
0.00004398929255312087360814727611
0.00004398929255312087360814727611
0.00004398929255312087360814727611
