0.00004594735530608743375074596535
0.00004594735530608743375074596535
0.00004594735530608743375074596535
0.00004567008493550775178495779218
0.00004567008493550775178495779218
0.00004567008493550775178495779218
0.00004372376839375047257528725433
0.00004372376839375047257528725433
0.00004372376839375047257528725433
0.00004690386125915004414777746701
0.00004690386125915004414777746701
0.00004690386125915004414777746701
0.00004581848912918914240935783090
0.00004581848912918914240935783090
0.00004581848912918914240935783090
0.00004307303872420655948810675544
0.00004307303872420655948810675544
0.00004307303872420655948810675544
0.00004487842332438148062785361291
0.00004487842332438148062785361291
0.00004487842332438148062785361291
0.00004410560323120460689304680249
0.00004410560323120460689304680249
0.00004410560323120460689304680249
0.00004597906130359145413382806791
0.00004597906130359145413382806791
0.00004597906130359145413382806791
0.00004597906130359145413382806791
0.00004597995418537989701875995437
0.00004597995418537989701875995437
0.00004597995418537989701875995437
0.00004515149682257672681477878820
0.00004515149682257672681477878820
0.00004515149682257672681477878820
0.00004517491369805245189742895034
0.00004517491369805245189742895034
0.00004517491369805245189742895034
0.00004549898353376518292494216155
0.00004549898353376518292494216155
0.00004549898353376518292494216155
0.00004622701336459379600661856884
0.00004622701336459379600661856884
0.00004622701336459379600661856884
0.00004685490362167651332423717187
0.00004685490362167651332423717187
0.00004685490362167651332423717187
0.00004597555141062459405346119043
0.00004597555141062459405346119043
0.00004597555141062459405346119043
0.00004597136148343474824683239330
0.00004597136148343474824683239330
0.00004597136148343474824683239330
0.00004597136148343474824683239330
0.00004629154942795857654328540489
0.00004629154942795857654328540489
0.00004629154942795857654328540489
0.00004649511470181154160568296231
0.00004649511470181154160568296231
0.00004649511470181154160568296231
0.00004650427617766625603807977248
0.00004650427617766625603807977248
0.00004650427617766625603807977248
0.00004671434557688314517801785905
0.00004671434557688314517801785905
0.00004671434557688314517801785905
0.00004573600148667894633134935036
0.00004573600148667894633134935036
0.00004573600148667894633134935036
0.00004539888381433013644740615603
0.00004539888381433013644740615603
0.00004539888381433013644740615603
0.00004674687589881363536956005074
0.00004674687589881363536956005074
0.00004674687589881363536956005074
0.00004703087961253184800547084120
0.00004703087961253184800547084120
0.00004703087961253184800547084120
0.00004703087961253184800547084120
0.00004683649691437821026635196243
0.00004683649691437821026635196243
0.00004683649691437821026635196243
0.00004652712347298641130939819450
0.00004652712347298641130939819450
0.00004652712347298641130939819450
0.00004634403280004308390603123369
0.00004634403280004308390603123369
0.00004634403280004308390603123369
0.00004592232806925441669797009448
0.00004592232806925441669797009448
0.00004592232806925441669797009448
0.00004625960874245895720987547881
0.00004625960874245895720987547881
0.00004625960874245895720987547881
0.00004693304315974083277561527704
0.00004693304315974083277561527704
0.00004693304315974083277561527704
0.00004749957434333516546524338652
0.00004749957434333516546524338652
0.00004749957434333516546524338652
0.00004734688402408500158931649092
0.00004734688402408500158931649092
0.00004734688402408500158931649092
0.00004711448104776785493730758213
0.00004711448104776785493730758213
0.00004711448104776785493730758213
0.00004711448104776785493730758213
0.00004716746274817961056839194311
0.00004716746274817961056839194311
0.00004716746274817961056839194311
0.00004696617706556450661413612250
0.00004696617706556450661413612250
0.00004696617706556450661413612250
0.00004714804536830845885418199940
0.00004714804536830845885418199940
0.00004714804536830845885418199940
0.00004717688570798935644600772148
0.00004717688570798935644600772148
0.00004717688570798935644600772148
0.00004715211768006936166371879269
0.00004715211768006936166371879269
0.00004715211768006936166371879269
0.00004740725462151174153862066230
0.00004740725462151174153862066230
0.00004740725462151174153862066230
0.00004719804011690536787518611204
0.00004719804011690536787518611204
0.00004719804011690536787518611204
0.00004716477847930022044132414302
0.00004716477847930022044132414302
0.00004716477847930022044132414302
0.00004716477847930022044132414302
0.00004737143321997912681295991697
0.00004737143321997912681295991697
0.00004737143321997912681295991697
0.00004711016741496883656458074305
0.00004711016741496883656458074305
0.00004711016741496883656458074305
0.00004731276922788833140582953293
0.00004731276922788833140582953293
0.00004731276922788833140582953293
0.00004701235923404053464141249870
0.00004701235923404053464141249870
0.00004701235923404053464141249870
0.00004691295751415330334739688488
0.00004691295751415330334739688488
0.00004691295751415330334739688488
0.00004692159576437659810510312367
0.00004692159576437659810510312367
0.00004692159576437659810510312367
0.00004689774433069059597429025440
0.00004689774433069059597429025440
0.00004689774433069059597429025440
0.00004671024988557088989853485329
0.00004671024988557088989853485329
0.00004671024988557088989853485329
0.00004671024988557088989853485329
0.00004656107629511608859789883184
0.00004656107629511608859789883184
0.00004656107629511608859789883184
0.00004658757627861358254744216457
0.00004658757627861358254744216457
0.00004658757627861358254744216457
0.00004645613384485480413556525469
0.00004645613384485480413556525469
0.00004645613384485480413556525469
0.00004629791084799375385773412386
0.00004629791084799375385773412386
0.00004629791084799375385773412386
0.00004642091391762565516205026397
0.00004642091391762565516205026397
0.00004642091391762565516205026397
0.00004639151838986274842868191319
0.00004639151838986274842868191319
0.00004639151838986274842868191319
0.00004647224760822523117157779764
0.00004647224760822523117157779764
0.00004647224760822523117157779764
0.00004657092506055983595060282642
0.00004657092506055983595060282642
0.00004657092506055983595060282642
0.00004634058989386124537765958434
0.00004634058989386124537765958434
0.00004634058989386124537765958434
0.00004634058989386124537765958434
0.00004641360436163162345954422193
0.00004641360436163162345954422193
0.00004641360436163162345954422193
0.00004624646429656506942150726711
0.00004624646429656506942150726711
0.00004624646429656506942150726711
0.00004604783203790897069739103215
0.00004604783203790897069739103215
0.00004604783203790897069739103215
0.00004599608959600892424034673514
0.00004599608959600892424034673514
0.00004599608959600892424034673514
0.00004579635228773077447294261391
0.00004579635228773077447294261391
0.00004579635228773077447294261391
0.00004577421944512877964055179384
0.00004572569587388090566804616113
0.00004572569587388090566804616113
0.00004572569587388090566804616113
0.00004569915961582084174236201273
0.00004569915961582084174236201273
0.00004569915961582084174236201273
0.00004580665460331433026078539525
0.00004580665460331433026078539525
0.00004580665460331433026078539525
0.00004588824042544280214928919106
0.00004588824042544280214928919106
0.00004588824042544280214928919106
0.00004618809300753957129409711399
0.00004618809300753957129409711399
0.00004618809300753957129409711399
0.00004622836692143520493920485852
0.00004622836692143520493920485852
0.00004622836692143520493920485852
0.00004620601029789958643723900167
0.00004620601029789958643723900167
0.00004620601029789958643723900167
0.00004616354251842684808363477292
0.00004616354251842684808363477292
0.00004616354251842684808363477292
0.00004616354251842684808363477292
0.00004597435596992751541095940831
0.00004597435596992751541095940831
0.00004597435596992751541095940831
0.00004597935566279193234214241622
0.00004597935566279193234214241622
0.00004597935566279193234214241622
0.00004590597420009691933727567626
0.00004590597420009691933727567626
0.00004590597420009691933727567626
0.00004582376157549757188441518193
0.00004582376157549757188441518193
0.00004582376157549757188441518193
0.00004581292330199423880887110860
0.00004581292330199423880887110860
0.00004581292330199423880887110860
0.00004570717730078148533031720678
0.00004570717730078148533031720678
0.00004570717730078148533031720678
0.00004586669883538990704349585795
0.00004586669883538990704349585795
0.00004586669883538990704349585795
0.00004579218066442717210507816908
0.00004579218066442717210507816908
0.00004579218066442717210507816908
0.00004579218066442717210507816908
0.00004578827744516920925634745669
0.00004578827744516920925634745669
0.00004578827744516920925634745669
0.00004572246569784148634077934486
0.00004572246569784148634077934486
0.00004572246569784148634077934486
0.00004584040742593705274210196714
0.00004584040742593705274210196714
0.00004584040742593705274210196714
0.00004583834485182742787695820795
0.00004583834485182742787695820795
0.00004583834485182742787695820795
0.00004570881580033220249225997431
0.00004570881580033220249225997431
0.00004570881580033220249225997431
0.00004583935441743438360578230517
0.00004583935441743438360578230517
0.00004583935441743438360578230517
0.00004599110885660925064009611116
0.00004599110885660925064009611116
0.00004599110885660925064009611116
0.00004590100322619967188134383101
0.00004590100322619967188134383101
0.00004590100322619967188134383101
0.00004577227915109542725873755805
0.00004577227915109542725873755805
0.00004577227915109542725873755805
0.00004577227915109542725873755805
0.00004584506659549191744882896637
0.00004584506659549191744882896637
0.00004584506659549191744882896637
0.00004573015689827160739605191251
0.00004573015689827160739605191251
0.00004573015689827160739605191251
0.00004558292332342489343198260563
0.00004558292332342489343198260563
0.00004558292332342489343198260563
0.00004553141300341633704301668583
0.00004553141300341633704301668583
0.00004553141300341633704301668583
0.00004551484457774386227603312503
0.00004551484457774386227603312503
0.00004551484457774386227603312503
0.00004548410957075855519015981526
0.00004548410957075855519015981526
0.00004548410957075855519015981526
0.00004555807562826755097533690052
0.00004555807562826755097533690052
0.00004555807562826755097533690052
0.00004563921139193281414011429687
0.00004563921139193281414011429687
0.00004563921139193281414011429687
0.00004563921139193281414011429687
0.00004570885579492378849780706093
0.00004570885579492378849780706093
0.00004570885579492378849780706093
0.00004556788475158087599524606365
0.00004556788475158087599524606365
0.00004556788475158087599524606365
0.00004555673084960977105595437217
0.00004555673084960977105595437217
0.00004555673084960977105595437217
0.00004557970509239405776826335422
0.00004557970509239405776826335422
0.00004557970509239405776826335422
0.00004575406176360656609536099000
0.00004575406176360656609536099000
0.00004575406176360656609536099000
0.00004569448096869043565631377146
0.00004569448096869043565631377146
0.00004569448096869043565631377146
0.00004561902412725737455531706801
0.00004561902412725737455531706801
0.00004561902412725737455531706801
0.00004563851571141459924709240215
0.00004563851571141459924709240215
0.00004563851571141459924709240215
0.00004563851571141459924709240215
0.00004568975969609748955332891345
0.00004568975969609748955332891345
0.00004568975969609748955332891345
0.00004572151457144903117395678677
0.00004572151457144903117395678677
0.00004572151457144903117395678677
0.00004575716582255676175792030288
0.00004575716582255676175792030288
0.00004575716582255676175792030288
0.00004572816982863359060629396604
0.00004572816982863359060629396604
0.00004572816982863359060629396604
0.00004555620376770923904214800202
0.00004555620376770923904214800202
0.00004555620376770923904214800202
0.00004556212919546585403342686461
0.00004556212919546585403342686461
0.00004556212919546585403342686461
0.00004548614310690368187270181443
0.00004548614310690368187270181443
0.00004548614310690368187270181443
0.00004544327619144616324369731153
0.00004544327619144616324369731153
0.00004544327619144616324369731153
0.00004536873822548465341619296455
0.00004536873822548465341619296455
0.00004536873822548465341619296455
0.00004536873822548465341619296455
0.00004534563359270037858808925755
0.00004534563359270037858808925755
0.00004534563359270037858808925755
0.00004537045386652338527600679312
0.00004537045386652338527600679312
0.00004537045386652338527600679312
0.00004532567838309331047062808279
0.00004532567838309331047062808279
0.00004532567838309331047062808279
0.00004534483359355689177299138617
0.00004534483359355689177299138617
0.00004534483359355689177299138617
0.00004530870076379909997665178087
0.00004530870076379909997665178087
0.00004530870076379909997665178087
0.00004521622002406081988775476237
0.00004521622002406081988775476237
0.00004521622002406081988775476237
0.00004516786235111168646255057901
0.00004516786235111168646255057901
0.00004516786235111168646255057901
0.00004529938766283718952804182124
0.00004529938766283718952804182124
0.00004529938766283718952804182124
0.00004529938766283718952804182124
0.00004520704707390007156284172613
0.00004520704707390007156284172613
0.00004520704707390007156284172613
0.00004508546314606516032570562623
0.00004508546314606516032570562623
0.00004508546314606516032570562623
0.00004494928814709892024838200186
0.00004494928814709892024838200186
0.00004494928814709892024838200186
0.00004490535508480069221918819969
0.00004490535508480069221918819969
0.00004490535508480069221918819969
0.00004496799896401961764343036809
0.00004496799896401961764343036809
0.00004496799896401961764343036809
0.00004488839178033016767354465144
0.00004488839178033016767354465144
0.00004488839178033016767354465144
0.00004487550546628266591542706554
0.00004487550546628266591542706554
0.00004487550546628266591542706554
0.00004494506999497351479954511439
0.00004494506999497351479954511439
0.00004494506999497351479954511439
0.00004494506999497351479954511439
0.00004493583857015778808756721686
0.00004493583857015778808756721686
0.00004493583857015778808756721686
0.00004483343222140103296661686326
0.00004483343222140103296661686326
0.00004483343222140103296661686326
0.00004484457182866379037712596717
0.00004484457182866379037712596717
0.00004484457182866379037712596717
0.00004478405853538360654757048544
0.00004478405853538360654757048544
0.00004478405853538360654757048544
0.00004474908492770845740512713673
0.00004474908492770845740512713673
0.00004474908492770845740512713673
0.00004494661765088946576239524068
0.00004494661765088946576239524068
0.00004494661765088946576239524068
0.00004498812687756791747832868109
0.00004498812687756791747832868109
0.00004498812687756791747832868109
0.00004505154885411954753535144595
0.00004505154885411954753535144595
0.00004505154885411954753535144595
0.00004511888280335292597089808340
0.00004511888280335292597089808340
0.00004511888280335292597089808340
0.00004511888280335292597089808340
0.00004511008652206529224553035864
0.00004511008652206529224553035864
0.00004511008652206529224553035864
0.00004505613122678396460501972735
0.00004505613122678396460501972735
0.00004505613122678396460501972735
0.00004510847957591892147218272740
0.00004510847957591892147218272740
0.00004510847957591892147218272740
0.00004509928570688388611092262932
0.00004509928570688388611092262932
0.00004509928570688388611092262932
0.00004503435962336758211673523640
0.00004503435962336758211673523640
0.00004503435962336758211673523640
0.00004505580055681956740179025539
0.00004505409986094127116448522838
0.00004505409986094127116448522838
0.00004505409986094127116448522838
0.00004500818395905517790180369943
0.00004500818395905517790180369943
0.00004500818395905517790180369943
0.00004498624275553207551958856001
0.00004498624275553207551958856001
0.00004498624275553207551958856001
0.00004505390290724992688602641062
0.00004505390290724992688602641062
0.00004505390290724992688602641062
0.00004499505335590431533909096500
0.00004499505335590431533909096500
0.00004499505335590431533909096500
0.00004506379656368585634846785142
0.00004506379656368585634846785142
0.00004506379656368585634846785142
0.00004500307002716311674264100213
0.00004500307002716311674264100213
0.00004500307002716311674264100213
0.00004500880000901232264496445217
0.00004500880000901232264496445217
0.00004500880000901232264496445217
0.00004500880000901232264496445217
0.00004510046920732339084391030250
0.00004510046920732339084391030250
0.00004510046920732339084391030250
0.00004512144325260608244727774251
0.00004512144325260608244727774251
0.00004512144325260608244727774251
0.00004514939437917639300645182795
0.00004514939437917639300645182795
0.00004514939437917639300645182795
0.00004516908515759927306805736547
0.00004516908515759927306805736547
0.00004516908515759927306805736547
0.00004515446180750966961643847393
0.00004515446180750966961643847393
0.00004515446180750966961643847393
0.00004506796913340840619059649833
0.00004506796913340840619059649833
0.00004506796913340840619059649833
0.00004499681045109623675105841726
0.00004499681045109623675105841726
0.00004499681045109623675105841726
0.00004493966272175370444585463329
0.00004493966272175370444585463329
0.00004493966272175370444585463329
0.00004493966272175370444585463329
