0.2220608679807671309364443019
0.2220608679807671309364443019
0.2220608679807671309364443019
0.2323859992097328507699000303
0.2323859992097328507699000303
0.2323859992097328507699000303
0.2348764783244290961407929568
0.2348764783244290961407929568
0.2348764783244290961407929568
0.2410844663297220847250854334
0.2410844663297220847250854334
0.2410844663297220847250854334
0.2501157495862038267814083914
0.2501157495862038267814083914
0.2501157495862038267814083914
0.2550842941942965997117198668
0.2550842941942965997117198668
0.2550842941942965997117198668
0.2555184570624384924819887218
0.2555184570624384924819887218
0.2555184570624384924819887218
0.2589978506104650707681235826
0.2589978506104650707681235826
0.2589978506104650707681235826
0.2590170312953321802748676388
0.2590170312953321802748676388
0.2590170312953321802748676388
0.2590170312953321802748676388
0.2548373162055725640699100825
0.2548373162055725640699100825
0.2548373162055725640699100825
0.2564261726496738670432973549
0.2564261726496738670432973549
0.2564261726496738670432973549
0.2570995327911960495090023639
0.2570995327911960495090023639
0.2570995327911960495090023639
0.2542612861728148342484084098
0.2542612861728148342484084098
0.2542612861728148342484084098
0.2543794083121437513710974141
0.2543794083121437513710974141
0.2543794083121437513710974141
0.2529218679932727969505271046
0.2529218679932727969505271046
0.2529218679932727969505271046
0.2525763052431554653715186531
0.2525763052431554653715186531
0.2525763052431554653715186531
0.2531697055069319611117347823
0.2531697055069319611117347823
0.2531697055069319611117347823
0.2531697055069319611117347823
0.2537718741003442978097698288
0.2537718741003442978097698288
0.2537718741003442978097698288
0.2516578503795856694265030637
0.2516578503795856694265030637
0.2516578503795856694265030637
0.2500406047178276977795729345
0.2500406047178276977795729345
0.2500406047178276977795729345
0.2516542958223560741436054902
0.2516542958223560741436054902
0.2516542958223560741436054902
0.2517060653019381768638549949
0.2517060653019381768638549949
0.2517060653019381768638549949
0.2514761501650221299959525856
0.2514761501650221299959525856
0.2514761501650221299959525856
0.2515758165161206671894173540
0.2515758165161206671894173540
0.2515758165161206671894173540
0.2523437638191124850859034112
0.2523437638191124850859034112
0.2523437638191124850859034112
0.2523437638191124850859034112
0.2520548220104728562788982052
0.2520548220104728562788982052
0.2520548220104728562788982052
0.2509277298749619828363268397
0.2509277298749619828363268397
0.2509277298749619828363268397
0.2512655762355892745631116624
0.2512655762355892745631116624
0.2512655762355892745631116624
0.2496676008294398038089603705
0.2496676008294398038089603705
0.2496676008294398038089603705
0.2498600821520437451362907535
0.2498600821520437451362907535
0.2498600821520437451362907535
0.2502271470402068851795018318
0.2502271470402068851795018318
0.2502271470402068851795018318
0.2497903214855107485215026990
0.2497903214855107485215026990
0.2497903214855107485215026990
0.2495388051515458752334883919
0.2495388051515458752334883919
0.2495388051515458752334883919
0.2499548336296041639339629361
0.2499548336296041639339629361
0.2499548336296041639339629361
0.2499548336296041639339629361
0.2495291186168732665279219183
0.2495291186168732665279219183
0.2495291186168732665279219183
0.2481785663682947184145755471
0.2481785663682947184145755471
0.2481785663682947184145755471
0.2485502303745267245522983245
0.2485502303745267245522983245
0.2485502303745267245522983245
0.2486826824911082257278608122
0.2486826824911082257278608122
0.2486826824911082257278608122
0.2498725657650344328660707367
0.2498725657650344328660707367
0.2498725657650344328660707367
0.2496303266332258802896600872
0.2496303266332258802896600872
0.2496303266332258802896600872
0.2493713579740441222362099397
0.2493713579740441222362099397
0.2493713579740441222362099397
0.2489587128370968421207137599
0.2489587128370968421207137599
0.2489587128370968421207137599
0.2489587128370968421207137599
0.2491865236618517544403345907
0.2491865236618517544403345907
0.2491865236618517544403345907
0.2494274233273169568831569368
0.2494274233273169568831569368
0.2494274233273169568831569368
0.2493023927020920369650044729
0.2493023927020920369650044729
0.2493023927020920369650044729
0.2490334522619158671163295242
0.2490334522619158671163295242
0.2490334522619158671163295242
0.2489344645462002233124873426
0.2489344645462002233124873426
0.2489344645462002233124873426
0.2485964163132727324064142816
0.2485964163132727324064142816
0.2485964163132727324064142816
0.2485924731819819111936368489
0.2485924731819819111936368489
0.2485924731819819111936368489
0.2486322588422710082870294914
0.2486322588422710082870294914
0.2486322588422710082870294914
0.2486322588422710082870294914
0.2491768259736535096366452774
0.2491768259736535096366452774
0.2491768259736535096366452774
0.2484602109547530313731891532
0.2484602109547530313731891532
0.2484602109547530313731891532
0.2480076449359817528110993340
0.2480076449359817528110993340
0.2480076449359817528110993340
0.2477791550980146403029329186
0.2477791550980146403029329186
0.2477791550980146403029329186
0.2476197201859323912810704572
0.2476197201859323912810704572
0.2476197201859323912810704572
0.2474638431510586558900598426
0.2474638431510586558900598426
0.2474638431510586558900598426
0.2477474960517035289923647670
0.2477474960517035289923647670
0.2477474960517035289923647670
0.2476918381745484092037741635
0.2476918381745484092037741635
0.2476918381745484092037741635
0.2478593657481392611999848807
0.2478593657481392611999848807
0.2478593657481392611999848807
0.2478593657481392611999848807
0.2479840639817675802135922743
0.2479840639817675802135922743
0.2479840639817675802135922743
0.2482203588234995330953252081
0.2482203588234995330953252081
0.2482203588234995330953252081
0.2479751979602278127678697962
0.2479751979602278127678697962
0.2479751979602278127678697962
0.2477820909973786528227195648
0.2477820909973786528227195648
0.2477820909973786528227195648
0.2477792073529785590740927806
0.2477792073529785590740927806
0.2477792073529785590740927806
0.2477792073529785590740927806
0.2478710412342290433499320045
0.2478710412342290433499320045
0.2478710412342290433499320045
0.2478630938649034766901230969
0.2478630938649034766901230969
0.2478630938649034766901230969
0.2482363177505711677365209356
0.2482363177505711677365209356
0.2482363177505711677365209356
0.2484891243966977178049595912
0.2484891243966977178049595912
0.2484891243966977178049595912
0.2483482770244154804619657944
0.2483482770244154804619657944
0.2483482770244154804619657944
0.2482414776733853787721678524
0.2482414776733853787721678524
0.2482414776733853787721678524
0.2483889491996714069122108638
0.2483889491996714069122108638
0.2483889491996714069122108638
0.2488961249967257631293324798
0.2488961249967257631293324798
0.2488961249967257631293324798
0.2488961249967257631293324798
0.2492817701545909146478309359
0.2492817701545909146478309359
0.2492817701545909146478309359
0.2495345774476051680139180411
0.2495345774476051680139180411
0.2495345774476051680139180411
0.2499116338206871088469327059
0.2499116338206871088469327059
0.2499116338206871088469327059
0.2499073451919559121404394581
0.2499073451919559121404394581
0.2499073451919559121404394581
0.2495867216459202328088473268
0.2495867216459202328088473268
0.2495867216459202328088473268
0.2491514421954917335504912226
0.2491514421954917335504912226
0.2491514421954917335504912226
0.2489968295077856014189239429
0.2489968295077856014189239429
0.2489968295077856014189239429
0.2489986949009763283048199265
0.2489986949009763283048199265
0.2489986949009763283048199265
0.2489986949009763283048199265
0.2491364287564039033249407736
0.2491364287564039033249407736
0.2491364287564039033249407736
0.2490465970166484647924017503
0.2490465970166484647924017503
0.2490465970166484647924017503
0.2489015212876475247150450664
0.2489015212876475247150450664
0.2489015212876475247150450664
0.2489463173730953091804358160
0.2489463173730953091804358160
0.2489463173730953091804358160
0.2485818183661747076801214333
0.2485818183661747076801214333
0.2485818183661747076801214333
0.2486609099282985445401544694
0.2486609099282985445401544694
0.2486609099282985445401544694
0.2485541643453890692118161599
0.2485541643453890692118161599
0.2485541643453890692118161599
0.2484251149990265495292316236
0.2484251149990265495292316236
0.2484251149990265495292316236
0.2485893199744017015329520578
0.2485893199744017015329520578
0.2485893199744017015329520578
0.2485893199744017015329520578
0.2482622931132690567980032320
0.2482622931132690567980032320
0.2482622931132690567980032320
0.2480308161787228497877001647
0.2480308161787228497877001647
0.2480308161787228497877001647
0.2481106769303316386151800162
0.2481106769303316386151800162
0.2481106769303316386151800162
0.2480452041953189920140636669
0.2480452041953189920140636669
0.2480452041953189920140636669
0.2479162142788809277546756016
0.2479162142788809277546756016
0.2479162142788809277546756016
0.2478093158919582782687128222
0.2478093158919582782687128222
0.2478093158919582782687128222
0.2476070853301530109844184505
0.2476070853301530109844184505
0.2476070853301530109844184505
0.2474819334617062838432547632
0.2474819334617062838432547632
0.2474819334617062838432547632
0.2474819334617062838432547632
0.2474233149549901682283008420
0.2474233149549901682283008420
0.2474233149549901682283008420
0.2472591805374031407185346538
0.2472591805374031407185346538
0.2472591805374031407185346538
0.2469846163757596113211615791
0.2469846163757596113211615791
0.2469846163757596113211615791
0.2469506295262457639722489162
0.2469506295262457639722489162
0.2469506295262457639722489162
0.2469882399794214688101260066
0.2469882399794214688101260066
0.2469882399794214688101260066
0.2470338302987981980650561234
0.2470338302987981980650561234
0.2470338302987981980650561234
0.2471715349155522951728947127
0.2471715349155522951728947127
0.2471715349155522951728947127
0.2471138754871285200213362869
0.2471138754871285200213362869
0.2471138754871285200213362869
0.2471138754871285200213362869
0.2472661541928328326981095456
0.2472661541928328326981095456
0.2472661541928328326981095456
0.2472385170678191030206827024
0.2472385170678191030206827024
0.2472385170678191030206827024
0.2472699217465093470141600283
0.2472699217465093470141600283
0.2472699217465093470141600283
0.2471894001045507785635530645
0.2471894001045507785635530645
0.2471894001045507785635530645
0.2471266638392373932451758446
0.2471266638392373932451758446
0.2471266638392373932451758446
0.2471429974444001323319609873
0.2471429974444001323319609873
0.2471429974444001323319609873
0.2472124328910543099698421044
0.2472124328910543099698421044
0.2472124328910543099698421044
0.2470217327306964114050554190
0.2470217327306964114050554190
0.2470217327306964114050554190
0.2468995631672948785149780451
0.2468995631672948785149780451
0.2468995631672948785149780451
0.2468995631672948785149780451
0.2471604824903594269378546474
0.2471604824903594269378546474
0.2471604824903594269378546474
0.2472637213601359850388986828
0.2472637213601359850388986828
0.2472637213601359850388986828
0.2471732949659437333589979588
0.2471732949659437333589979588
0.2471732949659437333589979588
0.2470584504070045108364767619
0.2470584504070045108364767619
0.2470584504070045108364767619
0.2469929638145544695635198817
0.2469929638145544695635198817
0.2469929638145544695635198817
0.2467966887033058505381857789
0.2467966887033058505381857789
0.2467966887033058505381857789
0.2468228531406847511721827188
0.2468228531406847511721827188
0.2468228531406847511721827188
0.2467888638303959438754160860
0.2467888638303959438754160860
0.2467888638303959438754160860
0.2467888638303959438754160860
0.2468889593249777773373587945
0.2468889593249777773373587945
0.2468889593249777773373587945
0.2469560438661132415523870952
0.2469560438661132415523870952
0.2469560438661132415523870952
0.2469292628712435285084989910
0.2469292628712435285084989910
0.2469292628712435285084989910
0.2469528249692536500925345443
0.2469528249692536500925345443
0.2469528249692536500925345443
0.2469301897688746228317514612
0.2469301897688746228317514612
0.2469301897688746228317514612
0.2469867961989959384801673503
0.2469867961989959384801673503
0.2469867961989959384801673503
0.2470910955266052435715048452
0.2470910955266052435715048452
0.2470910955266052435715048452
0.2471715210123095432795666721
0.2471715210123095432795666721
0.2471715210123095432795666721
0.2471715210123095432795666721
0.2471944967864874240894664116
0.2471944967864874240894664116
0.2471944967864874240894664116
0.2471491620062120339148068433
0.2471491620062120339148068433
0.2471491620062120339148068433
0.2472055646960870154207356361
0.2472055646960870154207356361
0.2472055646960870154207356361
0.2472889255825364101918194918
0.2472889255825364101918194918
0.2472889255825364101918194918
0.2470958657083993956790869048
0.2470958657083993956790869048
0.2470958657083993956790869048
0.2470695853686085783316479935
0.2470695853686085783316479935
0.2470695853686085783316479935
0.2472967548736415571462519147
0.2472967548736415571462519147
0.2472967548736415571462519147
0.2471227086058838859357786013
0.2471227086058838859357786013
0.2471227086058838859357786013
0.2470709714252510025872405293
0.2470709714252510025872405293
0.2470709714252510025872405293
0.2470709714252510025872405293
0.2472615000288873457176554016
0.2472615000288873457176554016
0.2472615000288873457176554016
0.2470805019864713540996198310
0.2470805019864713540996198310
0.2470805019864713540996198310
0.2470111664767387290330267389
0.2470111664767387290330267389
0.2470111664767387290330267389
0.2470056802807192502902512950
0.2470056802807192502902512950
0.2470056802807192502902512950
0.2469690482488895704673983953
0.2469690482488895704673983953
0.2469690482488895704673983953
0.2469690482488895704673983953
0.2470044477944293750939144170
0.2470044477944293750939144170
0.2470044477944293750939144170
0.2471245403652667043130420408
0.2471245403652667043130420408
0.2471245403652667043130420408
0.2473232672068127693469140572
0.2473232672068127693469140572
0.2473232672068127693469140572
0.2475929607095881686966781754
0.2475929607095881686966781754
0.2475929607095881686966781754
0.2475593798554400912821042296
0.2475593798554400912821042296
0.2475593798554400912821042296
0.2475673037524481427650152842
0.2475673037524481427650152842
0.2475673037524481427650152842
0.2477035320559396601192694179
0.2477035320559396601192694179
0.2477035320559396601192694179
0.2475829437873170321740724609
0.2475829437873170321740724609
0.2475829437873170321740724609
0.2475829437873170321740724609
0.2475460889076472227401393758
0.2475460889076472227401393758
0.2475460889076472227401393758
0.2476308512176209945336510819
0.2476308512176209945336510819
0.2476308512176209945336510819
0.2475827986759595290199411233
0.2475827986759595290199411233
0.2475827986759595290199411233
0.2475453459223792354981030028
0.2475453459223792354981030028
0.2475453459223792354981030028
0.2475811618110635861302281761
0.2475811618110635861302281761
0.2475811618110635861302281761
0.2473941754933295570442792885
0.2473941754933295570442792885
0.2473941754933295570442792885
0.2474331627477709396909501757
0.2474331627477709396909501757
0.2474331627477709396909501757
0.2474004146632460700641678121
0.2474004146632460700641678121
0.2474004146632460700641678121
0.2474004146632460700641678121
