0.2414054636099095804187007866
0.2414054636099095804187007866
0.2414054636099095804187007866
0.2465790255871931771428667091
0.2465790255871931771428667091
0.2465790255871931771428667091
0.2440415802744846861113827588
0.2440415802744846861113827588
0.2440415802744846861113827588
0.2434899423687633460017786542
0.2434899423687633460017786542
0.2434899423687633460017786542
0.2454288232330965338300884967
0.2454288232330965338300884967
0.2454288232330965338300884967
0.2495038055152802662613546988
0.2495038055152802662613546988
0.2495038055152802662613546988
0.2510389455604698359800137160
0.2510389455604698359800137160
0.2510389455604698359800137160
0.2541118624081225010972827588
0.2541118624081225010972827588
0.2541118624081225010972827588
0.2535549655606590701841762909
0.2535549655606590701841762909
0.2535549655606590701841762909
0.2535549655606590701841762909
0.2526857948595018214975779200
0.2526857948595018214975779200
0.2526857948595018214975779200
0.2514606682899090970602466354
0.2514606682899090970602466354
0.2514606682899090970602466354
0.2525171468560402927934483204
0.2525171468560402927934483204
0.2525171468560402927934483204
0.2524529759704901022218258404
0.2524529759704901022218258404
0.2524529759704901022218258404
0.2517596056493032171827746124
0.2517596056493032171827746124
0.2517596056493032171827746124
0.2513550349155602437457102389
0.2513550349155602437457102389
0.2513550349155602437457102389
0.2515590423108538382522230500
0.2515590423108538382522230500
0.2515590423108538382522230500
0.2503675271765266220442674399
0.2503675271765266220442674399
0.2503675271765266220442674399
0.2503675271765266220442674399
0.2528605793823120243632379773
0.2528605793823120243632379773
0.2528605793823120243632379773
0.2522546637431016090357627281
0.2522546637431016090357627281
0.2522546637431016090357627281
0.2517758430529037406577050428
0.2517758430529037406577050428
0.2517758430529037406577050428
0.2525434184528273275077352275
0.2525434184528273275077352275
0.2525434184528273275077352275
0.2538168070942485599248384451
0.2538168070942485599248384451
0.2538168070942485599248384451
0.2545197794674044441200679473
0.2545197794674044441200679473
0.2545197794674044441200679473
0.2542540485775101866360779357
0.2542540485775101866360779357
0.2542540485775101866360779357
0.2538033136363125194823440877
0.2538033136363125194823440877
0.2538033136363125194823440877
0.2538033136363125194823440877
0.2534446662869387317853494245
0.2534446662869387317853494245
0.2534446662869387317853494245
0.2525282723528117705903560771
0.2525282723528117705903560771
0.2525282723528117705903560771
0.2515201578055490320838326864
0.2515201578055490320838326864
0.2515201578055490320838326864
0.2508649791407534908847798774
0.2508649791407534908847798774
0.2508649791407534908847798774
0.2511673290113613924458949733
0.2511673290113613924458949733
0.2511673290113613924458949733
0.2510623764098154068396266922
0.2510623764098154068396266922
0.2510623764098154068396266922
0.2512868027680728816870950736
0.2512868027680728816870950736
0.2512868027680728816870950736
0.2511578053639333753665059409
0.2511578053639333753665059409
0.2511578053639333753665059409
0.2509561651063083327889880520
0.2509561651063083327889880520
0.2509561651063083327889880520
0.2509561651063083327889880520
0.2504326535963827158159013680
0.2504326535963827158159013680
0.2504326535963827158159013680
0.2503407341300062500968241872
0.2503407341300062500968241872
0.2503407341300062500968241872
0.2503813607110646142468092751
0.2503813607110646142468092751
0.2503813607110646142468092751
0.2506909452343512154909220760
0.2506909452343512154909220760
0.2506909452343512154909220760
0.2507265950609240671613338040
0.2507265950609240671613338040
0.2507265950609240671613338040
0.2507359897301252539924904705
0.2507359897301252539924904705
0.2507359897301252539924904705
0.2507023887694062799863920339
0.2507023887694062799863920339
0.2507023887694062799863920339
0.2501135172655157605928855168
0.2501135172655157605928855168
0.2501135172655157605928855168
0.2501135172655157605928855168
0.2495763623786023020727160514
0.2495763623786023020727160514
0.2495763623786023020727160514
0.2498408172985621273361146676
0.2498408172985621273361146676
0.2498408172985621273361146676
0.2508184862277586521428959835
0.2508184862277586521428959835
0.2508184862277586521428959835
0.2512987437498759009865023247
0.2512987437498759009865023247
0.2512987437498759009865023247
0.2510498603389803167847447037
0.2510498603389803167847447037
0.2510498603389803167847447037
0.2515900132888354407927447795
0.2515900132888354407927447795
0.2515900132888354407927447795
0.2515572950454342711843389304
0.2515572950454342711843389304
0.2515572950454342711843389304
0.2510473817646478476542824874
0.2510473817646478476542824874
0.2510473817646478476542824874
0.2510473817646478476542824874
0.2505787810894052975653667366
0.2505787810894052975653667366
0.2505787810894052975653667366
0.2510249255483223802296961502
0.2510249255483223802296961502
0.2510249255483223802296961502
0.2509390771580391135085161535
0.2509390771580391135085161535
0.2509390771580391135085161535
0.2513433019776521698765252623
0.2513433019776521698765252623
0.2513433019776521698765252623
0.2512166690477687400181868665
0.2512166690477687400181868665
0.2512166690477687400181868665
0.2516271977338474733414078190
0.2516271977338474733414078190
0.2516271977338474733414078190
0.2516594247030559034231278495
0.2516594247030559034231278495
0.2516594247030559034231278495
0.2516982223960742792616519174
0.2516982223960742792616519174
0.2516982223960742792616519174
0.2510986874421415433332695755
0.2510986874421415433332695755
0.2510986874421415433332695755
0.2510986874421415433332695755
0.2511487848870788123560022776
0.2511487848870788123560022776
0.2511487848870788123560022776
0.2508896761752836243932914455
0.2508896761752836243932914455
0.2508896761752836243932914455
0.2506979617894479709159389727
0.2506979617894479709159389727
0.2506979617894479709159389727
0.2508037752038577336129383082
0.2508037752038577336129383082
0.2508037752038577336129383082
0.2500088591802067824051068748
0.2500088591802067824051068748
0.2500088591802067824051068748
0.2494349767832364698973629491
0.2494349767832364698973629491
0.2494349767832364698973629491
0.2494244272563630473750362623
0.2497798657930016850817168204
0.2497798657930016850817168204
0.2497798657930016850817168204
0.2493275171491554418639138462
0.2493275171491554418639138462
0.2493275171491554418639138462
0.2493724145435857081243015956
0.2493724145435857081243015956
0.2493724145435857081243015956
0.2494421686720242158139582943
0.2494421686720242158139582943
0.2494421686720242158139582943
0.2491723139504973516893700952
0.2491723139504973516893700952
0.2491723139504973516893700952
0.2495015126165098277946991881
0.2495015126165098277946991881
0.2495015126165098277946991881
0.2492268912524672500908796589
0.2492268912524672500908796589
0.2492268912524672500908796589
0.2492268912524672500908796589
0.2487780933591484891409769217
0.2487780933591484891409769217
0.2487780933591484891409769217
0.2489306616482240800707690616
0.2489306616482240800707690616
0.2489306616482240800707690616
0.2486722514451115128329252977
0.2486722514451115128329252977
0.2486722514451115128329252977
0.2488197917129383040864121744
0.2488197917129383040864121744
0.2488197917129383040864121744
0.2484443687931051601025962829
0.2484443687931051601025962829
0.2484443687931051601025962829
0.2487702473305160610296724331
0.2487702473305160610296724331
0.2487702473305160610296724331
0.2491138849596618680112826439
0.2491138849596618680112826439
0.2491138849596618680112826439
0.2486006686187219226640739708
0.2486006686187219226640739708
0.2486006686187219226640739708
0.2486006686187219226640739708
0.2483206004043452247821610995
0.2483206004043452247821610995
0.2483206004043452247821610995
0.2484166133249419196190411292
0.2484166133249419196190411292
0.2484166133249419196190411292
0.2486655153024409541623473291
0.2486655153024409541623473291
0.2486655153024409541623473291
0.2490021505386834238557337458
0.2490021505386834238557337458
0.2490021505386834238557337458
0.2490447098011950187808797347
0.2490447098011950187808797347
0.2490447098011950187808797347
0.2488460325231865481065806969
0.2488460325231865481065806969
0.2488460325231865481065806969
0.2486724769508346358058527310
0.2486724769508346358058527310
0.2486724769508346358058527310
0.2486317933212731855482043334
0.2486317933212731855482043334
0.2486317933212731855482043334
0.2486876463790378744915922952
0.2486876463790378744915922952
0.2486876463790378744915922952
0.2486876463790378744915922952
0.2487045622656427394558039930
0.2487045622656427394558039930
0.2487045622656427394558039930
0.2485221977444505264154600863
0.2485221977444505264154600863
0.2485221977444505264154600863
0.2482502440874724677571805271
0.2482502440874724677571805271
0.2482502440874724677571805271
0.2480642193014386264434731582
0.2480642193014386264434731582
0.2480642193014386264434731582
0.2483727446887524782073039789
0.2483727446887524782073039789
0.2483727446887524782073039789
0.2483004244072950275648046310
0.2483004244072950275648046310
0.2483004244072950275648046310
0.2483270810346396354974606252
0.2483270810346396354974606252
0.2483270810346396354974606252
0.2483969840868562742903519354
0.2483969840868562742903519354
0.2483969840868562742903519354
0.2483969840868562742903519354
0.2480988058290046390609169528
0.2480988058290046390609169528
0.2480988058290046390609169528
0.2481628631494809653466491556
0.2481628631494809653466491556
0.2481628631494809653466491556
0.2482998053259564863801519744
0.2482998053259564863801519744
0.2482998053259564863801519744
0.2481238341449274805663628882
0.2481238341449274805663628882
0.2481238341449274805663628882
0.2482053722969615814282107524
0.2482053722969615814282107524
0.2482053722969615814282107524
0.2482377999839919327892627835
0.2482377999839919327892627835
0.2482377999839919327892627835
0.2485115064215552648538704451
0.2485115064215552648538704451
0.2485115064215552648538704451
0.2485477075620067025539137566
0.2485477075620067025539137566
0.2485477075620067025539137566
0.2485477075620067025539137566
0.2485808299191656627516517283
0.2485808299191656627516517283
0.2485808299191656627516517283
0.2485698441588300060351447282
0.2485698441588300060351447282
0.2485698441588300060351447282
0.2486991333585261420661613774
0.2486991333585261420661613774
0.2486991333585261420661613774
0.2489314959685526467509289058
0.2489314959685526467509289058
0.2489314959685526467509289058
0.2489655399976689332272334043
0.2489655399976689332272334043
0.2489655399976689332272334043
0.2488857797418715688664304372
0.2488857797418715688664304372
0.2488857797418715688664304372
0.2489275449309138579674725942
0.2489275449309138579674725942
0.2489275449309138579674725942
0.2490097024550093753816465697
0.2490097024550093753816465697
0.2490097024550093753816465697
0.2491079194291324705246282425
0.2491079194291324705246282425
0.2491079194291324705246282425
0.2491079194291324705246282425
0.2492452173098136561737570827
0.2492452173098136561737570827
0.2492452173098136561737570827
0.2492815740505213989891956355
0.2492815740505213989891956355
0.2492815740505213989891956355
0.2493036450176479775143313890
0.2493036450176479775143313890
0.2493036450176479775143313890
0.2494599199134102951976797047
0.2494599199134102951976797047
0.2494599199134102951976797047
0.2496536537974859939166357330
0.2496536537974859939166357330
0.2496536537974859939166357330
0.2496940606610292534937648919
0.2496940606610292534937648919
0.2496940606610292534937648919
0.2497033587399892151965430281
0.2497033587399892151965430281
0.2497033587399892151965430281
0.2494843023288093516560177983
0.2494843023288093516560177983
0.2494843023288093516560177983
0.2494843023288093516560177983
0.2496260484496809352253337200
0.2496260484496809352253337200
0.2496260484496809352253337200
0.2496739194733825967911450328
0.2496739194733825967911450328
0.2496739194733825967911450328
0.2498959171303967151656236527
0.2498959171303967151656236527
0.2498959171303967151656236527
0.2499261230301523999722039929
0.2499261230301523999722039929
0.2499261230301523999722039929
0.2501447119418938614405805805
0.2501447119418938614405805805
0.2501447119418938614405805805
0.2500606895540141384476141090
0.2500606895540141384476141090
0.2500606895540141384476141090
0.2499953472894202485064210456
0.2499953472894202485064210456
0.2499953472894202485064210456
0.2499127260327614019856347347
0.2499127260327614019856347347
0.2499127260327614019856347347
0.2499127260327614019856347347
0.2497861119581266834371672895
0.2497861119581266834371672895
0.2497861119581266834371672895
0.2497553359538579001818221339
0.2497553359538579001818221339
0.2497553359538579001818221339
0.2497369750907198597441431402
0.2497369750907198597441431402
0.2497369750907198597441431402
0.2497306360033063727047947117
0.2497306360033063727047947117
0.2497306360033063727047947117
0.2497554288096677110018771398
0.2497554288096677110018771398
0.2497554288096677110018771398
0.2498245838251597233726944908
0.2498245838251597233726944908
0.2498245838251597233726944908
0.2497504761758037357846239188
0.2497504761758037357846239188
0.2497504761758037357846239188
0.2497273107808582314286399842
0.2497273107808582314286399842
0.2497273107808582314286399842
0.2497623112387303428170690886
0.2497623112387303428170690886
0.2497623112387303428170690886
0.2497623112387303428170690886
0.2498218423199514753993264548
0.2498218423199514753993264548
0.2498218423199514753993264548
0.2499022128532026261460753300
0.2499022128532026261460753300
0.2499022128532026261460753300
0.2499449989318934738046085502
0.2499449989318934738046085502
0.2499449989318934738046085502
0.2498030786689628206593214017
0.2498030786689628206593214017
0.2498030786689628206593214017
0.2497512168705773521177107752
0.2497512168705773521177107752
0.2497512168705773521177107752
0.2497512168705773521177107752
0.2495377090158299156639811461
0.2495377090158299156639811461
0.2495377090158299156639811461
0.2494738743958193667744735156
0.2494738743958193667744735156
0.2494738743958193667744735156
0.2493973586137705309337585775
0.2493973586137705309337585775
0.2493973586137705309337585775
0.2494308112204737642313051491
0.2494308112204737642313051491
0.2494308112204737642313051491
0.2494081467814325870247280745
0.2494081467814325870247280745
0.2494081467814325870247280745
0.2492009995063782853666637472
0.2492009995063782853666637472
0.2492009995063782853666637472
0.2492816203350660556316181847
0.2492816203350660556316181847
0.2492816203350660556316181847
0.2495502480584316482509291179
0.2495502480584316482509291179
0.2495502480584316482509291179
0.2495502480584316482509291179
0.2496577450068870866933792921
0.2496577450068870866933792921
0.2496577450068870866933792921
0.2497063450358550123366702014
0.2497063450358550123366702014
0.2497063450358550123366702014
0.2497265622356055095301344788
0.2497265622356055095301344788
0.2497265622356055095301344788
0.2497567627179379303894978782
0.2497567627179379303894978782
0.2497567627179379303894978782
0.2497587610390863611045826156
0.2497587610390863611045826156
0.2497587610390863611045826156
0.2497992084114746306661276190
0.2497992084114746306661276190
0.2497992084114746306661276190
0.2495611091512596839437747612
0.2495611091512596839437747612
0.2495611091512596839437747612
0.2493954079229242142560563840
0.2493954079229242142560563840
0.2493954079229242142560563840
0.2493954079229242142560563840
