0.2673232965868750269194544178
0.2673232965868750269194544178
0.2673232965868750269194544178
0.2469700218820557229777945652
0.2469700218820557229777945652
0.2469700218820557229777945652
0.2478548703544577542407557373
0.2478548703544577542407557373
0.2478548703544577542407557373
0.2417533479634252609750244049
0.2417533479634252609750244049
0.2417533479634252609750244049
0.2463216763467378307826210427
0.2463216763467378307826210427
0.2463216763467378307826210427
0.2468583274853632660856990034
0.2468583274853632660856990034
0.2468583274853632660856990034
0.2494490750039232815029724211
0.2494490750039232815029724211
0.2494490750039232815029724211
0.2498295582884290768186381229
0.2498295582884290768186381229
0.2498295582884290768186381229
0.2492780518977405312290226617
0.2492780518977405312290226617
0.2492780518977405312290226617
0.2492780518977405312290226617
0.2446922393732556247664273065
0.2446922393732556247664273065
0.2446922393732556247664273065
0.2431053164573311072831761055
0.2431053164573311072831761055
0.2431053164573311072831761055
0.2447674354537149780113251305
0.2447674354537149780113251305
0.2447674354537149780113251305
0.2426447468385921891322492591
0.2426447468385921891322492591
0.2426447468385921891322492591
0.2448848166754024848225977285
0.2448848166754024848225977285
0.2448848166754024848225977285
0.2470554736753188157743218103
0.2470554736753188157743218103
0.2470554736753188157743218103
0.2465257030524892627134931712
0.2465257030524892627134931712
0.2465257030524892627134931712
0.2482013915276818675558184358
0.2482013915276818675558184358
0.2482013915276818675558184358
0.2482013915276818675558184358
0.2481553077011753638598956513
0.2481553077011753638598956513
0.2481553077011753638598956513
0.2474539185871868707102391197
0.2474539185871868707102391197
0.2474539185871868707102391197
0.2471429622342509258920117648
0.2471429622342509258920117648
0.2471429622342509258920117648
0.2491542282032696073810338449
0.2491542282032696073810338449
0.2491542282032696073810338449
0.2493003959961216543379431358
0.2493003959961216543379431358
0.2493003959961216543379431358
0.2487024820733140554036836099
0.2487024820733140554036836099
0.2487024820733140554036836099
0.2489932228157655883034756327
0.2489932228157655883034756327
0.2489932228157655883034756327
0.2482550980543175840528473907
0.2482550980543175840528473907
0.2482550980543175840528473907
0.2482550980543175840528473907
0.2482544168939055632977946466
0.2482544168939055632977946466
0.2482544168939055632977946466
0.2483617440537847985140667262
0.2483617440537847985140667262
0.2483617440537847985140667262
0.2477601226780659658048789055
0.2477601226780659658048789055
0.2477601226780659658048789055
0.2479863221676085937839823312
0.2479863221676085937839823312
0.2479863221676085937839823312
0.2493732787982615444133223251
0.2493732787982615444133223251
0.2493732787982615444133223251
0.2489996449960052796775386154
0.2489996449960052796775386154
0.2489996449960052796775386154
0.2483916644212357824731569252
0.2483916644212357824731569252
0.2483916644212357824731569252
0.2484432244682312230098991287
0.2484432244682312230098991287
0.2484432244682312230098991287
0.2482286041034176442013831559
0.2482286041034176442013831559
0.2482286041034176442013831559
0.2482286041034176442013831559
0.2485808018389901371135569933
0.2485808018389901371135569933
0.2485808018389901371135569933
0.2483347794596950484078084267
0.2483347794596950484078084267
0.2483347794596950484078084267
0.2477661201366731659275660625
0.2477661201366731659275660625
0.2477661201366731659275660625
0.2476956081902345905412747815
0.2476956081902345905412747815
0.2476956081902345905412747815
0.2478834063529399550596945154
0.2478834063529399550596945154
0.2478834063529399550596945154
0.2476761570564344014146412084
0.2476761570564344014146412084
0.2476761570564344014146412084
0.2481571343579451558892810746
0.2481571343579451558892810746
0.2481571343579451558892810746
0.2485429586137213915993030673
0.2485429586137213915993030673
0.2485429586137213915993030673
0.2485429586137213915993030673
0.2490150229456568788379735837
0.2490150229456568788379735837
0.2490150229456568788379735837
0.2494712974421851641838536300
0.2494712974421851641838536300
0.2494712974421851641838536300
0.2496926035525516754170035356
0.2496926035525516754170035356
0.2496926035525516754170035356
0.2500097065596252846028548684
0.2500097065596252846028548684
0.2500097065596252846028548684
0.2500287235125634404643171494
0.2500287235125634404643171494
0.2500287235125634404643171494
0.2496571000886967256032037615
0.2496571000886967256032037615
0.2496571000886967256032037615
0.2491779684104689568017572798
0.2491779684104689568017572798
0.2491779684104689568017572798
0.2493927540236164529968855868
0.2493927540236164529968855868
0.2493927540236164529968855868
0.2493927540236164529968855868
0.2489632146022694828845935088
0.2489632146022694828845935088
0.2489632146022694828845935088
0.2494111657255545541862898710
0.2494111657255545541862898710
0.2494111657255545541862898710
0.2494316877882917964723513595
0.2494316877882917964723513595
0.2494316877882917964723513595
0.2492623916963709260852066518
0.2492623916963709260852066518
0.2492623916963709260852066518
0.2484581928314585198685677297
0.2484581928314585198685677297
0.2484581928314585198685677297
0.2487474000611289964042621054
0.2487474000611289964042621054
0.2487474000611289964042621054
0.2481790295447755369375641637
0.2481790295447755369375641637
0.2481790295447755369375641637
0.2481177930757172031041948759
0.2481177930757172031041948759
0.2481177930757172031041948759
0.2483595990225841016045800237
0.2483595990225841016045800237
0.2483595990225841016045800237
0.2483595990225841016045800237
0.2483385002600334122649403659
0.2483385002600334122649403659
0.2483385002600334122649403659
0.2484620380385911405598352435
0.2484620380385911405598352435
0.2484620380385911405598352435
0.2485121847865084229174970846
0.2485121847865084229174970846
0.2485121847865084229174970846
0.2488189785211593377240473185
0.2488189785211593377240473185
0.2488189785211593377240473185
0.2484435663663621281639708713
0.2484435663663621281639708713
0.2484435663663621281639708713
0.2485936016229468778760338373
0.2485936016229468778760338373
0.2485936016229468778760338373
0.2485352359639716597475835048
0.2486273582255102851629745844
0.2486273582255102851629745844
0.2486273582255102851629745844
0.2487400885545492005009426450
0.2487400885545492005009426450
0.2487400885545492005009426450
0.2492163374997049444877270930
0.2492163374997049444877270930
0.2492163374997049444877270930
0.2491248306017656332669211342
0.2491248306017656332669211342
0.2491248306017656332669211342
0.2492691735439084880461284673
0.2492691735439084880461284673
0.2492691735439084880461284673
0.2494165941913764615736064777
0.2494165941913764615736064777
0.2494165941913764615736064777
0.2495861853416440999266378424
0.2495861853416440999266378424
0.2495861853416440999266378424
0.2495861853416440999266378424
0.2495240091959156535947476492
0.2495240091959156535947476492
0.2495240091959156535947476492
0.2494158162175935169111291793
0.2494158162175935169111291793
0.2494158162175935169111291793
0.2495811226014117619143838681
0.2495811226014117619143838681
0.2495811226014117619143838681
0.2494935967853345281713851373
0.2494935967853345281713851373
0.2494935967853345281713851373
0.2496823192305900881304340294
0.2496823192305900881304340294
0.2496823192305900881304340294
0.2495802901459396022523033111
0.2495802901459396022523033111
0.2495802901459396022523033111
0.2494696411439656516690683918
0.2494696411439656516690683918
0.2494696411439656516690683918
0.2491754995397494788502514395
0.2491754995397494788502514395
0.2491754995397494788502514395
0.2491754995397494788502514395
0.2490447209365300211573617968
0.2490447209365300211573617968
0.2490447209365300211573617968
0.2489577948744756090139928400
0.2489577948744756090139928400
0.2489577948744756090139928400
0.2493909200123188722974295505
0.2493909200123188722974295505
0.2493909200123188722974295505
0.2495317195965034028744837112
0.2495317195965034028744837112
0.2495317195965034028744837112
0.2492568071687168193434399816
0.2492568071687168193434399816
0.2492568071687168193434399816
0.2494101751843808558320261084
0.2494101751843808558320261084
0.2494101751843808558320261084
0.2493562748653207667696748667
0.2493562748653207667696748667
0.2493562748653207667696748667
0.2493380266807211995396887540
0.2493380266807211995396887540
0.2493380266807211995396887540
0.2492817681064987732450665925
0.2492817681064987732450665925
0.2492817681064987732450665925
0.2492817681064987732450665925
0.2493874969262478517904596379
0.2493874969262478517904596379
0.2493874969262478517904596379
0.2491831179477224303524746067
0.2491831179477224303524746067
0.2491831179477224303524746067
0.2489837694531812889661904365
0.2489837694531812889661904365
0.2489837694531812889661904365
0.2490443750391232944376297566
0.2490443750391232944376297566
0.2490443750391232944376297566
0.2486295296279942618167834275
0.2486295296279942618167834275
0.2486295296279942618167834275
0.2486007355482392443822511524
0.2486007355482392443822511524
0.2486007355482392443822511524
0.2486592652836039905346605521
0.2486592652836039905346605521
0.2486592652836039905346605521
0.2484193039574534153929641480
0.2484193039574534153929641480
0.2484193039574534153929641480
0.2484193039574534153929641480
0.2486118008591299397119966622
0.2486118008591299397119966622
0.2486118008591299397119966622
0.2482294594965944244091561839
0.2482294594965944244091561839
0.2482294594965944244091561839
0.2483268681585613910106251119
0.2483268681585613910106251119
0.2483268681585613910106251119
0.2483441167269440261505747756
0.2483441167269440261505747756
0.2483441167269440261505747756
0.2485664380496403671087273576
0.2485664380496403671087273576
0.2485664380496403671087273576
0.2486595636158511988036168576
0.2486595636158511988036168576
0.2486595636158511988036168576
0.2486854032011459122159844826
0.2486854032011459122159844826
0.2486854032011459122159844826
0.2485393176576879312903152089
0.2485393176576879312903152089
0.2485393176576879312903152089
0.2485393176576879312903152089
0.2483754750737173006849859264
0.2483754750737173006849859264
0.2483754750737173006849859264
0.2483440544139406412118234864
0.2483440544139406412118234864
0.2483440544139406412118234864
0.2481538975861135937083388316
0.2481538975861135937083388316
0.2481538975861135937083388316
0.2485564313561272863772438121
0.2485564313561272863772438121
0.2485564313561272863772438121
0.2485694113064188250130021770
0.2485694113064188250130021770
0.2485694113064188250130021770
0.2481600092034455207347088021
0.2481600092034455207347088021
0.2481600092034455207347088021
0.2479789729441871537290094949
0.2479789729441871537290094949
0.2479789729441871537290094949
0.2479427651482653158708588871
0.2479427651482653158708588871
0.2479427651482653158708588871
0.2479836043377769724301789825
0.2479836043377769724301789825
0.2479836043377769724301789825
0.2479836043377769724301789825
0.2480786557572306799543172582
0.2480786557572306799543172582
0.2480786557572306799543172582
0.2480753369862030418536214565
0.2480753369862030418536214565
0.2480753369862030418536214565
0.2479604217275479426346186307
0.2479604217275479426346186307
0.2479604217275479426346186307
0.2477409137572207025585313730
0.2477409137572207025585313730
0.2477409137572207025585313730
0.2475738035192711779921284394
0.2475738035192711779921284394
0.2475738035192711779921284394
0.2472995877385266403889987224
0.2472995877385266403889987224
0.2472995877385266403889987224
0.2474630037128581231456134299
0.2474630037128581231456134299
0.2474630037128581231456134299
0.2475306860178248792185603310
0.2475306860178248792185603310
0.2475306860178248792185603310
0.2475306860178248792185603310
0.2475900649329616344972586690
0.2475900649329616344972586690
0.2475900649329616344972586690
0.2475307109660419394984483146
0.2475307109660419394984483146
0.2475307109660419394984483146
0.2477429019481525756021725454
0.2477429019481525756021725454
0.2477429019481525756021725454
0.2475897305381232698649787942
0.2475897305381232698649787942
0.2475897305381232698649787942
0.2477078177691440552242981236
0.2477078177691440552242981236
0.2477078177691440552242981236
0.2476644026084737241782523941
0.2476644026084737241782523941
0.2476644026084737241782523941
0.2476937485767063818101493913
0.2476937485767063818101493913
0.2476937485767063818101493913
0.2475675584923125259796561204
0.2475675584923125259796561204
0.2475675584923125259796561204
0.2475675584923125259796561204
0.2473665577627174554092187295
0.2473665577627174554092187295
0.2473665577627174554092187295
0.2474474706320770084884761709
0.2474474706320770084884761709
0.2474474706320770084884761709
0.2474461785255776269327818617
0.2474461785255776269327818617
0.2474461785255776269327818617
0.2472671037828270863012912744
0.2472671037828270863012912744
0.2472671037828270863012912744
0.2472480564598925223996412923
0.2472480564598925223996412923
0.2472480564598925223996412923
0.2471792171602126178130094311
0.2471792171602126178130094311
0.2471792171602126178130094311
0.2472582620611918380876664576
0.2472582620611918380876664576
0.2472582620611918380876664576
0.2471513113107200006311012274
0.2471513113107200006311012274
0.2471513113107200006311012274
0.2472955852429639553207852140
0.2472955852429639553207852140
0.2472955852429639553207852140
0.2472955852429639553207852140
0.2471701512062633705474326417
0.2471701512062633705474326417
0.2471701512062633705474326417
0.2472430606388553173350780145
0.2472430606388553173350780145
0.2472430606388553173350780145
0.2473907347942641343691493797
0.2473907347942641343691493797
0.2473907347942641343691493797
0.2473894939433570792206843748
0.2473894939433570792206843748
0.2473894939433570792206843748
0.2474472706651528992709625398
0.2474472706651528992709625398
0.2474472706651528992709625398
0.2474520131054701488374328900
0.2474795095049405401360071956
0.2474795095049405401360071956
0.2474795095049405401360071956
0.2474581040638124313994823096
0.2474581040638124313994823096
0.2474581040638124313994823096
0.2473683656614364845761105020
0.2473683656614364845761105020
0.2473683656614364845761105020
0.2474881777239476490947622740
0.2474881777239476490947622740
0.2474881777239476490947622740
0.2474520378013938122463892396
0.2474520378013938122463892396
0.2474520378013938122463892396
0.2474121178119762758647466331
0.2474121178119762758647466331
0.2474121178119762758647466331
0.2474900507876074762292297359
0.2474900507876074762292297359
0.2474900507876074762292297359
0.2475591607730387791193924199
0.2475591607730387791193924199
0.2475591607730387791193924199
0.2475591607730387791193924199
0.2475062934385095428034616427
0.2475062934385095428034616427
0.2475062934385095428034616427
0.2474647628332726395093278675
0.2474647628332726395093278675
0.2474647628332726395093278675
0.2476215391846490262729703940
0.2476215391846490262729703940
0.2476215391846490262729703940
0.2474495458059140797333542056
0.2474495458059140797333542056
0.2474495458059140797333542056
0.2473394540494738813617255991
0.2473394540494738813617255991
0.2473394540494738813617255991
0.2472166740296879581640398929
0.2472166740296879581640398929
0.2472166740296879581640398929
0.2470751901950855732338876545
0.2470751901950855732338876545
0.2470751901950855732338876545
0.2472087975735034854542648608
0.2472087975735034854542648608
0.2472087975735034854542648608
0.2472087975735034854542648608
