0.00004137760174233130591266076669
0.00004137760174233130591266076669
0.00004137760174233130591266076669
0.00004137760174233130591266076669
0.00004137760174233130591266076669
0.00004137760174233130591266076669
0.00004137760174233130591266076669
0.00004137760174233130591266076669
0.00004137760174233130591266076669
0.00004137760174233130591266076669
0.00004137760174233130591266076669
0.00004137760174233130591266076669
0.00004137760174233130591266076669
0.00004137760174233130591266076669
0.00004137760174233130591266076669
0.00004181876448257890464595023147
0.00004181876448257890464595023147
0.00004181876448257890464595023147
0.00004181876448257890464595023147
0.00004181876448257890464595023147
0.00004181876448257890464595023147
0.00004181876448257890464595023147
0.00004181876448257890464595023147
0.00004181876448257890464595023147
0.00004181876448257890464595023147
0.00004181876448257890464595023147
0.00004181876448257890464595023147
0.00004181876448257890464595023147
0.00004181876448257890464595023147
0.00004181876448257890464595023147
0.00004181876448257890464595023147
0.00004276522650511462367896535610
0.00004276522650511462367896535610
0.00004276522650511462367896535610
0.00004276522650511462367896535610
0.00004276522650511462367896535610
0.00004276522650511462367896535610
0.00004276522650511462367896535610
0.00004276522650511462367896535610
0.00004276522650511462367896535610
0.00004276522650511462367896535610
0.00004276522650511462367896535610
0.00004276522650511462367896535610
0.00004276522650511462367896535610
0.00004276522650511462367896535610
0.00004276522650511462367896535610
0.00004286539110530561050715578555
0.00004286539110530561050715578555
0.00004286539110530561050715578555
0.00004286539110530561050715578555
0.00004286539110530561050715578555
0.00004286539110530561050715578555
0.00004286539110530561050715578555
0.00004286539110530561050715578555
0.00004286539110530561050715578555
0.00004286539110530561050715578555
0.00004286539110530561050715578555
0.00004286539110530561050715578555
0.00004286539110530561050715578555
0.00004286539110530561050715578555
0.00004286539110530561050715578555
0.00004286539110530561050715578555
0.00004371789677307673232919161961
0.00004371789677307673232919161961
0.00004371789677307673232919161961
0.00004371789677307673232919161961
0.00004371789677307673232919161961
0.00004371789677307673232919161961
0.00004371789677307673232919161961
0.00004371789677307673232919161961
0.00004371789677307673232919161961
0.00004371789677307673232919161961
0.00004371789677307673232919161961
0.00004371789677307673232919161961
0.00004371789677307673232919161961
0.00004371789677307673232919161961
0.00004371789677307673232919161961
0.00004371789677307673232919161961
0.00004326704391845656733854481925
0.00004326704391845656733854481925
0.00004326704391845656733854481925
0.00004326704391845656733854481925
0.00004326704391845656733854481925
0.00004326704391845656733854481925
0.00004326704391845656733854481925
0.00004326704391845656733854481925
0.00004326704391845656733854481925
0.00004326704391845656733854481925
0.00004326704391845656733854481925
0.00004326704391845656733854481925
0.00004326704391845656733854481925
0.00004326704391845656733854481925
0.00004326704391845656733854481925
0.00004370210060581361070849964635
0.00004370210060581361070849964635
0.00004370210060581361070849964635
0.00004370210060581361070849964635
0.00004370210060581361070849964635
0.00004370210060581361070849964635
0.00004370210060581361070849964635
0.00004370210060581361070849964635
0.00004370210060581361070849964635
0.00004370210060581361070849964635
0.00004370210060581361070849964635
0.00004370210060581361070849964635
0.00004370210060581361070849964635
0.00004370210060581361070849964635
0.00004370210060581361070849964635
0.00004370210060581361070849964635
0.00004406924286454080129870544056
0.00004406924286454080129870544056
0.00004406924286454080129870544056
0.00004406924286454080129870544056
0.00004406924286454080129870544056
0.00004406924286454080129870544056
0.00004406924286454080129870544056
0.00004406924286454080129870544056
0.00004406924286454080129870544056
0.00004406924286454080129870544056
0.00004406924286454080129870544056
0.00004406924286454080129870544056
0.00004406924286454080129870544056
0.00004406924286454080129870544056
0.00004406924286454080129870544056
0.00004428386780436225905381256593
0.00004428386780436225905381256593
0.00004428386780436225905381256593
0.00004428386780436225905381256593
0.00004428386780436225905381256593
0.00004428386780436225905381256593
0.00004428386780436225905381256593
0.00004428386780436225905381256593
0.00004428386780436225905381256593
0.00004428386780436225905381256593
0.00004428386780436225905381256593
0.00004428386780436225905381256593
0.00004428386780436225905381256593
0.00004428386780436225905381256593
0.00004428386780436225905381256593
0.00004428386780436225905381256593
0.00004406121438392498886155644331
0.00004406121438392498886155644331
0.00004406121438392498886155644331
0.00004406121438392498886155644331
0.00004406121438392498886155644331
0.00004406121438392498886155644331
0.00004406121438392498886155644331
0.00004406121438392498886155644331
0.00004406121438392498886155644331
0.00004406121438392498886155644331
0.00004406121438392498886155644331
0.00004406121438392498886155644331
0.00004406121438392498886155644331
0.00004406121438392498886155644331
0.00004406121438392498886155644331
0.00004406121438392498886155644331
0.00004421115660699365349304239725
0.00004421115660699365349304239725
0.00004421115660699365349304239725
0.00004421115660699365349304239725
0.00004421115660699365349304239725
0.00004421115660699365349304239725
0.00004421115660699365349304239725
0.00004421115660699365349304239725
0.00004421115660699365349304239725
0.00004421115660699365349304239725
0.00004421115660699365349304239725
0.00004421115660699365349304239725
0.00004421115660699365349304239725
0.00004421115660699365349304239725
0.00004421115660699365349304239725
0.00004359355584737650966227874970
0.00004359355584737650966227874970
0.00004359355584737650966227874970
0.00004359355584737650966227874970
0.00004359355584737650966227874970
0.00004359355584737650966227874970
0.00004359355584737650966227874970
0.00004359355584737650966227874970
0.00004359355584737650966227874970
0.00004359355584737650966227874970
0.00004359355584737650966227874970
0.00004359355584737650966227874970
0.00004359355584737650966227874970
0.00004359355584737650966227874970
0.00004359355584737650966227874970
0.00004359355584737650966227874970
0.00004379653033504577665457813939
0.00004379653033504577665457813939
0.00004379653033504577665457813939
0.00004379653033504577665457813939
0.00004379653033504577665457813939
0.00004379653033504577665457813939
0.00004379653033504577665457813939
0.00004379653033504577665457813939
0.00004379653033504577665457813939
0.00004379653033504577665457813939
0.00004379653033504577665457813939
0.00004379653033504577665457813939
0.00004379653033504577665457813939
0.00004379653033504577665457813939
0.00004379653033504577665457813939
0.00004379653033504577665457813939
0.00004406036048800914962230081724
0.00004406036048800914962230081724
0.00004406036048800914962230081724
0.00004406036048800914962230081724
0.00004406036048800914962230081724
0.00004406036048800914962230081724
0.00004406036048800914962230081724
0.00004406036048800914962230081724
0.00004406036048800914962230081724
0.00004406036048800914962230081724
0.00004406036048800914962230081724
0.00004406036048800914962230081724
0.00004406036048800914962230081724
0.00004406036048800914962230081724
0.00004406036048800914962230081724
0.00004390483932956431119809860004
0.00004390483932956431119809860004
0.00004390483932956431119809860004
0.00004390483932956431119809860004
0.00004390483932956431119809860004
0.00004390483932956431119809860004
0.00004390483932956431119809860004
0.00004390483932956431119809860004
0.00004390483932956431119809860004
0.00004390483932956431119809860004
0.00004390483932956431119809860004
0.00004390483932956431119809860004
0.00004390483932956431119809860004
0.00004390483932956431119809860004
0.00004390483932956431119809860004
0.00004390483932956431119809860004
0.00004392821777229372083829428352
0.00004392821777229372083829428352
0.00004392821777229372083829428352
0.00004392821777229372083829428352
0.00004392821777229372083829428352
0.00004392821777229372083829428352
0.00004392821777229372083829428352
0.00004392821777229372083829428352
0.00004392821777229372083829428352
0.00004392821777229372083829428352
0.00004392821777229372083829428352
0.00004392821777229372083829428352
0.00004392821777229372083829428352
0.00004392821777229372083829428352
0.00004392821777229372083829428352
0.00004392821777229372083829428352
0.00004388714647541806674619872386
0.00004388714647541806674619872386
0.00004388714647541806674619872386
0.00004388714647541806674619872386
0.00004388714647541806674619872386
0.00004388714647541806674619872386
0.00004388714647541806674619872386
0.00004388714647541806674619872386
0.00004388714647541806674619872386
0.00004388714647541806674619872386
0.00004388714647541806674619872386
0.00004388714647541806674619872386
0.00004388714647541806674619872386
0.00004388714647541806674619872386
0.00004388714647541806674619872386
0.00004374453362166351157484799259
0.00004374453362166351157484799259
0.00004374453362166351157484799259
0.00004374453362166351157484799259
0.00004374453362166351157484799259
0.00004374453362166351157484799259
0.00004374453362166351157484799259
0.00004374453362166351157484799259
0.00004374453362166351157484799259
0.00004374453362166351157484799259
0.00004374453362166351157484799259
0.00004374453362166351157484799259
0.00004374453362166351157484799259
0.00004374453362166351157484799259
0.00004374453362166351157484799259
0.00004374453362166351157484799259
0.00004411077786814653637453003040
0.00004411077786814653637453003040
0.00004411077786814653637453003040
0.00004411077786814653637453003040
0.00004411077786814653637453003040
0.00004411077786814653637453003040
0.00004411077786814653637453003040
0.00004411077786814653637453003040
0.00004411077786814653637453003040
0.00004411077786814653637453003040
0.00004411077786814653637453003040
0.00004411077786814653637453003040
0.00004411077786814653637453003040
0.00004411077786814653637453003040
0.00004411077786814653637453003040
0.00004386546466148131662605311944
0.00004386546466148131662605311944
0.00004386546466148131662605311944
0.00004386546466148131662605311944
0.00004386546466148131662605311944
0.00004386546466148131662605311944
0.00004386546466148131662605311944
0.00004386546466148131662605311944
0.00004386546466148131662605311944
0.00004386546466148131662605311944
0.00004386546466148131662605311944
0.00004386546466148131662605311944
0.00004386546466148131662605311944
0.00004386546466148131662605311944
0.00004386546466148131662605311944
0.00004386546466148131662605311944
0.00004370088702798367533186197686
0.00004370088702798367533186197686
0.00004370088702798367533186197686
0.00004370088702798367533186197686
0.00004370088702798367533186197686
0.00004370088702798367533186197686
0.00004370088702798367533186197686
0.00004370088702798367533186197686
0.00004370088702798367533186197686
0.00004370088702798367533186197686
0.00004370088702798367533186197686
0.00004370088702798367533186197686
0.00004370088702798367533186197686
0.00004370088702798367533186197686
0.00004370088702798367533186197686
0.00004370088702798367533186197686
0.00004397494286905721210610408312
0.00004397494286905721210610408312
0.00004397494286905721210610408312
0.00004397494286905721210610408312
0.00004397494286905721210610408312
0.00004397494286905721210610408312
0.00004397494286905721210610408312
0.00004397494286905721210610408312
0.00004397494286905721210610408312
0.00004397494286905721210610408312
0.00004397494286905721210610408312
0.00004397494286905721210610408312
0.00004397494286905721210610408312
0.00004397494286905721210610408312
0.00004397494286905721210610408312
0.00004384284773279042766891127075
0.00004384284773279042766891127075
0.00004384284773279042766891127075
0.00004384284773279042766891127075
0.00004384284773279042766891127075
0.00004384284773279042766891127075
0.00004384284773279042766891127075
0.00004384284773279042766891127075
0.00004384284773279042766891127075
0.00004384284773279042766891127075
0.00004384284773279042766891127075
0.00004384284773279042766891127075
0.00004384284773279042766891127075
0.00004384284773279042766891127075
0.00004384284773279042766891127075
0.00004384284773279042766891127075
0.00004358758734051661065722272986
0.00004358758734051661065722272986
0.00004358758734051661065722272986
0.00004358758734051661065722272986
0.00004358758734051661065722272986
0.00004358758734051661065722272986
0.00004358758734051661065722272986
0.00004358758734051661065722272986
0.00004358758734051661065722272986
0.00004358758734051661065722272986
0.00004358758734051661065722272986
0.00004358758734051661065722272986
0.00004358758734051661065722272986
0.00004358758734051661065722272986
0.00004358758734051661065722272986
0.00004381815571860933664520087180
0.00004381815571860933664520087180
0.00004381815571860933664520087180
0.00004381815571860933664520087180
0.00004381815571860933664520087180
0.00004381815571860933664520087180
0.00004381815571860933664520087180
0.00004381815571860933664520087180
0.00004381815571860933664520087180
0.00004381815571860933664520087180
0.00004381815571860933664520087180
0.00004381815571860933664520087180
0.00004381815571860933664520087180
0.00004381815571860933664520087180
0.00004381815571860933664520087180
0.00004381815571860933664520087180
0.00004356347616598191116023141194
0.00004356347616598191116023141194
0.00004356347616598191116023141194
0.00004356347616598191116023141194
0.00004356347616598191116023141194
0.00004356347616598191116023141194
0.00004356347616598191116023141194
0.00004356347616598191116023141194
0.00004356347616598191116023141194
0.00004356347616598191116023141194
0.00004356347616598191116023141194
0.00004356347616598191116023141194
0.00004356347616598191116023141194
0.00004356347616598191116023141194
0.00004356347616598191116023141194
0.00004356347616598191116023141194
0.00004354840400663011585010390610
0.00004354840400663011585010390610
0.00004354840400663011585010390610
0.00004354840400663011585010390610
0.00004354840400663011585010390610
0.00004354840400663011585010390610
0.00004354840400663011585010390610
0.00004354840400663011585010390610
0.00004354840400663011585010390610
0.00004354840400663011585010390610
0.00004354840400663011585010390610
0.00004354840400663011585010390610
0.00004354840400663011585010390610
0.00004354840400663011585010390610
0.00004354840400663011585010390610
0.00004362417113392142120438454254
0.00004362417113392142120438454254
0.00004362417113392142120438454254
0.00004362417113392142120438454254
0.00004362417113392142120438454254
0.00004362417113392142120438454254
0.00004362417113392142120438454254
0.00004362417113392142120438454254
0.00004362417113392142120438454254
0.00004362417113392142120438454254
0.00004362417113392142120438454254
0.00004362417113392142120438454254
0.00004362417113392142120438454254
0.00004362417113392142120438454254
0.00004362417113392142120438454254
0.00004362417113392142120438454254
0.00004394944545146510027404747055
0.00004394944545146510027404747055
0.00004394944545146510027404747055
0.00004394944545146510027404747055
0.00004394944545146510027404747055
0.00004394944545146510027404747055
0.00004394944545146510027404747055
0.00004394944545146510027404747055
0.00004394944545146510027404747055
0.00004394944545146510027404747055
0.00004394944545146510027404747055
0.00004394944545146510027404747055
0.00004394944545146510027404747055
0.00004394944545146510027404747055
0.00004394944545146510027404747055
0.00004394944545146510027404747055
0.00004385621806619368847638528405
0.00004385621806619368847638528405
0.00004385621806619368847638528405
0.00004385621806619368847638528405
0.00004385621806619368847638528405
0.00004385621806619368847638528405
0.00004385621806619368847638528405
0.00004385621806619368847638528405
0.00004385621806619368847638528405
0.00004385621806619368847638528405
0.00004385621806619368847638528405
0.00004385621806619368847638528405
0.00004385621806619368847638528405
0.00004385621806619368847638528405
0.00004385621806619368847638528405
0.00004392905754382883694176217790
0.00004392905754382883694176217790
0.00004392905754382883694176217790
0.00004392905754382883694176217790
0.00004392905754382883694176217790
0.00004392905754382883694176217790
0.00004392905754382883694176217790
0.00004392905754382883694176217790
0.00004392905754382883694176217790
0.00004392905754382883694176217790
0.00004392905754382883694176217790
0.00004392905754382883694176217790
0.00004392905754382883694176217790
0.00004392905754382883694176217790
0.00004392905754382883694176217790
0.00004392905754382883694176217790
0.00004406549747710769144899887046
0.00004406549747710769144899887046
0.00004406549747710769144899887046
0.00004406549747710769144899887046
0.00004406549747710769144899887046
0.00004406549747710769144899887046
0.00004406549747710769144899887046
0.00004406549747710769144899887046
0.00004406549747710769144899887046
0.00004406549747710769144899887046
0.00004406549747710769144899887046
0.00004406549747710769144899887046
0.00004406549747710769144899887046
0.00004406549747710769144899887046
0.00004406549747710769144899887046
0.00004406549747710769144899887046
