0.00003841918173223247496358287109
0.00003841918173223247496358287109
0.00003841918173223247496358287109
0.00003841918173223247496358287109
0.00003841918173223247496358287109
0.00003841918173223247496358287109
0.00003841918173223247496358287109
0.00003841918173223247496358287109
0.00003841918173223247496358287109
0.00003841918173223247496358287109
0.00003841918173223247496358287109
0.00003841918173223247496358287109
0.00003841918173223247496358287109
0.00003841918173223247496358287109
0.00003841918173223247496358287109
0.00004226855933105034885083641088
0.00004226855933105034885083641088
0.00004226855933105034885083641088
0.00004226855933105034885083641088
0.00004226855933105034885083641088
0.00004226855933105034885083641088
0.00004226855933105034885083641088
0.00004226855933105034885083641088
0.00004226855933105034885083641088
0.00004226855933105034885083641088
0.00004226855933105034885083641088
0.00004226855933105034885083641088
0.00004226855933105034885083641088
0.00004226855933105034885083641088
0.00004226855933105034885083641088
0.00004226855933105034885083641088
0.00004299881848493808121034199314
0.00004299881848493808121034199314
0.00004299881848493808121034199314
0.00004299881848493808121034199314
0.00004299881848493808121034199314
0.00004299881848493808121034199314
0.00004299881848493808121034199314
0.00004299881848493808121034199314
0.00004299881848493808121034199314
0.00004299881848493808121034199314
0.00004299881848493808121034199314
0.00004299881848493808121034199314
0.00004299881848493808121034199314
0.00004299881848493808121034199314
0.00004299881848493808121034199314
0.00004333570633122965819038937795
0.00004333570633122965819038937795
0.00004333570633122965819038937795
0.00004333570633122965819038937795
0.00004333570633122965819038937795
0.00004333570633122965819038937795
0.00004333570633122965819038937795
0.00004333570633122965819038937795
0.00004333570633122965819038937795
0.00004333570633122965819038937795
0.00004333570633122965819038937795
0.00004333570633122965819038937795
0.00004333570633122965819038937795
0.00004333570633122965819038937795
0.00004333570633122965819038937795
0.00004333570633122965819038937795
0.00004371841995319867097481065720
0.00004371841995319867097481065720
0.00004371841995319867097481065720
0.00004371841995319867097481065720
0.00004371841995319867097481065720
0.00004371841995319867097481065720
0.00004371841995319867097481065720
0.00004371841995319867097481065720
0.00004371841995319867097481065720
0.00004371841995319867097481065720
0.00004371841995319867097481065720
0.00004371841995319867097481065720
0.00004371841995319867097481065720
0.00004371841995319867097481065720
0.00004371841995319867097481065720
0.00004371841995319867097481065720
0.00004321627497084336488293766235
0.00004321627497084336488293766235
0.00004321627497084336488293766235
0.00004321627497084336488293766235
0.00004321627497084336488293766235
0.00004321627497084336488293766235
0.00004321627497084336488293766235
0.00004321627497084336488293766235
0.00004321627497084336488293766235
0.00004321627497084336488293766235
0.00004321627497084336488293766235
0.00004321627497084336488293766235
0.00004321627497084336488293766235
0.00004321627497084336488293766235
0.00004321627497084336488293766235
0.00004354060496375874462049252028
0.00004354060496375874462049252028
0.00004354060496375874462049252028
0.00004354060496375874462049252028
0.00004354060496375874462049252028
0.00004354060496375874462049252028
0.00004354060496375874462049252028
0.00004354060496375874462049252028
0.00004354060496375874462049252028
0.00004354060496375874462049252028
0.00004354060496375874462049252028
0.00004354060496375874462049252028
0.00004354060496375874462049252028
0.00004354060496375874462049252028
0.00004354060496375874462049252028
0.00004354060496375874462049252028
0.00004362907301626255972792720368
0.00004362907301626255972792720368
0.00004362907301626255972792720368
0.00004362907301626255972792720368
0.00004362907301626255972792720368
0.00004362907301626255972792720368
0.00004362907301626255972792720368
0.00004362907301626255972792720368
0.00004362907301626255972792720368
0.00004362907301626255972792720368
0.00004362907301626255972792720368
0.00004362907301626255972792720368
0.00004362907301626255972792720368
0.00004362907301626255972792720368
0.00004362907301626255972792720368
0.00004336673631517089845069717326
0.00004336673631517089845069717326
0.00004336673631517089845069717326
0.00004336673631517089845069717326
0.00004336673631517089845069717326
0.00004336673631517089845069717326
0.00004336673631517089845069717326
0.00004336673631517089845069717326
0.00004336673631517089845069717326
0.00004336673631517089845069717326
0.00004336673631517089845069717326
0.00004336673631517089845069717326
0.00004336673631517089845069717326
0.00004336673631517089845069717326
0.00004336673631517089845069717326
0.00004336673631517089845069717326
0.00004346219247617166480495346876
0.00004346219247617166480495346876
0.00004346219247617166480495346876
0.00004346219247617166480495346876
0.00004346219247617166480495346876
0.00004346219247617166480495346876
0.00004346219247617166480495346876
0.00004346219247617166480495346876
0.00004346219247617166480495346876
0.00004346219247617166480495346876
0.00004346219247617166480495346876
0.00004346219247617166480495346876
0.00004346219247617166480495346876
0.00004346219247617166480495346876
0.00004346219247617166480495346876
0.00004346219247617166480495346876
0.00004342369463936672521656021317
0.00004342369463936672521656021317
0.00004342369463936672521656021317
0.00004342369463936672521656021317
0.00004342369463936672521656021317
0.00004342369463936672521656021317
0.00004342369463936672521656021317
0.00004342369463936672521656021317
0.00004342369463936672521656021317
0.00004342369463936672521656021317
0.00004342369463936672521656021317
0.00004342369463936672521656021317
0.00004342369463936672521656021317
0.00004342369463936672521656021317
0.00004342369463936672521656021317
0.00004317995068539862316894610043
0.00004317995068539862316894610043
0.00004317995068539862316894610043
0.00004317995068539862316894610043
0.00004317995068539862316894610043
0.00004317995068539862316894610043
0.00004317995068539862316894610043
0.00004317995068539862316894610043
0.00004317995068539862316894610043
0.00004317995068539862316894610043
0.00004317995068539862316894610043
0.00004317995068539862316894610043
0.00004317995068539862316894610043
0.00004317995068539862316894610043
0.00004317995068539862316894610043
0.00004317995068539862316894610043
0.00004345424903462368926173159351
0.00004345424903462368926173159351
0.00004345424903462368926173159351
0.00004345424903462368926173159351
0.00004345424903462368926173159351
0.00004345424903462368926173159351
0.00004345424903462368926173159351
0.00004345424903462368926173159351
0.00004345424903462368926173159351
0.00004345424903462368926173159351
0.00004345424903462368926173159351
0.00004345424903462368926173159351
0.00004345424903462368926173159351
0.00004345424903462368926173159351
0.00004345424903462368926173159351
0.00004345424903462368926173159351
0.00004336282015015873874981329930
0.00004336282015015873874981329930
0.00004336282015015873874981329930
0.00004336282015015873874981329930
0.00004336282015015873874981329930
0.00004336282015015873874981329930
0.00004336282015015873874981329930
0.00004336282015015873874981329930
0.00004336282015015873874981329930
0.00004336282015015873874981329930
0.00004336282015015873874981329930
0.00004336282015015873874981329930
0.00004336282015015873874981329930
0.00004336282015015873874981329930
0.00004336282015015873874981329930
0.00004326688675529129542293943144
0.00004326688675529129542293943144
0.00004326688675529129542293943144
0.00004326688675529129542293943144
0.00004326688675529129542293943144
0.00004326688675529129542293943144
0.00004326688675529129542293943144
0.00004326688675529129542293943144
0.00004326688675529129542293943144
0.00004326688675529129542293943144
0.00004326688675529129542293943144
0.00004326688675529129542293943144
0.00004326688675529129542293943144
0.00004326688675529129542293943144
0.00004326688675529129542293943144
0.00004326688675529129542293943144
0.00004327795685567262725240198367
0.00004327795685567262725240198367
0.00004327795685567262725240198367
0.00004327795685567262725240198367
0.00004327795685567262725240198367
0.00004327795685567262725240198367
0.00004327795685567262725240198367
0.00004327795685567262725240198367
0.00004327795685567262725240198367
0.00004327795685567262725240198367
0.00004327795685567262725240198367
0.00004327795685567262725240198367
0.00004327795685567262725240198367
0.00004327795685567262725240198367
0.00004327795685567262725240198367
0.00004327795685567262725240198367
0.00004349106388611337529666091086
0.00004349106388611337529666091086
0.00004349106388611337529666091086
0.00004349106388611337529666091086
0.00004349106388611337529666091086
0.00004349106388611337529666091086
0.00004349106388611337529666091086
0.00004349106388611337529666091086
0.00004349106388611337529666091086
0.00004349106388611337529666091086
0.00004349106388611337529666091086
0.00004349106388611337529666091086
0.00004349106388611337529666091086
0.00004349106388611337529666091086
0.00004349106388611337529666091086
0.00004334322112976745776030630371
0.00004334322112976745776030630371
0.00004334322112976745776030630371
0.00004334322112976745776030630371
0.00004334322112976745776030630371
0.00004334322112976745776030630371
0.00004334322112976745776030630371
0.00004334322112976745776030630371
0.00004334322112976745776030630371
0.00004334322112976745776030630371
0.00004334322112976745776030630371
0.00004334322112976745776030630371
0.00004334322112976745776030630371
0.00004334322112976745776030630371
0.00004334322112976745776030630371
0.00004334322112976745776030630371
0.00004367301330834747458044899174
0.00004367301330834747458044899174
0.00004367301330834747458044899174
0.00004367301330834747458044899174
0.00004367301330834747458044899174
0.00004367301330834747458044899174
0.00004367301330834747458044899174
0.00004367301330834747458044899174
0.00004367301330834747458044899174
0.00004367301330834747458044899174
0.00004367301330834747458044899174
0.00004367301330834747458044899174
0.00004367301330834747458044899174
0.00004367301330834747458044899174
0.00004367301330834747458044899174
0.00004331916700364108438972090129
0.00004331916700364108438972090129
0.00004331916700364108438972090129
0.00004331916700364108438972090129
0.00004331916700364108438972090129
0.00004331916700364108438972090129
0.00004331916700364108438972090129
0.00004331916700364108438972090129
0.00004331916700364108438972090129
0.00004331916700364108438972090129
0.00004331916700364108438972090129
0.00004331916700364108438972090129
0.00004331916700364108438972090129
0.00004331916700364108438972090129
0.00004331916700364108438972090129
0.00004331916700364108438972090129
0.00004372296907359566334989062623
0.00004372296907359566334989062623
0.00004372296907359566334989062623
0.00004372296907359566334989062623
0.00004372296907359566334989062623
0.00004372296907359566334989062623
0.00004372296907359566334989062623
0.00004372296907359566334989062623
0.00004372296907359566334989062623
0.00004372296907359566334989062623
0.00004372296907359566334989062623
0.00004372296907359566334989062623
0.00004372296907359566334989062623
0.00004372296907359566334989062623
0.00004372296907359566334989062623
0.00004372296907359566334989062623
0.00004384364574737937476096553311
0.00004384364574737937476096553311
0.00004384364574737937476096553311
0.00004384364574737937476096553311
0.00004384364574737937476096553311
0.00004384364574737937476096553311
0.00004384364574737937476096553311
0.00004384364574737937476096553311
0.00004384364574737937476096553311
0.00004384364574737937476096553311
0.00004384364574737937476096553311
0.00004384364574737937476096553311
0.00004384364574737937476096553311
0.00004384364574737937476096553311
0.00004384364574737937476096553311
0.00004390091860402020825716996471
0.00004390091860402020825716996471
0.00004390091860402020825716996471
0.00004390091860402020825716996471
0.00004390091860402020825716996471
0.00004390091860402020825716996471
0.00004390091860402020825716996471
0.00004390091860402020825716996471
0.00004390091860402020825716996471
0.00004390091860402020825716996471
0.00004390091860402020825716996471
0.00004390091860402020825716996471
0.00004390091860402020825716996471
0.00004390091860402020825716996471
0.00004390091860402020825716996471
0.00004390091860402020825716996471
0.00004390869204173877722393307113
0.00004390869204173877722393307113
0.00004390869204173877722393307113
0.00004390869204173877722393307113
0.00004390869204173877722393307113
0.00004390869204173877722393307113
0.00004390869204173877722393307113
0.00004390869204173877722393307113
0.00004390869204173877722393307113
0.00004390869204173877722393307113
0.00004390869204173877722393307113
0.00004390869204173877722393307113
0.00004390869204173877722393307113
0.00004390869204173877722393307113
0.00004390869204173877722393307113
0.00004378912871344229218390249688
0.00004378912871344229218390249688
0.00004378912871344229218390249688
0.00004378912871344229218390249688
0.00004378912871344229218390249688
0.00004378912871344229218390249688
0.00004378912871344229218390249688
0.00004378912871344229218390249688
0.00004378912871344229218390249688
0.00004378912871344229218390249688
0.00004378912871344229218390249688
0.00004378912871344229218390249688
0.00004378912871344229218390249688
0.00004378912871344229218390249688
0.00004378912871344229218390249688
0.00004378912871344229218390249688
0.00004397154452717825376929719701
0.00004397154452717825376929719701
0.00004397154452717825376929719701
0.00004397154452717825376929719701
0.00004397154452717825376929719701
0.00004397154452717825376929719701
0.00004397154452717825376929719701
0.00004397154452717825376929719701
0.00004397154452717825376929719701
0.00004397154452717825376929719701
0.00004397154452717825376929719701
0.00004397154452717825376929719701
0.00004397154452717825376929719701
0.00004397154452717825376929719701
0.00004397154452717825376929719701
0.00004397154452717825376929719701
0.00004405535827014287723203781228
0.00004405535827014287723203781228
0.00004405535827014287723203781228
0.00004405535827014287723203781228
0.00004405535827014287723203781228
0.00004405535827014287723203781228
0.00004405535827014287723203781228
0.00004405535827014287723203781228
0.00004405535827014287723203781228
0.00004405535827014287723203781228
0.00004405535827014287723203781228
0.00004405535827014287723203781228
0.00004405535827014287723203781228
0.00004405535827014287723203781228
0.00004405535827014287723203781228
0.00004433082361403537015414551038
0.00004433082361403537015414551038
0.00004433082361403537015414551038
0.00004433082361403537015414551038
0.00004433082361403537015414551038
0.00004433082361403537015414551038
0.00004433082361403537015414551038
0.00004433082361403537015414551038
0.00004433082361403537015414551038
0.00004433082361403537015414551038
0.00004433082361403537015414551038
0.00004433082361403537015414551038
0.00004433082361403537015414551038
0.00004433082361403537015414551038
0.00004433082361403537015414551038
0.00004433082361403537015414551038
0.00004429214893241673674122416314
0.00004429214893241673674122416314
0.00004429214893241673674122416314
0.00004429214893241673674122416314
0.00004429214893241673674122416314
0.00004429214893241673674122416314
0.00004429214893241673674122416314
0.00004429214893241673674122416314
0.00004429214893241673674122416314
0.00004429214893241673674122416314
0.00004429214893241673674122416314
0.00004429214893241673674122416314
0.00004429214893241673674122416314
0.00004429214893241673674122416314
0.00004429214893241673674122416314
0.00004429214893241673674122416314
0.00004433053903546831710112962935
0.00004433053903546831710112962935
0.00004433053903546831710112962935
0.00004433053903546831710112962935
0.00004433053903546831710112962935
0.00004433053903546831710112962935
0.00004433053903546831710112962935
0.00004433053903546831710112962935
0.00004433053903546831710112962935
0.00004433053903546831710112962935
0.00004433053903546831710112962935
0.00004433053903546831710112962935
0.00004433053903546831710112962935
0.00004433053903546831710112962935
0.00004433053903546831710112962935
0.00004420776197474636420385135271
0.00004420776197474636420385135271
0.00004420776197474636420385135271
0.00004420776197474636420385135271
0.00004420776197474636420385135271
0.00004420776197474636420385135271
0.00004420776197474636420385135271
0.00004420776197474636420385135271
0.00004420776197474636420385135271
0.00004420776197474636420385135271
0.00004420776197474636420385135271
0.00004420776197474636420385135271
0.00004420776197474636420385135271
0.00004420776197474636420385135271
0.00004420776197474636420385135271
0.00004420776197474636420385135271
0.00004411882540478740522962266620
0.00004411882540478740522962266620
0.00004411882540478740522962266620
0.00004411882540478740522962266620
0.00004411882540478740522962266620
0.00004411882540478740522962266620
0.00004411882540478740522962266620
0.00004411882540478740522962266620
0.00004411882540478740522962266620
0.00004411882540478740522962266620
0.00004411882540478740522962266620
0.00004411882540478740522962266620
0.00004411882540478740522962266620
0.00004411882540478740522962266620
0.00004411882540478740522962266620
0.00004411882540478740522962266620
