0.00003625013632635491143284292394
0.00003625013632635491143284292394
0.00003625013632635491143284292394
0.00003625013632635491143284292394
0.00003625013632635491143284292394
0.00003625013632635491143284292394
0.00003625013632635491143284292394
0.00003625013632635491143284292394
0.00003625013632635491143284292394
0.00003625013632635491143284292394
0.00003625013632635491143284292394
0.00003625013632635491143284292394
0.00003625013632635491143284292394
0.00003625013632635491143284292394
0.00003625013632635491143284292394
0.00004287310765608509060015108800
0.00004287310765608509060015108800
0.00004287310765608509060015108800
0.00004287310765608509060015108800
0.00004287310765608509060015108800
0.00004287310765608509060015108800
0.00004287310765608509060015108800
0.00004287310765608509060015108800
0.00004287310765608509060015108800
0.00004287310765608509060015108800
0.00004287310765608509060015108800
0.00004287310765608509060015108800
0.00004287310765608509060015108800
0.00004287310765608509060015108800
0.00004287310765608509060015108800
0.00004287310765608509060015108800
0.00004395224033566932903014401460
0.00004395224033566932903014401460
0.00004395224033566932903014401460
0.00004395224033566932903014401460
0.00004395224033566932903014401460
0.00004395224033566932903014401460
0.00004395224033566932903014401460
0.00004395224033566932903014401460
0.00004395224033566932903014401460
0.00004395224033566932903014401460
0.00004395224033566932903014401460
0.00004395224033566932903014401460
0.00004395224033566932903014401460
0.00004395224033566932903014401460
0.00004395224033566932903014401460
0.00004231384210986609165100148394
0.00004231384210986609165100148394
0.00004231384210986609165100148394
0.00004231384210986609165100148394
0.00004231384210986609165100148394
0.00004231384210986609165100148394
0.00004231384210986609165100148394
0.00004231384210986609165100148394
0.00004231384210986609165100148394
0.00004231384210986609165100148394
0.00004231384210986609165100148394
0.00004231384210986609165100148394
0.00004231384210986609165100148394
0.00004231384210986609165100148394
0.00004231384210986609165100148394
0.00004231384210986609165100148394
0.00004361712502686378168973748439
0.00004361712502686378168973748439
0.00004361712502686378168973748439
0.00004361712502686378168973748439
0.00004361712502686378168973748439
0.00004361712502686378168973748439
0.00004361712502686378168973748439
0.00004361712502686378168973748439
0.00004361712502686378168973748439
0.00004361712502686378168973748439
0.00004361712502686378168973748439
0.00004361712502686378168973748439
0.00004361712502686378168973748439
0.00004361712502686378168973748439
0.00004361712502686378168973748439
0.00004361712502686378168973748439
0.00004319895614990389206485743248
0.00004319895614990389206485743248
0.00004319895614990389206485743248
0.00004319895614990389206485743248
0.00004319895614990389206485743248
0.00004319895614990389206485743248
0.00004319895614990389206485743248
0.00004319895614990389206485743248
0.00004319895614990389206485743248
0.00004319895614990389206485743248
0.00004319895614990389206485743248
0.00004319895614990389206485743248
0.00004319895614990389206485743248
0.00004319895614990389206485743248
0.00004319895614990389206485743248
0.00004274086092495744410030211851
0.00004274086092495744410030211851
0.00004274086092495744410030211851
0.00004274086092495744410030211851
0.00004274086092495744410030211851
0.00004274086092495744410030211851
0.00004274086092495744410030211851
0.00004274086092495744410030211851
0.00004274086092495744410030211851
0.00004274086092495744410030211851
0.00004274086092495744410030211851
0.00004274086092495744410030211851
0.00004274086092495744410030211851
0.00004274086092495744410030211851
0.00004274086092495744410030211851
0.00004274086092495744410030211851
0.00004300603358953843361461276858
0.00004300603358953843361461276858
0.00004300603358953843361461276858
0.00004300603358953843361461276858
0.00004300603358953843361461276858
0.00004300603358953843361461276858
0.00004300603358953843361461276858
0.00004300603358953843361461276858
0.00004300603358953843361461276858
0.00004300603358953843361461276858
0.00004300603358953843361461276858
0.00004300603358953843361461276858
0.00004300603358953843361461276858
0.00004300603358953843361461276858
0.00004300603358953843361461276858
0.00004393519572335813345353701437
0.00004393519572335813345353701437
0.00004393519572335813345353701437
0.00004393519572335813345353701437
0.00004393519572335813345353701437
0.00004393519572335813345353701437
0.00004393519572335813345353701437
0.00004393519572335813345353701437
0.00004393519572335813345353701437
0.00004393519572335813345353701437
0.00004393519572335813345353701437
0.00004393519572335813345353701437
0.00004393519572335813345353701437
0.00004393519572335813345353701437
0.00004393519572335813345353701437
0.00004393519572335813345353701437
0.00004403642919786001705270685657
0.00004403642919786001705270685657
0.00004403642919786001705270685657
0.00004403642919786001705270685657
0.00004403642919786001705270685657
0.00004403642919786001705270685657
0.00004403642919786001705270685657
0.00004403642919786001705270685657
0.00004403642919786001705270685657
0.00004403642919786001705270685657
0.00004403642919786001705270685657
0.00004403642919786001705270685657
0.00004403642919786001705270685657
0.00004403642919786001705270685657
0.00004403642919786001705270685657
0.00004403642919786001705270685657
0.00004397489122821157672343442461
0.00004397489122821157672343442461
0.00004397489122821157672343442461
0.00004397489122821157672343442461
0.00004397489122821157672343442461
0.00004397489122821157672343442461
0.00004397489122821157672343442461
0.00004397489122821157672343442461
0.00004397489122821157672343442461
0.00004397489122821157672343442461
0.00004397489122821157672343442461
0.00004397489122821157672343442461
0.00004397489122821157672343442461
0.00004397489122821157672343442461
0.00004397489122821157672343442461
0.00004418302264154964534659526707
0.00004418302264154964534659526707
0.00004418302264154964534659526707
0.00004418302264154964534659526707
0.00004418302264154964534659526707
0.00004418302264154964534659526707
0.00004418302264154964534659526707
0.00004418302264154964534659526707
0.00004418302264154964534659526707
0.00004418302264154964534659526707
0.00004418302264154964534659526707
0.00004418302264154964534659526707
0.00004418302264154964534659526707
0.00004418302264154964534659526707
0.00004418302264154964534659526707
0.00004418302264154964534659526707
0.00004373502701627151122467171302
0.00004373502701627151122467171302
0.00004373502701627151122467171302
0.00004373502701627151122467171302
0.00004373502701627151122467171302
0.00004373502701627151122467171302
0.00004373502701627151122467171302
0.00004373502701627151122467171302
0.00004373502701627151122467171302
0.00004373502701627151122467171302
0.00004373502701627151122467171302
0.00004373502701627151122467171302
0.00004373502701627151122467171302
0.00004373502701627151122467171302
0.00004373502701627151122467171302
0.00004373502701627151122467171302
0.00004347952519870851300019728373
0.00004347952519870851300019728373
0.00004347952519870851300019728373
0.00004347952519870851300019728373
0.00004347952519870851300019728373
0.00004347952519870851300019728373
0.00004347952519870851300019728373
0.00004347952519870851300019728373
0.00004347952519870851300019728373
0.00004347952519870851300019728373
0.00004347952519870851300019728373
0.00004347952519870851300019728373
0.00004347952519870851300019728373
0.00004347952519870851300019728373
0.00004347952519870851300019728373
0.00004361704867867471028530991711
0.00004361704867867471028530991711
0.00004361704867867471028530991711
0.00004361704867867471028530991711
0.00004361704867867471028530991711
0.00004361704867867471028530991711
0.00004361704867867471028530991711
0.00004361704867867471028530991711
0.00004361704867867471028530991711
0.00004361704867867471028530991711
0.00004361704867867471028530991711
0.00004361704867867471028530991711
0.00004361704867867471028530991711
0.00004361704867867471028530991711
0.00004361704867867471028530991711
0.00004361704867867471028530991711
0.00004421281311488456038985877250
0.00004421281311488456038985877250
0.00004421281311488456038985877250
0.00004421281311488456038985877250
0.00004421281311488456038985877250
0.00004421281311488456038985877250
0.00004421281311488456038985877250
0.00004421281311488456038985877250
0.00004421281311488456038985877250
0.00004421281311488456038985877250
0.00004421281311488456038985877250
0.00004421281311488456038985877250
0.00004421281311488456038985877250
0.00004421281311488456038985877250
0.00004421281311488456038985877250
0.00004421281311488456038985877250
0.00004402790336581099437887970615
0.00004402790336581099437887970615
0.00004402790336581099437887970615
0.00004402790336581099437887970615
0.00004402790336581099437887970615
0.00004402790336581099437887970615
0.00004402790336581099437887970615
0.00004402790336581099437887970615
0.00004402790336581099437887970615
0.00004402790336581099437887970615
0.00004402790336581099437887970615
0.00004402790336581099437887970615
0.00004402790336581099437887970615
0.00004402790336581099437887970615
0.00004402790336581099437887970615
0.00004429148658712573337633712025
0.00004429148658712573337633712025
0.00004429148658712573337633712025
0.00004429148658712573337633712025
0.00004429148658712573337633712025
0.00004429148658712573337633712025
0.00004429148658712573337633712025
0.00004429148658712573337633712025
0.00004429148658712573337633712025
0.00004429148658712573337633712025
0.00004429148658712573337633712025
0.00004429148658712573337633712025
0.00004429148658712573337633712025
0.00004429148658712573337633712025
0.00004429148658712573337633712025
0.00004429148658712573337633712025
0.00004411405866742276921497267835
0.00004411405866742276921497267835
0.00004411405866742276921497267835
0.00004411405866742276921497267835
0.00004411405866742276921497267835
0.00004411405866742276921497267835
0.00004411405866742276921497267835
0.00004411405866742276921497267835
0.00004411405866742276921497267835
0.00004411405866742276921497267835
0.00004411405866742276921497267835
0.00004411405866742276921497267835
0.00004411405866742276921497267835
0.00004411405866742276921497267835
0.00004411405866742276921497267835
0.00004371307657387445792719806241
0.00004371307657387445792719806241
0.00004371307657387445792719806241
0.00004371307657387445792719806241
0.00004371307657387445792719806241
0.00004371307657387445792719806241
0.00004371307657387445792719806241
0.00004371307657387445792719806241
0.00004371307657387445792719806241
0.00004371307657387445792719806241
0.00004371307657387445792719806241
0.00004371307657387445792719806241
0.00004371307657387445792719806241
0.00004371307657387445792719806241
0.00004371307657387445792719806241
0.00004371307657387445792719806241
0.00004371607045205175226765126407
0.00004371607045205175226765126407
0.00004371607045205175226765126407
0.00004371607045205175226765126407
0.00004371607045205175226765126407
0.00004371607045205175226765126407
0.00004371607045205175226765126407
0.00004371607045205175226765126407
0.00004371607045205175226765126407
0.00004371607045205175226765126407
0.00004371607045205175226765126407
0.00004371607045205175226765126407
0.00004371607045205175226765126407
0.00004371607045205175226765126407
0.00004371607045205175226765126407
0.00004371607045205175226765126407
0.00004384717268393722285009511682
0.00004384717268393722285009511682
0.00004384717268393722285009511682
0.00004384717268393722285009511682
0.00004384717268393722285009511682
0.00004384717268393722285009511682
0.00004384717268393722285009511682
0.00004384717268393722285009511682
0.00004384717268393722285009511682
0.00004384717268393722285009511682
0.00004384717268393722285009511682
0.00004384717268393722285009511682
0.00004384717268393722285009511682
0.00004384717268393722285009511682
0.00004384717268393722285009511682
0.00004377303649259374815647761026
0.00004377303649259374815647761026
0.00004377303649259374815647761026
0.00004377303649259374815647761026
0.00004377303649259374815647761026
0.00004377303649259374815647761026
0.00004377303649259374815647761026
0.00004377303649259374815647761026
0.00004377303649259374815647761026
0.00004377303649259374815647761026
0.00004377303649259374815647761026
0.00004377303649259374815647761026
0.00004377303649259374815647761026
0.00004377303649259374815647761026
0.00004377303649259374815647761026
0.00004377303649259374815647761026
0.00004363604002758937954024959723
0.00004363604002758937954024959723
0.00004363604002758937954024959723
0.00004363604002758937954024959723
0.00004363604002758937954024959723
0.00004363604002758937954024959723
0.00004363604002758937954024959723
0.00004363604002758937954024959723
0.00004363604002758937954024959723
0.00004363604002758937954024959723
0.00004363604002758937954024959723
0.00004363604002758937954024959723
0.00004363604002758937954024959723
0.00004363604002758937954024959723
0.00004363604002758937954024959723
0.00004362092986586539718367605551
0.00004362092986586539718367605551
0.00004362092986586539718367605551
0.00004362092986586539718367605551
0.00004362092986586539718367605551
0.00004362092986586539718367605551
0.00004362092986586539718367605551
0.00004362092986586539718367605551
0.00004362092986586539718367605551
0.00004362092986586539718367605551
0.00004362092986586539718367605551
0.00004362092986586539718367605551
0.00004362092986586539718367605551
0.00004362092986586539718367605551
0.00004362092986586539718367605551
0.00004362092986586539718367605551
0.00004396375864512185900352154622
0.00004396375864512185900352154622
0.00004396375864512185900352154622
0.00004396375864512185900352154622
0.00004396375864512185900352154622
0.00004396375864512185900352154622
0.00004396375864512185900352154622
0.00004396375864512185900352154622
0.00004396375864512185900352154622
0.00004396375864512185900352154622
0.00004396375864512185900352154622
0.00004396375864512185900352154622
0.00004396375864512185900352154622
0.00004396375864512185900352154622
0.00004396375864512185900352154622
0.00004396375864512185900352154622
0.00004389032165390005632199906157
0.00004389032165390005632199906157
0.00004389032165390005632199906157
0.00004389032165390005632199906157
0.00004389032165390005632199906157
0.00004389032165390005632199906157
0.00004389032165390005632199906157
0.00004389032165390005632199906157
0.00004389032165390005632199906157
0.00004389032165390005632199906157
0.00004389032165390005632199906157
0.00004389032165390005632199906157
0.00004389032165390005632199906157
0.00004389032165390005632199906157
0.00004389032165390005632199906157
0.00004400662752302916265189837886
0.00004400662752302916265189837886
0.00004400662752302916265189837886
0.00004400662752302916265189837886
0.00004400662752302916265189837886
0.00004400662752302916265189837886
0.00004400662752302916265189837886
0.00004400662752302916265189837886
0.00004400662752302916265189837886
0.00004400662752302916265189837886
0.00004400662752302916265189837886
0.00004400662752302916265189837886
0.00004400662752302916265189837886
0.00004400662752302916265189837886
0.00004400662752302916265189837886
0.00004400662752302916265189837886
0.00004401581262921039837806131110
0.00004401581262921039837806131110
0.00004401581262921039837806131110
0.00004401581262921039837806131110
0.00004401581262921039837806131110
0.00004401581262921039837806131110
0.00004401581262921039837806131110
0.00004401581262921039837806131110
0.00004401581262921039837806131110
0.00004401581262921039837806131110
0.00004401581262921039837806131110
0.00004401581262921039837806131110
0.00004401581262921039837806131110
0.00004401581262921039837806131110
0.00004401581262921039837806131110
0.00004401581262921039837806131110
0.00004415859007819310857757049847
0.00004415859007819310857757049847
0.00004415859007819310857757049847
0.00004415859007819310857757049847
0.00004415859007819310857757049847
0.00004415859007819310857757049847
0.00004415859007819310857757049847
0.00004415859007819310857757049847
0.00004415859007819310857757049847
0.00004415859007819310857757049847
0.00004415859007819310857757049847
0.00004415859007819310857757049847
0.00004415859007819310857757049847
0.00004415859007819310857757049847
0.00004415859007819310857757049847
0.00004419809353206282740678701313
0.00004419809353206282740678701313
0.00004419809353206282740678701313
0.00004419809353206282740678701313
0.00004419809353206282740678701313
0.00004419809353206282740678701313
0.00004419809353206282740678701313
0.00004419809353206282740678701313
0.00004419809353206282740678701313
0.00004419809353206282740678701313
0.00004419809353206282740678701313
0.00004419809353206282740678701313
0.00004419809353206282740678701313
0.00004419809353206282740678701313
0.00004419809353206282740678701313
0.00004419809353206282740678701313
0.00004439230952554566849991075764
0.00004439230952554566849991075764
0.00004439230952554566849991075764
0.00004439230952554566849991075764
0.00004439230952554566849991075764
0.00004439230952554566849991075764
0.00004439230952554566849991075764
0.00004439230952554566849991075764
0.00004439230952554566849991075764
0.00004439230952554566849991075764
0.00004439230952554566849991075764
0.00004439230952554566849991075764
0.00004439230952554566849991075764
0.00004439230952554566849991075764
0.00004439230952554566849991075764
0.00004439230952554566849991075764
