0.2455841124974249358497620655
0.2455841124974249358497620655
0.2455841124974249358497620655
0.2455841124974249358497620655
0.2455841124974249358497620655
0.2455841124974249358497620655
0.2455841124974249358497620655
0.2455841124974249358497620655
0.2455841124974249358497620655
0.2455841124974249358497620655
0.2455841124974249358497620655
0.2455841124974249358497620655
0.2455841124974249358497620655
0.2455841124974249358497620655
0.2455841124974249358497620655
0.2512964697595797096501214631
0.2512964697595797096501214631
0.2512964697595797096501214631
0.2512964697595797096501214631
0.2512964697595797096501214631
0.2512964697595797096501214631
0.2512964697595797096501214631
0.2512964697595797096501214631
0.2512964697595797096501214631
0.2512964697595797096501214631
0.2512964697595797096501214631
0.2512964697595797096501214631
0.2512964697595797096501214631
0.2512964697595797096501214631
0.2512964697595797096501214631
0.2512964697595797096501214631
0.2526842338772574732064693107
0.2526842338772574732064693107
0.2526842338772574732064693107
0.2526842338772574732064693107
0.2526842338772574732064693107
0.2526842338772574732064693107
0.2526842338772574732064693107
0.2526842338772574732064693107
0.2526842338772574732064693107
0.2526842338772574732064693107
0.2526842338772574732064693107
0.2526842338772574732064693107
0.2526842338772574732064693107
0.2526842338772574732064693107
0.2526842338772574732064693107
0.2518184763242390623683540280
0.2518184763242390623683540280
0.2518184763242390623683540280
0.2518184763242390623683540280
0.2518184763242390623683540280
0.2518184763242390623683540280
0.2518184763242390623683540280
0.2518184763242390623683540280
0.2518184763242390623683540280
0.2518184763242390623683540280
0.2518184763242390623683540280
0.2518184763242390623683540280
0.2518184763242390623683540280
0.2518184763242390623683540280
0.2518184763242390623683540280
0.2518184763242390623683540280
0.2521604313648365310638182526
0.2521604313648365310638182526
0.2521604313648365310638182526
0.2521604313648365310638182526
0.2521604313648365310638182526
0.2521604313648365310638182526
0.2521604313648365310638182526
0.2521604313648365310638182526
0.2521604313648365310638182526
0.2521604313648365310638182526
0.2521604313648365310638182526
0.2521604313648365310638182526
0.2521604313648365310638182526
0.2521604313648365310638182526
0.2521604313648365310638182526
0.2521604313648365310638182526
0.2505652819898236404289683992
0.2505652819898236404289683992
0.2505652819898236404289683992
0.2505652819898236404289683992
0.2505652819898236404289683992
0.2505652819898236404289683992
0.2505652819898236404289683992
0.2505652819898236404289683992
0.2505652819898236404289683992
0.2505652819898236404289683992
0.2505652819898236404289683992
0.2505652819898236404289683992
0.2505652819898236404289683992
0.2505652819898236404289683992
0.2505652819898236404289683992
0.2491594972855519843375571399
0.2491594972855519843375571399
0.2491594972855519843375571399
0.2491594972855519843375571399
0.2491594972855519843375571399
0.2491594972855519843375571399
0.2491594972855519843375571399
0.2491594972855519843375571399
0.2491594972855519843375571399
0.2491594972855519843375571399
0.2491594972855519843375571399
0.2491594972855519843375571399
0.2491594972855519843375571399
0.2491594972855519843375571399
0.2491594972855519843375571399
0.2491594972855519843375571399
0.2503686362102075130655611609
0.2503686362102075130655611609
0.2503686362102075130655611609
0.2503686362102075130655611609
0.2503686362102075130655611609
0.2503686362102075130655611609
0.2503686362102075130655611609
0.2503686362102075130655611609
0.2503686362102075130655611609
0.2503686362102075130655611609
0.2503686362102075130655611609
0.2503686362102075130655611609
0.2503686362102075130655611609
0.2503686362102075130655611609
0.2503686362102075130655611609
0.2503205280610793299648131242
0.2503205280610793299648131242
0.2503205280610793299648131242
0.2503205280610793299648131242
0.2503205280610793299648131242
0.2503205280610793299648131242
0.2503205280610793299648131242
0.2503205280610793299648131242
0.2503205280610793299648131242
0.2503205280610793299648131242
0.2503205280610793299648131242
0.2503205280610793299648131242
0.2503205280610793299648131242
0.2503205280610793299648131242
0.2503205280610793299648131242
0.2503205280610793299648131242
0.2510201420870333959544715618
0.2510201420870333959544715618
0.2510201420870333959544715618
0.2510201420870333959544715618
0.2510201420870333959544715618
0.2510201420870333959544715618
0.2510201420870333959544715618
0.2510201420870333959544715618
0.2510201420870333959544715618
0.2510201420870333959544715618
0.2510201420870333959544715618
0.2510201420870333959544715618
0.2510201420870333959544715618
0.2510201420870333959544715618
0.2510201420870333959544715618
0.2510201420870333959544715618
0.2503909469239066934008621889
0.2503909469239066934008621889
0.2503909469239066934008621889
0.2503909469239066934008621889
0.2503909469239066934008621889
0.2503909469239066934008621889
0.2503909469239066934008621889
0.2503909469239066934008621889
0.2503909469239066934008621889
0.2503909469239066934008621889
0.2503909469239066934008621889
0.2503909469239066934008621889
0.2503909469239066934008621889
0.2503909469239066934008621889
0.2503909469239066934008621889
0.2503952616347965856569212973
0.2503952616347965856569212973
0.2503952616347965856569212973
0.2503952616347965856569212973
0.2503952616347965856569212973
0.2503952616347965856569212973
0.2503952616347965856569212973
0.2503952616347965856569212973
0.2503952616347965856569212973
0.2503952616347965856569212973
0.2503952616347965856569212973
0.2503952616347965856569212973
0.2503952616347965856569212973
0.2503952616347965856569212973
0.2503952616347965856569212973
0.2503952616347965856569212973
0.2508307138678802663695736478
0.2508307138678802663695736478
0.2508307138678802663695736478
0.2508307138678802663695736478
0.2508307138678802663695736478
0.2508307138678802663695736478
0.2508307138678802663695736478
0.2508307138678802663695736478
0.2508307138678802663695736478
0.2508307138678802663695736478
0.2508307138678802663695736478
0.2508307138678802663695736478
0.2508307138678802663695736478
0.2508307138678802663695736478
0.2508307138678802663695736478
0.2508307138678802663695736478
0.2509519706803381769769211911
0.2509519706803381769769211911
0.2509519706803381769769211911
0.2509519706803381769769211911
0.2509519706803381769769211911
0.2509519706803381769769211911
0.2509519706803381769769211911
0.2509519706803381769769211911
0.2509519706803381769769211911
0.2509519706803381769769211911
0.2509519706803381769769211911
0.2509519706803381769769211911
0.2509519706803381769769211911
0.2509519706803381769769211911
0.2509519706803381769769211911
0.2502824683168946170336324757
0.2502824683168946170336324757
0.2502824683168946170336324757
0.2502824683168946170336324757
0.2502824683168946170336324757
0.2502824683168946170336324757
0.2502824683168946170336324757
0.2502824683168946170336324757
0.2502824683168946170336324757
0.2502824683168946170336324757
0.2502824683168946170336324757
0.2502824683168946170336324757
0.2502824683168946170336324757
0.2502824683168946170336324757
0.2502824683168946170336324757
0.2502824683168946170336324757
0.2502302188701882180311718075
0.2502302188701882180311718075
0.2502302188701882180311718075
0.2502302188701882180311718075
0.2502302188701882180311718075
0.2502302188701882180311718075
0.2502302188701882180311718075
0.2502302188701882180311718075
0.2502302188701882180311718075
0.2502302188701882180311718075
0.2502302188701882180311718075
0.2502302188701882180311718075
0.2502302188701882180311718075
0.2502302188701882180311718075
0.2502302188701882180311718075
0.2502302188701882180311718075
0.2492385177283875067471506660
0.2492385177283875067471506660
0.2492385177283875067471506660
0.2492385177283875067471506660
0.2492385177283875067471506660
0.2492385177283875067471506660
0.2492385177283875067471506660
0.2492385177283875067471506660
0.2492385177283875067471506660
0.2492385177283875067471506660
0.2492385177283875067471506660
0.2492385177283875067471506660
0.2492385177283875067471506660
0.2492385177283875067471506660
0.2492385177283875067471506660
0.2491247414223842152340289360
0.2491247414223842152340289360
0.2491247414223842152340289360
0.2491247414223842152340289360
0.2491247414223842152340289360
0.2491247414223842152340289360
0.2491247414223842152340289360
0.2491247414223842152340289360
0.2491247414223842152340289360
0.2491247414223842152340289360
0.2491247414223842152340289360
0.2491247414223842152340289360
0.2491247414223842152340289360
0.2491247414223842152340289360
0.2491247414223842152340289360
0.2491247414223842152340289360
0.2495635920297564871134675995
0.2495635920297564871134675995
0.2495635920297564871134675995
0.2495635920297564871134675995
0.2495635920297564871134675995
0.2495635920297564871134675995
0.2495635920297564871134675995
0.2495635920297564871134675995
0.2495635920297564871134675995
0.2495635920297564871134675995
0.2495635920297564871134675995
0.2495635920297564871134675995
0.2495635920297564871134675995
0.2495635920297564871134675995
0.2495635920297564871134675995
0.2498679425129520744407348948
0.2498679425129520744407348948
0.2498679425129520744407348948
0.2498679425129520744407348948
0.2498679425129520744407348948
0.2498679425129520744407348948
0.2498679425129520744407348948
0.2498679425129520744407348948
0.2498679425129520744407348948
0.2498679425129520744407348948
0.2498679425129520744407348948
0.2498679425129520744407348948
0.2498679425129520744407348948
0.2498679425129520744407348948
0.2498679425129520744407348948
0.2498679425129520744407348948
0.2495577964732240711308211221
0.2495577964732240711308211221
0.2495577964732240711308211221
0.2495577964732240711308211221
0.2495577964732240711308211221
0.2495577964732240711308211221
0.2495577964732240711308211221
0.2495577964732240711308211221
0.2495577964732240711308211221
0.2495577964732240711308211221
0.2495577964732240711308211221
0.2495577964732240711308211221
0.2495577964732240711308211221
0.2495577964732240711308211221
0.2495577964732240711308211221
0.2495577964732240711308211221
0.2495122927083924041917568223
0.2495122927083924041917568223
0.2495122927083924041917568223
0.2495122927083924041917568223
0.2495122927083924041917568223
0.2495122927083924041917568223
0.2495122927083924041917568223
0.2495122927083924041917568223
0.2495122927083924041917568223
0.2495122927083924041917568223
0.2495122927083924041917568223
0.2495122927083924041917568223
0.2495122927083924041917568223
0.2495122927083924041917568223
0.2495122927083924041917568223
0.2497190841610629715226507308
0.2497190841610629715226507308
0.2497190841610629715226507308
0.2497190841610629715226507308
0.2497190841610629715226507308
0.2497190841610629715226507308
0.2497190841610629715226507308
0.2497190841610629715226507308
0.2497190841610629715226507308
0.2497190841610629715226507308
0.2497190841610629715226507308
0.2497190841610629715226507308
0.2497190841610629715226507308
0.2497190841610629715226507308
0.2497190841610629715226507308
0.2497190841610629715226507308
0.2495877545125725145351186151
0.2495877545125725145351186151
0.2495877545125725145351186151
0.2495877545125725145351186151
0.2495877545125725145351186151
0.2495877545125725145351186151
0.2495877545125725145351186151
0.2495877545125725145351186151
0.2495877545125725145351186151
0.2495877545125725145351186151
0.2495877545125725145351186151
0.2495877545125725145351186151
0.2495877545125725145351186151
0.2495877545125725145351186151
0.2495877545125725145351186151
0.2500115817126580292079008671
0.2500115817126580292079008671
0.2500115817126580292079008671
0.2500115817126580292079008671
0.2500115817126580292079008671
0.2500115817126580292079008671
0.2500115817126580292079008671
0.2500115817126580292079008671
0.2500115817126580292079008671
0.2500115817126580292079008671
0.2500115817126580292079008671
0.2500115817126580292079008671
0.2500115817126580292079008671
0.2500115817126580292079008671
0.2500115817126580292079008671
0.2500115817126580292079008671
0.2501029426557960120667739259
0.2501029426557960120667739259
0.2501029426557960120667739259
0.2501029426557960120667739259
0.2501029426557960120667739259
0.2501029426557960120667739259
0.2501029426557960120667739259
0.2501029426557960120667739259
0.2501029426557960120667739259
0.2501029426557960120667739259
0.2501029426557960120667739259
0.2501029426557960120667739259
0.2501029426557960120667739259
0.2501029426557960120667739259
0.2501029426557960120667739259
0.2501029426557960120667739259
0.2498993351488531212475523548
0.2498993351488531212475523548
0.2498993351488531212475523548
0.2498993351488531212475523548
0.2498993351488531212475523548
0.2498993351488531212475523548
0.2498993351488531212475523548
0.2498993351488531212475523548
0.2498993351488531212475523548
0.2498993351488531212475523548
0.2498993351488531212475523548
0.2498993351488531212475523548
0.2498993351488531212475523548
0.2498993351488531212475523548
0.2498993351488531212475523548
0.2502109861887240281255989279
0.2502109861887240281255989279
0.2502109861887240281255989279
0.2502109861887240281255989279
0.2502109861887240281255989279
0.2502109861887240281255989279
0.2502109861887240281255989279
0.2502109861887240281255989279
0.2502109861887240281255989279
0.2502109861887240281255989279
0.2502109861887240281255989279
0.2502109861887240281255989279
0.2502109861887240281255989279
0.2502109861887240281255989279
0.2502109861887240281255989279
0.2502109861887240281255989279
0.2499707422692558853280157610
0.2499707422692558853280157610
0.2499707422692558853280157610
0.2499707422692558853280157610
0.2499707422692558853280157610
0.2499707422692558853280157610
0.2499707422692558853280157610
0.2499707422692558853280157610
0.2499707422692558853280157610
0.2499707422692558853280157610
0.2499707422692558853280157610
0.2499707422692558853280157610
0.2499707422692558853280157610
0.2499707422692558853280157610
0.2499707422692558853280157610
0.2499707422692558853280157610
0.2499169422460944107807687123
0.2499169422460944107807687123
0.2499169422460944107807687123
0.2499169422460944107807687123
0.2499169422460944107807687123
0.2499169422460944107807687123
0.2499169422460944107807687123
0.2499169422460944107807687123
0.2499169422460944107807687123
0.2499169422460944107807687123
0.2499169422460944107807687123
0.2499169422460944107807687123
0.2499169422460944107807687123
0.2499169422460944107807687123
0.2499169422460944107807687123
0.2499132562406743299250522279
0.2499132562406743299250522279
0.2499132562406743299250522279
0.2499132562406743299250522279
0.2499132562406743299250522279
0.2499132562406743299250522279
0.2499132562406743299250522279
0.2499132562406743299250522279
0.2499132562406743299250522279
0.2499132562406743299250522279
0.2499132562406743299250522279
0.2499132562406743299250522279
0.2499132562406743299250522279
0.2499132562406743299250522279
0.2499132562406743299250522279
0.2499132562406743299250522279
0.2494929429187909703210160996
0.2494929429187909703210160996
0.2494929429187909703210160996
0.2494929429187909703210160996
0.2494929429187909703210160996
0.2494929429187909703210160996
0.2494929429187909703210160996
0.2494929429187909703210160996
0.2494929429187909703210160996
0.2494929429187909703210160996
0.2494929429187909703210160996
0.2494929429187909703210160996
0.2494929429187909703210160996
0.2494929429187909703210160996
0.2494929429187909703210160996
0.2494929429187909703210160996
