0.2580182516744754719266896229
0.2580182516744754719266896229
0.2580182516744754719266896229
0.2580182516744754719266896229
0.2580182516744754719266896229
0.2580182516744754719266896229
0.2580182516744754719266896229
0.2580182516744754719266896229
0.2580182516744754719266896229
0.2580182516744754719266896229
0.2580182516744754719266896229
0.2580182516744754719266896229
0.2580182516744754719266896229
0.2580182516744754719266896229
0.2580182516744754719266896229
0.2524219212436451589889498800
0.2524219212436451589889498800
0.2524219212436451589889498800
0.2524219212436451589889498800
0.2524219212436451589889498800
0.2524219212436451589889498800
0.2524219212436451589889498800
0.2524219212436451589889498800
0.2524219212436451589889498800
0.2524219212436451589889498800
0.2524219212436451589889498800
0.2524219212436451589889498800
0.2524219212436451589889498800
0.2524219212436451589889498800
0.2524219212436451589889498800
0.2524219212436451589889498800
0.2509488297845933595348627760
0.2509488297845933595348627760
0.2509488297845933595348627760
0.2509488297845933595348627760
0.2509488297845933595348627760
0.2509488297845933595348627760
0.2509488297845933595348627760
0.2509488297845933595348627760
0.2509488297845933595348627760
0.2509488297845933595348627760
0.2509488297845933595348627760
0.2509488297845933595348627760
0.2509488297845933595348627760
0.2509488297845933595348627760
0.2509488297845933595348627760
0.2521329196480229080274825884
0.2521329196480229080274825884
0.2521329196480229080274825884
0.2521329196480229080274825884
0.2521329196480229080274825884
0.2521329196480229080274825884
0.2521329196480229080274825884
0.2521329196480229080274825884
0.2521329196480229080274825884
0.2521329196480229080274825884
0.2521329196480229080274825884
0.2521329196480229080274825884
0.2521329196480229080274825884
0.2521329196480229080274825884
0.2521329196480229080274825884
0.2521329196480229080274825884
0.2515591006495143156502245070
0.2515591006495143156502245070
0.2515591006495143156502245070
0.2515591006495143156502245070
0.2515591006495143156502245070
0.2515591006495143156502245070
0.2515591006495143156502245070
0.2515591006495143156502245070
0.2515591006495143156502245070
0.2515591006495143156502245070
0.2515591006495143156502245070
0.2515591006495143156502245070
0.2515591006495143156502245070
0.2515591006495143156502245070
0.2515591006495143156502245070
0.2515591006495143156502245070
0.2543806207505173740507272045
0.2543806207505173740507272045
0.2543806207505173740507272045
0.2543806207505173740507272045
0.2543806207505173740507272045
0.2543806207505173740507272045
0.2543806207505173740507272045
0.2543806207505173740507272045
0.2543806207505173740507272045
0.2543806207505173740507272045
0.2543806207505173740507272045
0.2543806207505173740507272045
0.2543806207505173740507272045
0.2543806207505173740507272045
0.2543806207505173740507272045
0.2544621475349680735842676905
0.2544621475349680735842676905
0.2544621475349680735842676905
0.2544621475349680735842676905
0.2544621475349680735842676905
0.2544621475349680735842676905
0.2544621475349680735842676905
0.2544621475349680735842676905
0.2544621475349680735842676905
0.2544621475349680735842676905
0.2544621475349680735842676905
0.2544621475349680735842676905
0.2544621475349680735842676905
0.2544621475349680735842676905
0.2544621475349680735842676905
0.2544621475349680735842676905
0.2531185628419865134394787560
0.2531185628419865134394787560
0.2531185628419865134394787560
0.2531185628419865134394787560
0.2531185628419865134394787560
0.2531185628419865134394787560
0.2531185628419865134394787560
0.2531185628419865134394787560
0.2531185628419865134394787560
0.2531185628419865134394787560
0.2531185628419865134394787560
0.2531185628419865134394787560
0.2531185628419865134394787560
0.2531185628419865134394787560
0.2531185628419865134394787560
0.2527823123051624100486649911
0.2527823123051624100486649911
0.2527823123051624100486649911
0.2527823123051624100486649911
0.2527823123051624100486649911
0.2527823123051624100486649911
0.2527823123051624100486649911
0.2527823123051624100486649911
0.2527823123051624100486649911
0.2527823123051624100486649911
0.2527823123051624100486649911
0.2527823123051624100486649911
0.2527823123051624100486649911
0.2527823123051624100486649911
0.2527823123051624100486649911
0.2527823123051624100486649911
0.2524619353792775181910418455
0.2524619353792775181910418455
0.2524619353792775181910418455
0.2524619353792775181910418455
0.2524619353792775181910418455
0.2524619353792775181910418455
0.2524619353792775181910418455
0.2524619353792775181910418455
0.2524619353792775181910418455
0.2524619353792775181910418455
0.2524619353792775181910418455
0.2524619353792775181910418455
0.2524619353792775181910418455
0.2524619353792775181910418455
0.2524619353792775181910418455
0.2524619353792775181910418455
0.2511778520504366939629201630
0.2511778520504366939629201630
0.2511778520504366939629201630
0.2511778520504366939629201630
0.2511778520504366939629201630
0.2511778520504366939629201630
0.2511778520504366939629201630
0.2511778520504366939629201630
0.2511778520504366939629201630
0.2511778520504366939629201630
0.2511778520504366939629201630
0.2511778520504366939629201630
0.2511778520504366939629201630
0.2511778520504366939629201630
0.2511778520504366939629201630
0.2515073952328427723721802575
0.2515073952328427723721802575
0.2515073952328427723721802575
0.2515073952328427723721802575
0.2515073952328427723721802575
0.2515073952328427723721802575
0.2515073952328427723721802575
0.2515073952328427723721802575
0.2515073952328427723721802575
0.2515073952328427723721802575
0.2515073952328427723721802575
0.2515073952328427723721802575
0.2515073952328427723721802575
0.2515073952328427723721802575
0.2515073952328427723721802575
0.2515073952328427723721802575
0.2513689635885664770296150165
0.2513689635885664770296150165
0.2513689635885664770296150165
0.2513689635885664770296150165
0.2513689635885664770296150165
0.2513689635885664770296150165
0.2513689635885664770296150165
0.2513689635885664770296150165
0.2513689635885664770296150165
0.2513689635885664770296150165
0.2513689635885664770296150165
0.2513689635885664770296150165
0.2513689635885664770296150165
0.2513689635885664770296150165
0.2513689635885664770296150165
0.2513689635885664770296150165
0.2505156536056941382974023564
0.2505156536056941382974023564
0.2505156536056941382974023564
0.2505156536056941382974023564
0.2505156536056941382974023564
0.2505156536056941382974023564
0.2505156536056941382974023564
0.2505156536056941382974023564
0.2505156536056941382974023564
0.2505156536056941382974023564
0.2505156536056941382974023564
0.2505156536056941382974023564
0.2505156536056941382974023564
0.2505156536056941382974023564
0.2505156536056941382974023564
0.2506512978940907514442487650
0.2506512978940907514442487650
0.2506512978940907514442487650
0.2506512978940907514442487650
0.2506512978940907514442487650
0.2506512978940907514442487650
0.2506512978940907514442487650
0.2506512978940907514442487650
0.2506512978940907514442487650
0.2506512978940907514442487650
0.2506512978940907514442487650
0.2506512978940907514442487650
0.2506512978940907514442487650
0.2506512978940907514442487650
0.2506512978940907514442487650
0.2506512978940907514442487650
0.2516397945380550926122166715
0.2516397945380550926122166715
0.2516397945380550926122166715
0.2516397945380550926122166715
0.2516397945380550926122166715
0.2516397945380550926122166715
0.2516397945380550926122166715
0.2516397945380550926122166715
0.2516397945380550926122166715
0.2516397945380550926122166715
0.2516397945380550926122166715
0.2516397945380550926122166715
0.2516397945380550926122166715
0.2516397945380550926122166715
0.2516397945380550926122166715
0.2516397945380550926122166715
0.2518493143890007583019608043
0.2518493143890007583019608043
0.2518493143890007583019608043
0.2518493143890007583019608043
0.2518493143890007583019608043
0.2518493143890007583019608043
0.2518493143890007583019608043
0.2518493143890007583019608043
0.2518493143890007583019608043
0.2518493143890007583019608043
0.2518493143890007583019608043
0.2518493143890007583019608043
0.2518493143890007583019608043
0.2518493143890007583019608043
0.2518493143890007583019608043
0.2519784887612746429706242876
0.2519784887612746429706242876
0.2519784887612746429706242876
0.2519784887612746429706242876
0.2519784887612746429706242876
0.2519784887612746429706242876
0.2519784887612746429706242876
0.2519784887612746429706242876
0.2519784887612746429706242876
0.2519784887612746429706242876
0.2519784887612746429706242876
0.2519784887612746429706242876
0.2519784887612746429706242876
0.2519784887612746429706242876
0.2519784887612746429706242876
0.2519784887612746429706242876
0.2523437171293075830752095747
0.2523437171293075830752095747
0.2523437171293075830752095747
0.2523437171293075830752095747
0.2523437171293075830752095747
0.2523437171293075830752095747
0.2523437171293075830752095747
0.2523437171293075830752095747
0.2523437171293075830752095747
0.2523437171293075830752095747
0.2523437171293075830752095747
0.2523437171293075830752095747
0.2523437171293075830752095747
0.2523437171293075830752095747
0.2523437171293075830752095747
0.2523207673072537493673875532
0.2523207673072537493673875532
0.2523207673072537493673875532
0.2523207673072537493673875532
0.2523207673072537493673875532
0.2523207673072537493673875532
0.2523207673072537493673875532
0.2523207673072537493673875532
0.2523207673072537493673875532
0.2523207673072537493673875532
0.2523207673072537493673875532
0.2523207673072537493673875532
0.2523207673072537493673875532
0.2523207673072537493673875532
0.2523207673072537493673875532
0.2523207673072537493673875532
0.2522236161486203725230855042
0.2522236161486203725230855042
0.2522236161486203725230855042
0.2522236161486203725230855042
0.2522236161486203725230855042
0.2522236161486203725230855042
0.2522236161486203725230855042
0.2522236161486203725230855042
0.2522236161486203725230855042
0.2522236161486203725230855042
0.2522236161486203725230855042
0.2522236161486203725230855042
0.2522236161486203725230855042
0.2522236161486203725230855042
0.2522236161486203725230855042
0.2522236161486203725230855042
0.2522828298516444306436448649
0.2522828298516444306436448649
0.2522828298516444306436448649
0.2522828298516444306436448649
0.2522828298516444306436448649
0.2522828298516444306436448649
0.2522828298516444306436448649
0.2522828298516444306436448649
0.2522828298516444306436448649
0.2522828298516444306436448649
0.2522828298516444306436448649
0.2522828298516444306436448649
0.2522828298516444306436448649
0.2522828298516444306436448649
0.2522828298516444306436448649
0.2515307980904821520886168428
0.2515307980904821520886168428
0.2515307980904821520886168428
0.2515307980904821520886168428
0.2515307980904821520886168428
0.2515307980904821520886168428
0.2515307980904821520886168428
0.2515307980904821520886168428
0.2515307980904821520886168428
0.2515307980904821520886168428
0.2515307980904821520886168428
0.2515307980904821520886168428
0.2515307980904821520886168428
0.2515307980904821520886168428
0.2515307980904821520886168428
0.2515307980904821520886168428
0.2509798113824734808260917736
0.2509798113824734808260917736
0.2509798113824734808260917736
0.2509798113824734808260917736
0.2509798113824734808260917736
0.2509798113824734808260917736
0.2509798113824734808260917736
0.2509798113824734808260917736
0.2509798113824734808260917736
0.2509798113824734808260917736
0.2509798113824734808260917736
0.2509798113824734808260917736
0.2509798113824734808260917736
0.2509798113824734808260917736
0.2509798113824734808260917736
0.2511044511866201677358616037
0.2511044511866201677358616037
0.2511044511866201677358616037
0.2511044511866201677358616037
0.2511044511866201677358616037
0.2511044511866201677358616037
0.2511044511866201677358616037
0.2511044511866201677358616037
0.2511044511866201677358616037
0.2511044511866201677358616037
0.2511044511866201677358616037
0.2511044511866201677358616037
0.2511044511866201677358616037
0.2511044511866201677358616037
0.2511044511866201677358616037
0.2511044511866201677358616037
0.2504272147846263261573293003
0.2504272147846263261573293003
0.2504272147846263261573293003
0.2504272147846263261573293003
0.2504272147846263261573293003
0.2504272147846263261573293003
0.2504272147846263261573293003
0.2504272147846263261573293003
0.2504272147846263261573293003
0.2504272147846263261573293003
0.2504272147846263261573293003
0.2504272147846263261573293003
0.2504272147846263261573293003
0.2504272147846263261573293003
0.2504272147846263261573293003
0.2504272147846263261573293003
0.2502078834472874057831346327
0.2502078834472874057831346327
0.2502078834472874057831346327
0.2502078834472874057831346327
0.2502078834472874057831346327
0.2502078834472874057831346327
0.2502078834472874057831346327
0.2502078834472874057831346327
0.2502078834472874057831346327
0.2502078834472874057831346327
0.2502078834472874057831346327
0.2502078834472874057831346327
0.2502078834472874057831346327
0.2502078834472874057831346327
0.2502078834472874057831346327
0.2502833247351543108653259560
0.2502833247351543108653259560
0.2502833247351543108653259560
0.2502833247351543108653259560
0.2502833247351543108653259560
0.2502833247351543108653259560
0.2502833247351543108653259560
0.2502833247351543108653259560
0.2502833247351543108653259560
0.2502833247351543108653259560
0.2502833247351543108653259560
0.2502833247351543108653259560
0.2502833247351543108653259560
0.2502833247351543108653259560
0.2502833247351543108653259560
0.2502833247351543108653259560
0.2500443789624349012529039669
0.2500443789624349012529039669
0.2500443789624349012529039669
0.2500443789624349012529039669
0.2500443789624349012529039669
0.2500443789624349012529039669
0.2500443789624349012529039669
0.2500443789624349012529039669
0.2500443789624349012529039669
0.2500443789624349012529039669
0.2500443789624349012529039669
0.2500443789624349012529039669
0.2500443789624349012529039669
0.2500443789624349012529039669
0.2500443789624349012529039669
0.2500443789624349012529039669
0.2497815547762120224556123407
0.2497815547762120224556123407
0.2497815547762120224556123407
0.2497815547762120224556123407
0.2497815547762120224556123407
0.2497815547762120224556123407
0.2497815547762120224556123407
0.2497815547762120224556123407
0.2497815547762120224556123407
0.2497815547762120224556123407
0.2497815547762120224556123407
0.2497815547762120224556123407
0.2497815547762120224556123407
0.2497815547762120224556123407
0.2497815547762120224556123407
0.2498899341194645263835696275
0.2498899341194645263835696275
0.2498899341194645263835696275
0.2498899341194645263835696275
0.2498899341194645263835696275
0.2498899341194645263835696275
0.2498899341194645263835696275
0.2498899341194645263835696275
0.2498899341194645263835696275
0.2498899341194645263835696275
0.2498899341194645263835696275
0.2498899341194645263835696275
0.2498899341194645263835696275
0.2498899341194645263835696275
0.2498899341194645263835696275
0.2498899341194645263835696275
0.2500239870226281329699922855
0.2500239870226281329699922855
0.2500239870226281329699922855
0.2500239870226281329699922855
0.2500239870226281329699922855
0.2500239870226281329699922855
0.2500239870226281329699922855
0.2500239870226281329699922855
0.2500239870226281329699922855
0.2500239870226281329699922855
0.2500239870226281329699922855
0.2500239870226281329699922855
0.2500239870226281329699922855
0.2500239870226281329699922855
0.2500239870226281329699922855
0.2500239870226281329699922855
