0.2587714066937616067424384463
0.2587714066937616067424384463
0.2587714066937616067424384463
0.2587714066937616067424384463
0.2587714066937616067424384463
0.2587714066937616067424384463
0.2587714066937616067424384463
0.2587714066937616067424384463
0.2587714066937616067424384463
0.2587714066937616067424384463
0.2587714066937616067424384463
0.2587714066937616067424384463
0.2587714066937616067424384463
0.2587714066937616067424384463
0.2587714066937616067424384463
0.2540154233029088678553302234
0.2540154233029088678553302234
0.2540154233029088678553302234
0.2540154233029088678553302234
0.2540154233029088678553302234
0.2540154233029088678553302234
0.2540154233029088678553302234
0.2540154233029088678553302234
0.2540154233029088678553302234
0.2540154233029088678553302234
0.2540154233029088678553302234
0.2540154233029088678553302234
0.2540154233029088678553302234
0.2540154233029088678553302234
0.2540154233029088678553302234
0.2540154233029088678553302234
0.2537198924867482613080864999
0.2537198924867482613080864999
0.2537198924867482613080864999
0.2537198924867482613080864999
0.2537198924867482613080864999
0.2537198924867482613080864999
0.2537198924867482613080864999
0.2537198924867482613080864999
0.2537198924867482613080864999
0.2537198924867482613080864999
0.2537198924867482613080864999
0.2537198924867482613080864999
0.2537198924867482613080864999
0.2537198924867482613080864999
0.2537198924867482613080864999
0.2528069943402677549088090251
0.2528069943402677549088090251
0.2528069943402677549088090251
0.2528069943402677549088090251
0.2528069943402677549088090251
0.2528069943402677549088090251
0.2528069943402677549088090251
0.2528069943402677549088090251
0.2528069943402677549088090251
0.2528069943402677549088090251
0.2528069943402677549088090251
0.2528069943402677549088090251
0.2528069943402677549088090251
0.2528069943402677549088090251
0.2528069943402677549088090251
0.2528069943402677549088090251
0.2506978993628141781997072677
0.2506978993628141781997072677
0.2506978993628141781997072677
0.2506978993628141781997072677
0.2506978993628141781997072677
0.2506978993628141781997072677
0.2506978993628141781997072677
0.2506978993628141781997072677
0.2506978993628141781997072677
0.2506978993628141781997072677
0.2506978993628141781997072677
0.2506978993628141781997072677
0.2506978993628141781997072677
0.2506978993628141781997072677
0.2506978993628141781997072677
0.2506978993628141781997072677
0.2521975546906349859940118273
0.2521975546906349859940118273
0.2521975546906349859940118273
0.2521975546906349859940118273
0.2521975546906349859940118273
0.2521975546906349859940118273
0.2521975546906349859940118273
0.2521975546906349859940118273
0.2521975546906349859940118273
0.2521975546906349859940118273
0.2521975546906349859940118273
0.2521975546906349859940118273
0.2521975546906349859940118273
0.2521975546906349859940118273
0.2521975546906349859940118273
0.2520727005885864826948662993
0.2520727005885864826948662993
0.2520727005885864826948662993
0.2520727005885864826948662993
0.2520727005885864826948662993
0.2520727005885864826948662993
0.2520727005885864826948662993
0.2520727005885864826948662993
0.2520727005885864826948662993
0.2520727005885864826948662993
0.2520727005885864826948662993
0.2520727005885864826948662993
0.2520727005885864826948662993
0.2520727005885864826948662993
0.2520727005885864826948662993
0.2520727005885864826948662993
0.2515203201701669648457075984
0.2515203201701669648457075984
0.2515203201701669648457075984
0.2515203201701669648457075984
0.2515203201701669648457075984
0.2515203201701669648457075984
0.2515203201701669648457075984
0.2515203201701669648457075984
0.2515203201701669648457075984
0.2515203201701669648457075984
0.2515203201701669648457075984
0.2515203201701669648457075984
0.2515203201701669648457075984
0.2515203201701669648457075984
0.2515203201701669648457075984
0.2516969726495877825352226274
0.2516969726495877825352226274
0.2516969726495877825352226274
0.2516969726495877825352226274
0.2516969726495877825352226274
0.2516969726495877825352226274
0.2516969726495877825352226274
0.2516969726495877825352226274
0.2516969726495877825352226274
0.2516969726495877825352226274
0.2516969726495877825352226274
0.2516969726495877825352226274
0.2516969726495877825352226274
0.2516969726495877825352226274
0.2516969726495877825352226274
0.2516969726495877825352226274
0.2516764155282717524044533690
0.2516764155282717524044533690
0.2516764155282717524044533690
0.2516764155282717524044533690
0.2516764155282717524044533690
0.2516764155282717524044533690
0.2516764155282717524044533690
0.2516764155282717524044533690
0.2516764155282717524044533690
0.2516764155282717524044533690
0.2516764155282717524044533690
0.2516764155282717524044533690
0.2516764155282717524044533690
0.2516764155282717524044533690
0.2516764155282717524044533690
0.2516764155282717524044533690
0.2512526715490933167632900136
0.2512526715490933167632900136
0.2512526715490933167632900136
0.2512526715490933167632900136
0.2512526715490933167632900136
0.2512526715490933167632900136
0.2512526715490933167632900136
0.2512526715490933167632900136
0.2512526715490933167632900136
0.2512526715490933167632900136
0.2512526715490933167632900136
0.2512526715490933167632900136
0.2512526715490933167632900136
0.2512526715490933167632900136
0.2512526715490933167632900136
0.2507600537286936994451638287
0.2507600537286936994451638287
0.2507600537286936994451638287
0.2507600537286936994451638287
0.2507600537286936994451638287
0.2507600537286936994451638287
0.2507600537286936994451638287
0.2507600537286936994451638287
0.2507600537286936994451638287
0.2507600537286936994451638287
0.2507600537286936994451638287
0.2507600537286936994451638287
0.2507600537286936994451638287
0.2507600537286936994451638287
0.2507600537286936994451638287
0.2507600537286936994451638287
0.2500895097393030451942092831
0.2500895097393030451942092831
0.2500895097393030451942092831
0.2500895097393030451942092831
0.2500895097393030451942092831
0.2500895097393030451942092831
0.2500895097393030451942092831
0.2500895097393030451942092831
0.2500895097393030451942092831
0.2500895097393030451942092831
0.2500895097393030451942092831
0.2500895097393030451942092831
0.2500895097393030451942092831
0.2500895097393030451942092831
0.2500895097393030451942092831
0.2500895097393030451942092831
0.2491530008178501895406847305
0.2491530008178501895406847305
0.2491530008178501895406847305
0.2491530008178501895406847305
0.2491530008178501895406847305
0.2491530008178501895406847305
0.2491530008178501895406847305
0.2491530008178501895406847305
0.2491530008178501895406847305
0.2491530008178501895406847305
0.2491530008178501895406847305
0.2491530008178501895406847305
0.2491530008178501895406847305
0.2491530008178501895406847305
0.2491530008178501895406847305
0.2492508412402626175465838438
0.2492508412402626175465838438
0.2492508412402626175465838438
0.2492508412402626175465838438
0.2492508412402626175465838438
0.2492508412402626175465838438
0.2492508412402626175465838438
0.2492508412402626175465838438
0.2492508412402626175465838438
0.2492508412402626175465838438
0.2492508412402626175465838438
0.2492508412402626175465838438
0.2492508412402626175465838438
0.2492508412402626175465838438
0.2492508412402626175465838438
0.2492508412402626175465838438
0.2491886697214824664718237957
0.2491886697214824664718237957
0.2491886697214824664718237957
0.2491886697214824664718237957
0.2491886697214824664718237957
0.2491886697214824664718237957
0.2491886697214824664718237957
0.2491886697214824664718237957
0.2491886697214824664718237957
0.2491886697214824664718237957
0.2491886697214824664718237957
0.2491886697214824664718237957
0.2491886697214824664718237957
0.2491886697214824664718237957
0.2491886697214824664718237957
0.2491886697214824664718237957
0.2503382398501995715498618438
0.2503382398501995715498618438
0.2503382398501995715498618438
0.2503382398501995715498618438
0.2503382398501995715498618438
0.2503382398501995715498618438
0.2503382398501995715498618438
0.2503382398501995715498618438
0.2503382398501995715498618438
0.2503382398501995715498618438
0.2503382398501995715498618438
0.2503382398501995715498618438
0.2503382398501995715498618438
0.2503382398501995715498618438
0.2503382398501995715498618438
0.2504758160344134825015298161
0.2504758160344134825015298161
0.2504758160344134825015298161
0.2504758160344134825015298161
0.2504758160344134825015298161
0.2504758160344134825015298161
0.2504758160344134825015298161
0.2504758160344134825015298161
0.2504758160344134825015298161
0.2504758160344134825015298161
0.2504758160344134825015298161
0.2504758160344134825015298161
0.2504758160344134825015298161
0.2504758160344134825015298161
0.2504758160344134825015298161
0.2504758160344134825015298161
0.2502296679262092327474354554
0.2502296679262092327474354554
0.2502296679262092327474354554
0.2502296679262092327474354554
0.2502296679262092327474354554
0.2502296679262092327474354554
0.2502296679262092327474354554
0.2502296679262092327474354554
0.2502296679262092327474354554
0.2502296679262092327474354554
0.2502296679262092327474354554
0.2502296679262092327474354554
0.2502296679262092327474354554
0.2502296679262092327474354554
0.2502296679262092327474354554
0.2501688535358610007519044698
0.2501688535358610007519044698
0.2501688535358610007519044698
0.2501688535358610007519044698
0.2501688535358610007519044698
0.2501688535358610007519044698
0.2501688535358610007519044698
0.2501688535358610007519044698
0.2501688535358610007519044698
0.2501688535358610007519044698
0.2501688535358610007519044698
0.2501688535358610007519044698
0.2501688535358610007519044698
0.2501688535358610007519044698
0.2501688535358610007519044698
0.2501688535358610007519044698
0.2498658458721826070037823999
0.2498658458721826070037823999
0.2498658458721826070037823999
0.2498658458721826070037823999
0.2498658458721826070037823999
0.2498658458721826070037823999
0.2498658458721826070037823999
0.2498658458721826070037823999
0.2498658458721826070037823999
0.2498658458721826070037823999
0.2498658458721826070037823999
0.2498658458721826070037823999
0.2498658458721826070037823999
0.2498658458721826070037823999
0.2498658458721826070037823999
0.2498658458721826070037823999
0.2499866320299890317717725533
0.2499866320299890317717725533
0.2499866320299890317717725533
0.2499866320299890317717725533
0.2499866320299890317717725533
0.2499866320299890317717725533
0.2499866320299890317717725533
0.2499866320299890317717725533
0.2499866320299890317717725533
0.2499866320299890317717725533
0.2499866320299890317717725533
0.2499866320299890317717725533
0.2499866320299890317717725533
0.2499866320299890317717725533
0.2499866320299890317717725533
0.2497188449108005302736489077
0.2497188449108005302736489077
0.2497188449108005302736489077
0.2497188449108005302736489077
0.2497188449108005302736489077
0.2497188449108005302736489077
0.2497188449108005302736489077
0.2497188449108005302736489077
0.2497188449108005302736489077
0.2497188449108005302736489077
0.2497188449108005302736489077
0.2497188449108005302736489077
0.2497188449108005302736489077
0.2497188449108005302736489077
0.2497188449108005302736489077
0.2497188449108005302736489077
0.2495690083007854965367135882
0.2495690083007854965367135882
0.2495690083007854965367135882
0.2495690083007854965367135882
0.2495690083007854965367135882
0.2495690083007854965367135882
0.2495690083007854965367135882
0.2495690083007854965367135882
0.2495690083007854965367135882
0.2495690083007854965367135882
0.2495690083007854965367135882
0.2495690083007854965367135882
0.2495690083007854965367135882
0.2495690083007854965367135882
0.2495690083007854965367135882
0.2498362858822334273685005092
0.2498362858822334273685005092
0.2498362858822334273685005092
0.2498362858822334273685005092
0.2498362858822334273685005092
0.2498362858822334273685005092
0.2498362858822334273685005092
0.2498362858822334273685005092
0.2498362858822334273685005092
0.2498362858822334273685005092
0.2498362858822334273685005092
0.2498362858822334273685005092
0.2498362858822334273685005092
0.2498362858822334273685005092
0.2498362858822334273685005092
0.2498362858822334273685005092
0.2499322529774035401612253215
0.2499322529774035401612253215
0.2499322529774035401612253215
0.2499322529774035401612253215
0.2499322529774035401612253215
0.2499322529774035401612253215
0.2499322529774035401612253215
0.2499322529774035401612253215
0.2499322529774035401612253215
0.2499322529774035401612253215
0.2499322529774035401612253215
0.2499322529774035401612253215
0.2499322529774035401612253215
0.2499322529774035401612253215
0.2499322529774035401612253215
0.2499322529774035401612253215
0.2491412143471124958407128866
0.2491412143471124958407128866
0.2491412143471124958407128866
0.2491412143471124958407128866
0.2491412143471124958407128866
0.2491412143471124958407128866
0.2491412143471124958407128866
0.2491412143471124958407128866
0.2491412143471124958407128866
0.2491412143471124958407128866
0.2491412143471124958407128866
0.2491412143471124958407128866
0.2491412143471124958407128866
0.2491412143471124958407128866
0.2491412143471124958407128866
0.2495121356253368569078307995
0.2495121356253368569078307995
0.2495121356253368569078307995
0.2495121356253368569078307995
0.2495121356253368569078307995
0.2495121356253368569078307995
0.2495121356253368569078307995
0.2495121356253368569078307995
0.2495121356253368569078307995
0.2495121356253368569078307995
0.2495121356253368569078307995
0.2495121356253368569078307995
0.2495121356253368569078307995
0.2495121356253368569078307995
0.2495121356253368569078307995
0.2495121356253368569078307995
0.2494392885615596462154309942
0.2494392885615596462154309942
0.2494392885615596462154309942
0.2494392885615596462154309942
0.2494392885615596462154309942
0.2494392885615596462154309942
0.2494392885615596462154309942
0.2494392885615596462154309942
0.2494392885615596462154309942
0.2494392885615596462154309942
0.2494392885615596462154309942
0.2494392885615596462154309942
0.2494392885615596462154309942
0.2494392885615596462154309942
0.2494392885615596462154309942
0.2494392885615596462154309942
0.2494104037870810078450854939
0.2494104037870810078450854939
0.2494104037870810078450854939
0.2494104037870810078450854939
0.2494104037870810078450854939
0.2494104037870810078450854939
0.2494104037870810078450854939
0.2494104037870810078450854939
0.2494104037870810078450854939
0.2494104037870810078450854939
0.2494104037870810078450854939
0.2494104037870810078450854939
0.2494104037870810078450854939
0.2494104037870810078450854939
0.2494104037870810078450854939
0.2493896028910494269808213630
0.2493896028910494269808213630
0.2493896028910494269808213630
0.2493896028910494269808213630
0.2493896028910494269808213630
0.2493896028910494269808213630
0.2493896028910494269808213630
0.2493896028910494269808213630
0.2493896028910494269808213630
0.2493896028910494269808213630
0.2493896028910494269808213630
0.2493896028910494269808213630
0.2493896028910494269808213630
0.2493896028910494269808213630
0.2493896028910494269808213630
0.2493896028910494269808213630
0.2490454606730513643866018991
0.2490454606730513643866018991
0.2490454606730513643866018991
0.2490454606730513643866018991
0.2490454606730513643866018991
0.2490454606730513643866018991
0.2490454606730513643866018991
0.2490454606730513643866018991
0.2490454606730513643866018991
0.2490454606730513643866018991
0.2490454606730513643866018991
0.2490454606730513643866018991
0.2490454606730513643866018991
0.2490454606730513643866018991
0.2490454606730513643866018991
0.2490454606730513643866018991
