0.08948163526540417808183162020
0.08948163526540417808183162020
0.09240791818277382253538755364
0.09240791818277382253538755364
0.09240791818277382253538755364
0.09805684425901655168947986195
0.09805684425901655168947986195
0.09081776849886684203251009637
0.09081776849886684203251009637
0.09081776849886684203251009637
0.09184620241657180388315437136
0.09184620241657180388315437136
0.09440287457737375562380615189
0.09440287457737375562380615189
0.09440287457737375562380615189
0.09555365506320638252105000351
0.09555365506320638252105000351
0.09398645592827926040974059870
0.09398645592827926040974059870
0.09398645592827926040974059870
0.09409867972309973850274985597
0.09409867972309973850274985597
0.09409867972309973850274985597
0.09219200815812622368389324926
0.09219200815812622368389324926
0.09223554022690794390854687772
0.09223554022690794390854687772
0.09223554022690794390854687772
0.09172714017538710906621994892
0.09172714017538710906621994892
0.09140670099482590612875748574
0.09140670099482590612875748574
0.09140670099482590612875748574
0.09373753062724569268940688740
0.09373753062724569268940688740
0.09398066605774828816193192253
0.09398066605774828816193192253
0.09398066605774828816193192253
0.09497674832412915823805910353
0.09497674832412915823805910353
0.09491102036764367152753297904
0.09491102036764367152753297904
0.09491102036764367152753297904
0.09544991335914071680135009093
0.09544991335914071680135009093
0.09544991335914071680135009093
0.09447368064549565093054926235
0.09447368064549565093054926235
0.09437902603762737124359647081
0.09437902603762737124359647081
0.09437902603762737124359647081
0.09450205938429723427329015111
0.09450205938429723427329015111
0.09543602829448700687933943218
0.09543602829448700687933943218
0.09543602829448700687933943218
0.09532833668265333490665578575
0.09532833668265333490665578575
0.09532833668265333490665578575
0.09464943267155238053949963373
0.09464943267155238053949963373
0.09422618647924631983518807221
0.09422618647924631983518807221
0.09422618647924631983518807221
0.09478002063192158012684181859
0.09478002063192158012684181859
0.09517971170908878868916741236
0.09517971170908878868916741236
0.09517971170908878868916741236
0.09513659813323629664363525662
0.09513659813323629664363525662
0.09485906527169672795193316142
0.09485906527169672795193316142
0.09485906527169672795193316142
0.09436683211189185310797437155
0.09436683211189185310797437155
0.09458111809894712450685962359
0.09458111809894712450685962359
0.09458111809894712450685962359
0.09525796283573855675128634683
0.09525796283573855675128634683
0.09525796283573855675128634683
0.09435316846766470132056306301
0.09435316846766470132056306301
0.09424001699490047790750028534
0.09424001699490047790750028534
0.09424001699490047790750028534
0.09422396103375661597734597203
0.09422396103375661597734597203
0.09450701122934690062549176634
0.09450701122934690062549176634
0.09450701122934690062549176634
0.09454300126059008943785657926
0.09454300126059008943785657926
0.09377780656975836416942410097
0.09377780656975836416942410097
0.09377780656975836416942410097
0.09476478774779585679234370485
0.09476478774779585679234370485
0.09476478774779585679234370485
