0.1081506882130646989631632353
0.1081506882130646989631632353
0.09627069154530693894608563355
0.09627069154530693894608563355
0.09627069154530693894608563355
0.1067420200313450211026202201
0.1067420200313450211026202201
0.1090727318772296052858460481
0.1090727318772296052858460481
0.1090727318772296052858460481
0.1052945173142657396687093239
0.1052945173142657396687093239
0.1026707603680865231534795523
0.1026707603680865231534795523
0.1026707603680865231534795523
0.1051292365644027609896888484
0.1051292365644027609896888484
0.1039897714854367444555557279
0.1039897714854367444555557279
0.1039897714854367444555557279
0.1042938635688701577909850780
0.1042938635688701577909850780
0.1042938635688701577909850780
0.1054069985341904617706826102
0.1054069985341904617706826102
0.1007076589034153450981925313
0.1007076589034153450981925313
0.1007076589034153450981925313
0.09797635596038430908881740811
0.09797635596038430908881740811
0.09849017918331515953368538721
0.09849017918331515953368538721
0.09849017918331515953368538721
0.09911664173347454108889244274
0.09911664173347454108889244274
0.09787768714043310362936895586
0.09787768714043310362936895586
0.09787768714043310362936895586
0.09891541088805960916747840239
0.09891541088805960916747840239
0.09881836040803487324162716789
0.09881836040803487324162716789
0.09881836040803487324162716789
0.09800314432469600885334285159
0.09800314432469600885334285159
0.09800314432469600885334285159
0.09822541362750015200354348338
0.09822541362750015200354348338
0.09692523873703974660002615825
0.09692523873703974660002615825
0.09692523873703974660002615825
0.09534533888634020284674708698
0.09534533888634020284674708698
0.09541618142639284330961924266
0.09541618142639284330961924266
0.09541618142639284330961924266
0.09666027725715108733214316641
0.09666027725715108733214316641
0.09666027725715108733214316641
0.09650613620985546134292122149
0.09650613620985546134292122149
0.09575511241550176699622860148
0.09575511241550176699622860148
0.09575511241550176699622860148
0.09620048177384592131968512623
0.09620048177384592131968512623
0.09640396382053087829397914728
0.09640396382053087829397914728
0.09640396382053087829397914728
0.09576955889316509567395984550
0.09576955889316509567395984550
0.09580362144295688360933346701
0.09580362144295688360933346701
0.09580362144295688360933346701
0.09593791835364407644811526156
0.09593791835364407644811526156
0.09562508456505342502095385411
0.09562508456505342502095385411
0.09562508456505342502095385411
0.09574132364077490124104280457
0.09574132364077490124104280457
0.09574132364077490124104280457
0.09542472003391277197665616927
0.09542472003391277197665616927
0.09548146317607708275690893297
0.09548146317607708275690893297
0.09548146317607708275690893297
0.09564939508525493865321245214
0.09564939508525493865321245214
0.09542307747889403693781983413
0.09542307747889403693781983413
0.09542307747889403693781983413
0.09508186661427134035787963760
0.09508186661427134035787963760
0.09544067746123845327748904359
0.09544067746123845327748904359
0.09544067746123845327748904359
0.09493933542698881492836189856
0.09493933542698881492836189856
0.09493933542698881492836189856
