0.00003319790996206787943280951340
0.00003319790996206787943280951340
0.00003319790996206787943280951340
0.00003587724428018344171902138038
0.00003587724428018344171902138038
0.00003587724428018344171902138038
0.00004344525071316736390408043818
0.00004344525071316736390408043818
0.00004344525071316736390408043818
0.00004153478856850020488120723659
0.00004153478856850020488120723659
0.00004153478856850020488120723659
0.00004224905939067802339410711448
0.00004224905939067802339410711448
0.00004224905939067802339410711448
0.00004364175348723779717905033839
0.00004364175348723779717905033839
0.00004364175348723779717905033839
0.00004254615744165422320382818330
0.00004254615744165422320382818330
0.00004254615744165422320382818330
0.00004353270413601505880002554844
0.00004353270413601505880002554844
0.00004353270413601505880002554844
0.00004420026970004778548747499535
0.00004420026970004778548747499535
0.00004420026970004778548747499535
0.00004420026970004778548747499535
0.00004485807177078105217164534083
0.00004485807177078105217164534083
0.00004485807177078105217164534083
0.00004401666762492226502495613141
0.00004401666762492226502495613141
0.00004401666762492226502495613141
0.00004328969033693959116642557266
0.00004328969033693959116642557266
0.00004328969033693959116642557266
0.00004323040144485296535517395072
0.00004323040144485296535517395072
0.00004323040144485296535517395072
0.00004475449119078859241918740624
0.00004475449119078859241918740624
0.00004475449119078859241918740624
0.00004468764376354070353854493844
0.00004468764376354070353854493844
0.00004468764376354070353854493844
0.00004490670901091487723199624874
0.00004490670901091487723199624874
0.00004490670901091487723199624874
0.00004579640745930208197792932736
0.00004579640745930208197792932736
0.00004579640745930208197792932736
0.00004579640745930208197792932736
0.00004639777903081442656477195089
0.00004639777903081442656477195089
0.00004639777903081442656477195089
0.00004678849561093836607400451956
0.00004678849561093836607400451956
0.00004678849561093836607400451956
0.00004645451279440136197844939945
0.00004645451279440136197844939945
0.00004645451279440136197844939945
0.00004662800818004090769816739474
0.00004662800818004090769816739474
0.00004662800818004090769816739474
0.00004637250004871823373011898254
0.00004637250004871823373011898254
0.00004637250004871823373011898254
0.00004691660894537332422501825417
0.00004691660894537332422501825417
0.00004691660894537332422501825417
0.00004644572780680069155902824294
0.00004644572780680069155902824294
0.00004644572780680069155902824294
0.00004636349899016043796970831270
0.00004636349899016043796970831270
0.00004636349899016043796970831270
0.00004636349899016043796970831270
0.00004595800854965343296941682495
0.00004595800854965343296941682495
0.00004595800854965343296941682495
0.00004590451939897082608562266801
0.00004590451939897082608562266801
0.00004590451939897082608562266801
0.00004589229595841199008953934263
0.00004589229595841199008953934263
0.00004589229595841199008953934263
0.00004584959809850703903298899787
0.00004584959809850703903298899787
0.00004584959809850703903298899787
0.00004577019786090562410445676278
0.00004577019786090562410445676278
0.00004577019786090562410445676278
0.00004582922806079858528774576370
0.00004582922806079858528774576370
0.00004582922806079858528774576370
0.00004547398280447079988271373227
0.00004547398280447079988271373227
0.00004547398280447079988271373227
0.00004553371413444732780373598568
0.00004553371413444732780373598568
0.00004553371413444732780373598568
0.00004544299767082560460233469333
0.00004544299767082560460233469333
0.00004544299767082560460233469333
0.00004544299767082560460233469333
0.00004565371922291992406730975383
0.00004565371922291992406730975383
0.00004565371922291992406730975383
0.00004580526909384064824797421987
0.00004580526909384064824797421987
0.00004580526909384064824797421987
0.00004570563671814312687328217221
0.00004570563671814312687328217221
0.00004570563671814312687328217221
0.00004565574152826521397053865317
0.00004565574152826521397053865317
0.00004565574152826521397053865317
0.00004550818724123470644939513118
0.00004550818724123470644939513118
0.00004550818724123470644939513118
0.00004557779629665302210739541086
0.00004557779629665302210739541086
0.00004557779629665302210739541086
0.00004571048873399812325438084495
0.00004571048873399812325438084495
0.00004571048873399812325438084495
0.00004590753164263617003775190600
0.00004590753164263617003775190600
0.00004590753164263617003775190600
0.00004590753164263617003775190600
0.00004588557025152212950735083108
0.00004588557025152212950735083108
0.00004588557025152212950735083108
0.00004588334488350920724253723839
0.00004588334488350920724253723839
0.00004588334488350920724253723839
0.00004556140708461550561110169363
0.00004556140708461550561110169363
0.00004556140708461550561110169363
0.00004557883671456228195517186594
0.00004557883671456228195517186594
0.00004557883671456228195517186594
0.00004567588214974959395771696421
0.00004567588214974959395771696421
0.00004567588214974959395771696421
0.00004542078734188116002092404454
0.00004542078734188116002092404454
0.00004542078734188116002092404454
0.00004567216605557063427314455449
0.00004567216605557063427314455449
0.00004567216605557063427314455449
0.00004573412381290677661519145012
0.00004573412381290677661519145012
0.00004573412381290677661519145012
0.00004573412381290677661519145012
0.00004556644883950423944531725997
0.00004556644883950423944531725997
0.00004556644883950423944531725997
0.00004564958663828593565720598123
0.00004564958663828593565720598123
0.00004564958663828593565720598123
0.00004554910973442704521809846854
0.00004554910973442704521809846854
0.00004554910973442704521809846854
0.00004530206338622274214132821327
0.00004530206338622274214132821327
0.00004530206338622274214132821327
0.00004525524666767999446983977799
0.00004525524666767999446983977799
0.00004525524666767999446983977799
0.00004514913201129001645636640450
0.00004514913201129001645636640450
0.00004514913201129001645636640450
0.00004535691243295743773347854156
0.00004535691243295743773347854156
0.00004535691243295743773347854156
0.00004538284911547004636626991121
0.00004538284911547004636626991121
0.00004538284911547004636626991121
0.00004524437524286515804233972526
0.00004524437524286515804233972526
0.00004524437524286515804233972526
0.00004524437524286515804233972526
0.00004528868063172027126044912044
0.00004528868063172027126044912044
0.00004528868063172027126044912044
0.00004517369128931257596969508521
0.00004517369128931257596969508521
0.00004517369128931257596969508521
0.00004497365665836830047116455669
0.00004497365665836830047116455669
0.00004497365665836830047116455669
0.00004479560685514298684079254141
0.00004479560685514298684079254141
0.00004479560685514298684079254141
0.00004476746047336948942531813100
0.00004476746047336948942531813100
0.00004476746047336948942531813100
0.00004476746047336948942531813100
0.00004473718273107185644941997045
0.00004473718273107185644941997045
0.00004473718273107185644941997045
0.00004478034437340762508611532371
0.00004478034437340762508611532371
0.00004478034437340762508611532371
0.00004465947739283698010914731476
0.00004465947739283698010914731476
0.00004465947739283698010914731476
0.00004484161450613965319553791812
0.00004484161450613965319553791812
0.00004484161450613965319553791812
0.00004491186570016135343810274628
0.00004491186570016135343810274628
0.00004491186570016135343810274628
0.00004491980508379017198955072689
0.00004491980508379017198955072689
0.00004491980508379017198955072689
0.00004513387521190774393343158031
0.00004513387521190774393343158031
0.00004513387521190774393343158031
0.00004527468394966127586561711374
0.00004527468394966127586561711374
0.00004527468394966127586561711374
0.00004527468394966127586561711374
0.00004521904564196462807063914249
0.00004521904564196462807063914249
0.00004521904564196462807063914249
0.00004504729835821989740651130780
0.00004504729835821989740651130780
0.00004504729835821989740651130780
0.00004534428224734626628745269298
0.00004534428224734626628745269298
0.00004534428224734626628745269298
0.00004522535127374385325364012036
0.00004522535127374385325364012036
0.00004522535127374385325364012036
0.00004506875466077623733380988898
0.00004506875466077623733380988898
0.00004506875466077623733380988898
0.00004491058464122075959964109948
0.00004491058464122075959964109948
0.00004491058464122075959964109948
0.00004493829772551646487859460200
0.00004493829772551646487859460200
0.00004493829772551646487859460200
0.00004488513969430197768392963942
0.00004488513969430197768392963942
0.00004488513969430197768392963942
0.00004488513969430197768392963942
0.00004481333733622263197553704905
0.00004481333733622263197553704905
0.00004481333733622263197553704905
0.00004482777529415979643416115409
0.00004482777529415979643416115409
0.00004482777529415979643416115409
0.00004496652904034965112799262057
0.00004496652904034965112799262057
0.00004496652904034965112799262057
0.00004493217013588233130687990202
0.00004493217013588233130687990202
0.00004493217013588233130687990202
0.00004512809799878434358683162650
0.00004512809799878434358683162650
0.00004512809799878434358683162650
0.00004503245368685218832627382320
0.00004503245368685218832627382320
0.00004503245368685218832627382320
0.00004510083096440222265573912401
0.00004510083096440222265573912401
0.00004510083096440222265573912401
0.00004504585138870080357175670876
0.00004504585138870080357175670876
0.00004504585138870080357175670876
0.00004490840161803700543720948469
0.00004490840161803700543720948469
0.00004490840161803700543720948469
0.00004490840161803700543720948469
0.00004498653907575441706673780958
0.00004498653907575441706673780958
0.00004498653907575441706673780958
0.00004503853394698213963139870548
0.00004503853394698213963139870548
0.00004503853394698213963139870548
0.00004498508857837786883256496153
0.00004498508857837786883256496153
0.00004498508857837786883256496153
0.00004516683046145159734163070396
0.00004516683046145159734163070396
0.00004516683046145159734163070396
0.00004518014615132981650442015571
0.00004518014615132981650442015571
0.00004518014615132981650442015571
0.00004517088300610927669454525579
0.00004517088300610927669454525579
0.00004517088300610927669454525579
0.00004512094009145832799847533984
0.00004512094009145832799847533984
0.00004512094009145832799847533984
0.00004506096577733164637849424659
0.00004506096577733164637849424659
0.00004506096577733164637849424659
0.00004506096577733164637849424659
0.00004516866522491217279275624964
0.00004516866522491217279275624964
0.00004516866522491217279275624964
0.00004516085125324654530737181330
0.00004516085125324654530737181330
0.00004516085125324654530737181330
0.00004531578116005442139863298159
0.00004531578116005442139863298159
0.00004531578116005442139863298159
0.00004524977015417525597093283690
0.00004524977015417525597093283690
0.00004524977015417525597093283690
0.00004521630882237708712374593830
0.00004521630882237708712374593830
0.00004521630882237708712374593830
0.00004522207489063875466973335518
0.00004522207489063875466973335518
0.00004522207489063875466973335518
0.00004516570887992923315081087797
0.00004516570887992923315081087797
0.00004516570887992923315081087797
0.00004522324677203808936375579287
0.00004522324677203808936375579287
0.00004522324677203808936375579287
0.00004522324677203808936375579287
0.00004515406206532434100371510633
0.00004515406206532434100371510633
0.00004515406206532434100371510633
0.00004527223914845224740667481333
0.00004527223914845224740667481333
0.00004527223914845224740667481333
0.00004528116128162173290794285791
0.00004528116128162173290794285791
0.00004528116128162173290794285791
0.00004525979672489303345269086259
0.00004525979672489303345269086259
0.00004525979672489303345269086259
0.00004523875993483938812139967093
0.00004523875993483938812139967093
0.00004523875993483938812139967093
0.00004526315424934321591432540846
0.00004526315424934321591432540846
0.00004526315424934321591432540846
0.00004541446264092955046382447448
0.00004541446264092955046382447448
0.00004541446264092955046382447448
0.00004527190537630027458571466705
0.00004527190537630027458571466705
0.00004527190537630027458571466705
0.00004523584115653110286986074966
0.00004523584115653110286986074966
0.00004523584115653110286986074966
0.00004523584115653110286986074966
0.00004536820668930338392538736987
0.00004536820668930338392538736987
0.00004536820668930338392538736987
0.00004552858545218846150065985091
0.00004552858545218846150065985091
0.00004552858545218846150065985091
0.00004545433495327140156821616757
0.00004545433495327140156821616757
0.00004545433495327140156821616757
0.00004548655790445219030081585727
0.00004548655790445219030081585727
0.00004548655790445219030081585727
0.00004552298379719437228460002121
0.00004552298379719437228460002121
0.00004552298379719437228460002121
0.00004561406510732499383002139095
0.00004561406510732499383002139095
0.00004561406510732499383002139095
0.00004550376248977408645505714839
0.00004550376248977408645505714839
0.00004550376248977408645505714839
0.00004545369255014536781313580196
0.00004545369255014536781313580196
0.00004545369255014536781313580196
0.00004545369255014536781313580196
0.00004557719935032607127074007083
0.00004557719935032607127074007083
0.00004557719935032607127074007083
0.00004567033493048386803142065885
0.00004567033493048386803142065885
0.00004567033493048386803142065885
0.00004579448955690336931651960560
0.00004579448955690336931651960560
0.00004579448955690336931651960560
0.00004579048704347277704128825223
0.00004579048704347277704128825223
0.00004579048704347277704128825223
0.00004589407093536019729018469098
0.00004589407093536019729018469098
0.00004589407093536019729018469098
0.00004593754439373346575724274982
0.00004593754439373346575724274982
0.00004593754439373346575724274982
0.00004587432394840194844933367499
0.00004587432394840194844933367499
0.00004587432394840194844933367499
0.00004592866093363019871042803660
0.00004592866093363019871042803660
0.00004592866093363019871042803660
0.00004592866093363019871042803660
0.00004602385484236568834982766628
0.00004602385484236568834982766628
0.00004602385484236568834982766628
0.00004603189179290744068701519651
0.00004603189179290744068701519651
0.00004603189179290744068701519651
0.00004604953139194708981829899749
0.00004604953139194708981829899749
0.00004604953139194708981829899749
0.00004603598176505079174242012391
0.00004603598176505079174242012391
0.00004603598176505079174242012391
0.00004599761779920146911755838247
0.00004599761779920146911755838247
0.00004599761779920146911755838247
0.00004601386628460790077397507955
0.00004601386628460790077397507955
0.00004601386628460790077397507955
0.00004602443833021763668920588842
0.00004602443833021763668920588842
0.00004602443833021763668920588842
0.00004596211862550356373755135738
0.00004596211862550356373755135738
0.00004596211862550356373755135738
0.00004596368017018538261020139823
0.00004596368017018538261020139823
0.00004596368017018538261020139823
0.00004596368017018538261020139823
0.00004589717276704573393914183331
0.00004589717276704573393914183331
0.00004589717276704573393914183331
0.00004597526055416031332811338599
0.00004597526055416031332811338599
0.00004597526055416031332811338599
0.00004585461056225431294252611485
0.00004585461056225431294252611485
0.00004585461056225431294252611485
0.00004577569361141493975174051194
0.00004577569361141493975174051194
0.00004577569361141493975174051194
0.00004574418445782266668415840336
0.00004574418445782266668415840336
0.00004574418445782266668415840336
0.00004573400816197830643837939197
0.00004561581279914866866884356706
0.00004561581279914866866884356706
0.00004561581279914866866884356706
0.00004565145067780636649829551248
0.00004565145067780636649829551248
0.00004565145067780636649829551248
0.00004561861636349278643125635843
0.00004561861636349278643125635843
0.00004561861636349278643125635843
0.00004567712973428815466803720345
0.00004567712973428815466803720345
0.00004567712973428815466803720345
0.00004570735055960898210493097081
0.00004570735055960898210493097081
0.00004570735055960898210493097081
0.00004575335389081956217367427188
0.00004575335389081956217367427188
0.00004575335389081956217367427188
0.00004569379067689206147073733548
0.00004569379067689206147073733548
0.00004569379067689206147073733548
0.00004574438263983634631090528244
0.00004574438263983634631090528244
0.00004574438263983634631090528244
0.00004574438263983634631090528244
0.00004579833394761339443108896835
0.00004579833394761339443108896835
0.00004579833394761339443108896835
0.00004578626340499385374225677015
0.00004578626340499385374225677015
0.00004578626340499385374225677015
0.00004581282680177822669799117865
0.00004581282680177822669799117865
0.00004581282680177822669799117865
0.00004573998061498378162582202789
0.00004573998061498378162582202789
0.00004573998061498378162582202789
0.00004582789286804767561332683647
0.00004582789286804767561332683647
0.00004582789286804767561332683647
0.00004591571031198913027066290629
0.00004591571031198913027066290629
0.00004591571031198913027066290629
0.00004583929104674870417756355122
0.00004583929104674870417756355122
0.00004583929104674870417756355122
0.00004583003119059708282386787479
0.00004583003119059708282386787479
0.00004583003119059708282386787479
0.00004583003119059708282386787479
