0.00005685341336986323467362423605
0.00005685341336986323467362423605
0.00005685341336986323467362423605
0.00005424867591946946728112276355
0.00005424867591946946728112276355
0.00005424867591946946728112276355
0.00005362048083856395913736079341
0.00005362048083856395913736079341
0.00005362048083856395913736079341
0.00004928570021153064460379434479
0.00004928570021153064460379434479
0.00004928570021153064460379434479
0.00004911996481909242895681846106
0.00004911996481909242895681846106
0.00004911996481909242895681846106
0.00004643352617938185659696043933
0.00004643352617938185659696043933
0.00004643352617938185659696043933
0.00004492928454858144825309154855
0.00004492928454858144825309154855
0.00004492928454858144825309154855
0.00004476470731982327830327396841
0.00004476470731982327830327396841
0.00004476470731982327830327396841
0.00004443640437434200860742310910
0.00004443640437434200860742310910
0.00004443640437434200860742310910
0.00004443640437434200860742310910
0.00004485576228470408764277179949
0.00004485576228470408764277179949
0.00004485576228470408764277179949
0.00004443899430285961891745074445
0.00004443899430285961891745074445
0.00004443899430285961891745074445
0.00004608769943989398971250605040
0.00004608769943989398971250605040
0.00004608769943989398971250605040
0.00004637376450207749141390876573
0.00004637376450207749141390876573
0.00004637376450207749141390876573
0.00004800884093446103696059042167
0.00004800884093446103696059042167
0.00004800884093446103696059042167
0.00004711848333137432303766696082
0.00004711848333137432303766696082
0.00004711848333137432303766696082
0.00004683453261026899801023558326
0.00004683453261026899801023558326
0.00004683453261026899801023558326
0.00004688951712113260395337063287
0.00004688951712113260395337063287
0.00004688951712113260395337063287
0.00004688951712113260395337063287
0.00004702450416365722210384904963
0.00004702450416365722210384904963
0.00004702450416365722210384904963
0.00004716894864195193666337195990
0.00004716894864195193666337195990
0.00004716894864195193666337195990
0.00004625371071062046300924986655
0.00004625371071062046300924986655
0.00004625371071062046300924986655
0.00004603236328038352018093313924
0.00004603236328038352018093313924
0.00004603236328038352018093313924
0.00004585508791136778984425133841
0.00004585508791136778984425133841
0.00004585508791136778984425133841
0.00004507429809264693872676835058
0.00004507429809264693872676835058
0.00004507429809264693872676835058
0.00004538625189098320813726625562
0.00004538625189098320813726625562
0.00004538625189098320813726625562
0.00004472674673012225823421366608
0.00004472674673012225823421366608
0.00004472674673012225823421366608
0.00004472674673012225823421366608
0.00004479919051873022454952222222
0.00004479919051873022454952222222
0.00004479919051873022454952222222
0.00004474524843796456991605460635
0.00004474524843796456991605460635
0.00004474524843796456991605460635
0.00004537333112894526141596414542
0.00004537333112894526141596414542
0.00004537333112894526141596414542
0.00004536891164846020823724982231
0.00004536891164846020823724982231
0.00004536891164846020823724982231
0.00004502135929232834991550745731
0.00004502135929232834991550745731
0.00004502135929232834991550745731
0.00004549981599296111069354183674
0.00004549981599296111069354183674
0.00004549981599296111069354183674
0.00004543349483290279176644997751
0.00004543349483290279176644997751
0.00004543349483290279176644997751
0.00004507454921475088690492702381
0.00004507454921475088690492702381
0.00004507454921475088690492702381
0.00004538386818411942102720181903
0.00004538386818411942102720181903
0.00004538386818411942102720181903
0.00004538386818411942102720181903
0.00004581619512807747219683061131
0.00004581619512807747219683061131
0.00004581619512807747219683061131
0.00004571099638240078109490017324
0.00004571099638240078109490017324
0.00004571099638240078109490017324
0.00004577058829906425205448657804
0.00004577058829906425205448657804
0.00004577058829906425205448657804
0.00004562324170682860874625007470
0.00004562324170682860874625007470
0.00004562324170682860874625007470
0.00004552894633213585202164544258
0.00004552894633213585202164544258
0.00004552894633213585202164544258
0.00004562400770617503656324058172
0.00004562400770617503656324058172
0.00004562400770617503656324058172
0.00004572996992979697839409581786
0.00004572996992979697839409581786
0.00004572996992979697839409581786
0.00004566934084133381656291459605
0.00004566934084133381656291459605
0.00004566934084133381656291459605
0.00004566934084133381656291459605
0.00004547013444706332577847935006
0.00004547013444706332577847935006
0.00004547013444706332577847935006
0.00004558787892983844353424964472
0.00004558787892983844353424964472
0.00004558787892983844353424964472
0.00004550807743546432695668515496
0.00004550807743546432695668515496
0.00004550807743546432695668515496
0.00004533228511329253149959178391
0.00004533228511329253149959178391
0.00004533228511329253149959178391
0.00004517740317409281342150040485
0.00004517740317409281342150040485
0.00004517740317409281342150040485
0.00004504700122348062139521087184
0.00004504700122348062139521087184
0.00004504700122348062139521087184
0.00004519307125333354134749434545
0.00004519307125333354134749434545
0.00004519307125333354134749434545
0.00004535161272845915354699127538
0.00004535161272845915354699127538
0.00004535161272845915354699127538
0.00004535161272845915354699127538
0.00004541318488162240325722198411
0.00004541318488162240325722198411
0.00004541318488162240325722198411
0.00004532339295729597448286003407
0.00004532339295729597448286003407
0.00004532339295729597448286003407
0.00004538849235279619987289844524
0.00004538849235279619987289844524
0.00004538849235279619987289844524
0.00004533362989328388509284967625
0.00004533362989328388509284967625
0.00004533362989328388509284967625
0.00004536591938439108685944422488
0.00004536591938439108685944422488
0.00004536591938439108685944422488
0.00004523297940083232047737627142
0.00004523297940083232047737627142
0.00004523297940083232047737627142
0.00004513458481526504199057196375
0.00004513458481526504199057196375
0.00004513458481526504199057196375
0.00004530645145220248590670124768
0.00004530645145220248590670124768
0.00004530645145220248590670124768
0.00004516070514777202965342519595
0.00004516070514777202965342519595
0.00004516070514777202965342519595
0.00004516070514777202965342519595
0.00004521593656328812224803236875
0.00004521593656328812224803236875
0.00004521593656328812224803236875
0.00004538340523160997970275812311
0.00004538340523160997970275812311
0.00004538340523160997970275812311
0.00004528998325683615246967714109
0.00004528998325683615246967714109
0.00004528998325683615246967714109
0.00004527914849468187156327520981
0.00004527914849468187156327520981
0.00004527914849468187156327520981
0.00004528044255881095791105997774
0.00004528044255881095791105997774
0.00004528044255881095791105997774
0.00004527472267354467431696552910
0.00004527472267354467431696552910
0.00004527472267354467431696552910
0.00004528042638796405802104643201
0.00004549621318089438816037033927
0.00004549621318089438816037033927
0.00004549621318089438816037033927
0.00004546352333970829233011586772
0.00004546352333970829233011586772
0.00004546352333970829233011586772
0.00004535863067913621687185515100
0.00004535863067913621687185515100
0.00004535863067913621687185515100
0.00004528521131551448767811462804
0.00004528521131551448767811462804
0.00004528521131551448767811462804
0.00004538585367566931588404552467
0.00004538585367566931588404552467
0.00004538585367566931588404552467
0.00004561141506772541537005800018
0.00004561141506772541537005800018
0.00004561141506772541537005800018
0.00004579961521491220097346057066
0.00004579961521491220097346057066
0.00004579961521491220097346057066
0.00004579961521491220097346057066
0.00004577916207823654546203505065
0.00004577916207823654546203505065
0.00004577916207823654546203505065
0.00004562717671790535212064639510
0.00004562717671790535212064639510
0.00004562717671790535212064639510
0.00004563182300523183805858662072
0.00004563182300523183805858662072
0.00004563182300523183805858662072
0.00004556835013454414637246147417
0.00004556835013454414637246147417
0.00004556835013454414637246147417
0.00004559865972447221227706291049
0.00004559865972447221227706291049
0.00004559865972447221227706291049
0.00004562992397885838364700111815
0.00004562992397885838364700111815
0.00004562992397885838364700111815
0.00004559979984444485328799895810
0.00004559979984444485328799895810
0.00004559979984444485328799895810
0.00004555763513034252652379042220
0.00004555763513034252652379042220
0.00004555763513034252652379042220
0.00004555763513034252652379042220
0.00004571596034857739396791946610
0.00004571596034857739396791946610
0.00004571596034857739396791946610
0.00004563978309976346075273003128
0.00004563978309976346075273003128
0.00004563978309976346075273003128
0.00004563367220538395040657929292
0.00004563367220538395040657929292
0.00004563367220538395040657929292
0.00004561261752893464380397616719
0.00004561261752893464380397616719
0.00004561261752893464380397616719
0.00004586631631906552620133726360
0.00004586631631906552620133726360
0.00004586631631906552620133726360
0.00004588260377174063823460565271
0.00004588260377174063823460565271
0.00004588260377174063823460565271
0.00004587914358046873597088625271
0.00004587914358046873597088625271
0.00004587914358046873597088625271
0.00004577185793681521169963623118
0.00004577185793681521169963623118
0.00004577185793681521169963623118
0.00004573850672190358706108058026
0.00004573850672190358706108058026
0.00004573850672190358706108058026
0.00004573850672190358706108058026
0.00004557914850931792639569787433
0.00004557914850931792639569787433
0.00004557914850931792639569787433
0.00004545437192796892847127557199
0.00004545437192796892847127557199
0.00004545437192796892847127557199
0.00004532790749033275787236214859
0.00004532790749033275787236214859
0.00004532790749033275787236214859
0.00004546595618549572124790091194
0.00004546595618549572124790091194
0.00004546595618549572124790091194
0.00004537042950082489003677498993
0.00004537042950082489003677498993
0.00004537042950082489003677498993
0.00004529075062953835846314069825
0.00004529075062953835846314069825
0.00004529075062953835846314069825
0.00004511960021444987314891500666
0.00004511960021444987314891500666
0.00004511960021444987314891500666
0.00004512105010278103146802341851
0.00004512105010278103146802341851
0.00004512105010278103146802341851
0.00004512105010278103146802341851
0.00004507076813178629544991658856
0.00004507076813178629544991658856
0.00004507076813178629544991658856
0.00004515933764733017711483378656
0.00004515933764733017711483378656
0.00004515933764733017711483378656
0.00004522860490650670841186516604
0.00004522860490650670841186516604
0.00004522860490650670841186516604
0.00004519321354361399418234081770
0.00004519321354361399418234081770
0.00004519321354361399418234081770
0.00004508339062120553147242657001
0.00004508339062120553147242657001
0.00004508339062120553147242657001
0.00004525471900706135363007248079
0.00004525471900706135363007248079
0.00004525471900706135363007248079
0.00004535450613457286652353548208
0.00004535450613457286652353548208
0.00004535450613457286652353548208
0.00004531475936336147738418800962
0.00004531475936336147738418800962
0.00004531475936336147738418800962
0.00004531475936336147738418800962
0.00004536976808009446245487781245
0.00004536976808009446245487781245
0.00004536976808009446245487781245
0.00004528835939491375234887857127
0.00004528835939491375234887857127
0.00004528835939491375234887857127
0.00004533317856004779700968625654
0.00004533317856004779700968625654
0.00004533317856004779700968625654
0.00004527612476375139241186004507
0.00004527612476375139241186004507
0.00004527612476375139241186004507
0.00004526032416655033267970779633
0.00004526032416655033267970779633
0.00004526032416655033267970779633
0.00004528129707683467304339068213
0.00004528129707683467304339068213
0.00004528129707683467304339068213
0.00004513594829780579032342935694
0.00004513594829780579032342935694
0.00004513594829780579032342935694
0.00004523409503204611972034682510
0.00004523409503204611972034682510
0.00004523409503204611972034682510
0.00004515959997463886057614651584
0.00004515959997463886057614651584
0.00004515959997463886057614651584
0.00004515959997463886057614651584
0.00004512789785228874371329075923
0.00004512789785228874371329075923
0.00004512789785228874371329075923
0.00004531563446727554999472665491
0.00004531563446727554999472665491
0.00004531563446727554999472665491
0.00004536475669941573348901808366
0.00004536475669941573348901808366
0.00004536475669941573348901808366
0.00004530317577788711622215485201
0.00004530317577788711622215485201
0.00004530317577788711622215485201
0.00004526551214365639560992270637
0.00004526551214365639560992270637
0.00004526551214365639560992270637
0.00004539144076519458783555598972
0.00004539144076519458783555598972
0.00004539144076519458783555598972
0.00004542537804230885418898565603
0.00004542537804230885418898565603
0.00004542537804230885418898565603
0.00004526711310783746432649204672
0.00004526711310783746432649204672
0.00004526711310783746432649204672
0.00004526711310783746432649204672
0.00004512718915672759748434050763
0.00004512718915672759748434050763
0.00004512718915672759748434050763
0.00004512406337485817327600629856
0.00004512406337485817327600629856
0.00004512406337485817327600629856
0.00004538192387582972926385672905
0.00004538192387582972926385672905
0.00004538192387582972926385672905
0.00004523745122634453474691878981
0.00004523745122634453474691878981
0.00004523745122634453474691878981
0.00004535563030082305162694475923
0.00004535563030082305162694475923
0.00004535563030082305162694475923
0.00004526499440091086009870686342
0.00004526499440091086009870686342
0.00004526499440091086009870686342
0.00004518584545920653259437554475
0.00004518584545920653259437554475
0.00004518584545920653259437554475
0.00004525024179397699514308232093
0.00004525024179397699514308232093
0.00004525024179397699514308232093
0.00004525024179397699514308232093
0.00004524586918950261172872987448
0.00004524586918950261172872987448
0.00004524586918950261172872987448
0.00004511361748611211049147411680
0.00004511361748611211049147411680
0.00004511361748611211049147411680
0.00004505313648746120179215972211
0.00004505313648746120179215972211
0.00004505313648746120179215972211
0.00004505460759412024751269848240
0.00004505460759412024751269848240
0.00004505460759412024751269848240
0.00004494099800046785430415151925
0.00004494099800046785430415151925
0.00004494099800046785430415151925
0.00004488786490220406870535860792
0.00004488786490220406870535860792
0.00004488786490220406870535860792
0.00004479057904308266790901742130
0.00004479057904308266790901742130
0.00004479057904308266790901742130
0.00004476122624774108359184133047
0.00004476122624774108359184133047
0.00004476122624774108359184133047
0.00004483321982376354196713987688
0.00004483321982376354196713987688
0.00004483321982376354196713987688
0.00004483321982376354196713987688
0.00004477844283815070430901955990
0.00004477844283815070430901955990
0.00004477844283815070430901955990
0.00004477273923771975339767554076
0.00004477273923771975339767554076
0.00004477273923771975339767554076
0.00004474044777584534604058354957
0.00004474044777584534604058354957
0.00004474044777584534604058354957
0.00004470863153523775844984647505
0.00004470863153523775844984647505
0.00004470863153523775844984647505
0.00004467410369859464053643565246
0.00004467410369859464053643565246
0.00004467410369859464053643565246
0.00004467410369859464053643565246
0.00004466746957834536784140861792
0.00004466746957834536784140861792
0.00004466746957834536784140861792
0.00004462141285032835785562248655
0.00004462141285032835785562248655
0.00004462141285032835785562248655
0.00004460751820536086919644850276
0.00004460751820536086919644850276
0.00004460751820536086919644850276
0.00004454640862604840672092481886
0.00004454640862604840672092481886
0.00004454640862604840672092481886
0.00004453081650521158308657588853
0.00004453081650521158308657588853
0.00004453081650521158308657588853
0.00004444053949166564444799154504
0.00004444053949166564444799154504
0.00004444053949166564444799154504
0.00004447933935909778520597134387
0.00004447933935909778520597134387
0.00004447933935909778520597134387
0.00004443554701297827129438958381
0.00004443554701297827129438958381
0.00004443554701297827129438958381
0.00004443554701297827129438958381
0.00004446107232531668764284181352
0.00004446107232531668764284181352
0.00004446107232531668764284181352
0.00004442285958268206703348580921
0.00004442285958268206703348580921
0.00004442285958268206703348580921
0.00004436578864651411124668229127
0.00004436578864651411124668229127
0.00004436578864651411124668229127
0.00004442083603586064801883466055
0.00004442083603586064801883466055
0.00004442083603586064801883466055
0.00004446542992502258834661859100
0.00004446542992502258834661859100
0.00004446542992502258834661859100
0.00004446301413299809966133650618
0.00004446301413299809966133650618
0.00004446301413299809966133650618
0.00004449215066743503157021536143
0.00004449215066743503157021536143
0.00004449215066743503157021536143
0.00004453389722917493175538913574
0.00004453389722917493175538913574
0.00004453389722917493175538913574
0.00004453389722917493175538913574
