0.00005915186796286182286258118067
0.00005915186796286182286258118067
0.00005915186796286182286258118067
0.00005153183068078563675171265581
0.00005153183068078563675171265581
0.00005153183068078563675171265581
0.00004797456873538238766213836599
0.00004797456873538238766213836599
0.00004797456873538238766213836599
0.00004490425677899325431434096610
0.00004490425677899325431434096610
0.00004490425677899325431434096610
0.00004432493680304180653015785209
0.00004432493680304180653015785209
0.00004432493680304180653015785209
0.00004505271250925640564247201406
0.00004505271250925640564247201406
0.00004505271250925640564247201406
0.00004495474256070486926664299014
0.00004495474256070486926664299014
0.00004495474256070486926664299014
0.00004447522429579220879995409378
0.00004447522429579220879995409378
0.00004447522429579220879995409378
0.00004423826268353059921748482776
0.00004423826268353059921748482776
0.00004423826268353059921748482776
0.00004423826268353059921748482776
0.00004388628464164586659610267659
0.00004388628464164586659610267659
0.00004388628464164586659610267659
0.00004343425680668663244952846295
0.00004343425680668663244952846295
0.00004343425680668663244952846295
0.00004338803680627064111587517810
0.00004338803680627064111587517810
0.00004338803680627064111587517810
0.00004369455723917926666653919413
0.00004369455723917926666653919413
0.00004369455723917926666653919413
0.00004476374032218335932436914749
0.00004476374032218335932436914749
0.00004476374032218335932436914749
0.00004504742703313881398653306834
0.00004504742703313881398653306834
0.00004504742703313881398653306834
0.00004517805834283361125816354813
0.00004517805834283361125816354813
0.00004517805834283361125816354813
0.00004564229825380510203869097106
0.00004564229825380510203869097106
0.00004564229825380510203869097106
0.00004564229825380510203869097106
0.00004522355819489541353192746039
0.00004522355819489541353192746039
0.00004522355819489541353192746039
0.00004493286716850213468900444343
0.00004493286716850213468900444343
0.00004493286716850213468900444343
0.00004573052478816594378521997121
0.00004573052478816594378521997121
0.00004573052478816594378521997121
0.00004596129761778717808959866794
0.00004596129761778717808959866794
0.00004596129761778717808959866794
0.00004599232109769640723964488938
0.00004599232109769640723964488938
0.00004599232109769640723964488938
0.00004599391455159114762695089061
0.00004599391455159114762695089061
0.00004599391455159114762695089061
0.00004521721642190209518193523680
0.00004521721642190209518193523680
0.00004521721642190209518193523680
0.00004477609760170682369036938118
0.00004477609760170682369036938118
0.00004477609760170682369036938118
0.00004477609760170682369036938118
0.00004477679827957754760738064264
0.00004477679827957754760738064264
0.00004477679827957754760738064264
0.00004452717978894160437183769691
0.00004452717978894160437183769691
0.00004452717978894160437183769691
0.00004404313403119826233708816896
0.00004404313403119826233708816896
0.00004404313403119826233708816896
0.00004438898506329908423786155816
0.00004438898506329908423786155816
0.00004438898506329908423786155816
0.00004471076826024724770868665816
0.00004471076826024724770868665816
0.00004471076826024724770868665816
0.00004444152295603982382010016383
0.00004444152295603982382010016383
0.00004444152295603982382010016383
0.00004440226037335780417758002379
0.00004440226037335780417758002379
0.00004440226037335780417758002379
0.00004464578649380014313028865742
0.00004464578649380014313028865742
0.00004464578649380014313028865742
0.00004482604065080662176410627742
0.00004482604065080662176410627742
0.00004482604065080662176410627742
0.00004482604065080662176410627742
0.00004469025609340089752752016859
0.00004469025609340089752752016859
0.00004469025609340089752752016859
0.00004486621456122895809796395879
0.00004486621456122895809796395879
0.00004486621456122895809796395879
0.00004496595638134140156809986588
0.00004496595638134140156809986588
0.00004496595638134140156809986588
0.00004473338670003395551224181866
0.00004473338670003395551224181866
0.00004473338670003395551224181866
0.00004474098926076742271111856785
0.00004474098926076742271111856785
0.00004474098926076742271111856785
0.00004460762488687968166707714180
0.00004460762488687968166707714180
0.00004460762488687968166707714180
0.00004437658387890361836658495442
0.00004437658387890361836658495442
0.00004437658387890361836658495442
0.00004397618271711555991336921223
0.00004397618271711555991336921223
0.00004397618271711555991336921223
0.00004397618271711555991336921223
0.00004370840528383867710099494713
0.00004370840528383867710099494713
0.00004370840528383867710099494713
0.00004351030926692287595692378904
0.00004351030926692287595692378904
0.00004351030926692287595692378904
0.00004331886198969527150080385825
0.00004331886198969527150080385825
0.00004331886198969527150080385825
0.00004325913463061602382007341810
0.00004325913463061602382007341810
0.00004325913463061602382007341810
0.00004323617014942658431294501034
0.00004323617014942658431294501034
0.00004323617014942658431294501034
0.00004325639475305003540378192894
0.00004325639475305003540378192894
0.00004325639475305003540378192894
0.00004318098012979800545764960403
0.00004318098012979800545764960403
0.00004318098012979800545764960403
0.00004316299544552899545567344259
0.00004316299544552899545567344259
0.00004316299544552899545567344259
0.00004316299544552899545567344259
0.00004335629954866689282428667845
0.00004335629954866689282428667845
0.00004335629954866689282428667845
0.00004341912720735960575872307355
0.00004341912720735960575872307355
0.00004341912720735960575872307355
0.00004339461024716050405983897338
0.00004339461024716050405983897338
0.00004339461024716050405983897338
0.00004347595087388318312952573059
0.00004347595087388318312952573059
0.00004347595087388318312952573059
0.00004335733858196604089176887866
0.00004335733858196604089176887866
0.00004335733858196604089176887866
0.00004330452352244767365885398043
0.00004330452352244767365885398043
0.00004330452352244767365885398043
0.00004325721317864113997475413360
0.00004325721317864113997475413360
0.00004325721317864113997475413360
0.00004326027951171200804074864345
0.00004326027951171200804074864345
0.00004326027951171200804074864345
0.00004328132733382909008205726366
0.00004328132733382909008205726366
0.00004328132733382909008205726366
0.00004328132733382909008205726366
0.00004327865233194049741251525674
0.00004327865233194049741251525674
0.00004327865233194049741251525674
0.00004318284334403871796791334732
0.00004318284334403871796791334732
0.00004318284334403871796791334732
0.00004320429852620490435279907712
0.00004320429852620490435279907712
0.00004320429852620490435279907712
0.00004318414299080002018622870656
0.00004318414299080002018622870656
0.00004318414299080002018622870656
0.00004321299910348743740613139373
0.00004321299910348743740613139373
0.00004321299910348743740613139373
0.00004321299910348743740613139373
0.00004318953037020501975032099990
0.00004318953037020501975032099990
0.00004318953037020501975032099990
0.00004321404626300867450134057795
0.00004321404626300867450134057795
0.00004321404626300867450134057795
0.00004338249933165752060959138143
0.00004338249933165752060959138143
0.00004338249933165752060959138143
0.00004344934696091825618657981073
0.00004344934696091825618657981073
0.00004344934696091825618657981073
0.00004340252817131444068832990354
0.00004340252817131444068832990354
0.00004340252817131444068832990354
0.00004352032458829851621979529188
0.00004352032458829851621979529188
0.00004352032458829851621979529188
0.00004354868188873934688029588442
0.00004354868188873934688029588442
0.00004354868188873934688029588442
0.00004352528489641389756292032391
0.00004352528489641389756292032391
0.00004352528489641389756292032391
0.00004352528489641389756292032391
0.00004339664870178068371070994582
0.00004339664870178068371070994582
0.00004339664870178068371070994582
0.00004374677645918513158455938494
0.00004374677645918513158455938494
0.00004374677645918513158455938494
0.00004374294934345090306208878343
0.00004374294934345090306208878343
0.00004374294934345090306208878343
0.00004377915508389229606796664328
0.00004377915508389229606796664328
0.00004377915508389229606796664328
0.00004396415173414612052626365693
0.00004396415173414612052626365693
0.00004396415173414612052626365693
0.00004407137038619237458276792675
0.00004407137038619237458276792675
0.00004407137038619237458276792675
0.00004424753060896903006847485601
0.00004424753060896903006847485601
0.00004424753060896903006847485601
0.00004405713658537211591243844031
0.00004405713658537211591243844031
0.00004405713658537211591243844031
0.00004405713658537211591243844031
0.00004403637853522961740406100098
0.00004403637853522961740406100098
0.00004403637853522961740406100098
0.00004398077888572767177535470091
0.00004398077888572767177535470091
0.00004398077888572767177535470091
0.00004383763417266354063038858264
0.00004383763417266354063038858264
0.00004383763417266354063038858264
0.00004367050159317214047958312396
0.00004367050159317214047958312396
0.00004367050159317214047958312396
0.00004355740497990628996367332304
0.00004355740497990628996367332304
0.00004355740497990628996367332304
0.00004369953141780282047627859365
0.00004369953141780282047627859365
0.00004369953141780282047627859365
0.00004369083166452447370076617632
0.00004369083166452447370076617632
0.00004369083166452447370076617632
0.00004356372900209398626908382848
0.00004356372900209398626908382848
0.00004356372900209398626908382848
0.00004357984235629261772137133666
0.00004357984235629261772137133666
0.00004357984235629261772137133666
0.00004357984235629261772137133666
0.00004350663868887283751950127272
0.00004350663868887283751950127272
0.00004350663868887283751950127272
0.00004375130997050313053383980486
0.00004375130997050313053383980486
0.00004375130997050313053383980486
0.00004377236442469126819157326684
0.00004377236442469126819157326684
0.00004377236442469126819157326684
0.00004372362291514386965483670334
0.00004372362291514386965483670334
0.00004372362291514386965483670334
0.00004369800297363704988468520430
0.00004369800297363704988468520430
0.00004369800297363704988468520430
0.00004376683820344228900795631726
0.00004376683820344228900795631726
0.00004376683820344228900795631726
0.00004377551351049489354730885519
0.00004377551351049489354730885519
0.00004377551351049489354730885519
0.00004381837370077277875454288720
0.00004381837370077277875454288720
0.00004381837370077277875454288720
0.00004381837370077277875454288720
0.00004382552882254291428632568632
0.00004382552882254291428632568632
0.00004382552882254291428632568632
0.00004375080766860514366693226166
0.00004375080766860514366693226166
0.00004375080766860514366693226166
0.00004377998258816669746477164136
0.00004377998258816669746477164136
0.00004377998258816669746477164136
0.00004384939948800923287211980718
0.00004384939948800923287211980718
0.00004384939948800923287211980718
0.00004381764497184495877032739274
0.00004381764497184495877032739274
0.00004381764497184495877032739274
0.00004379500204724586226490165431
0.00004379500204724586226490165431
0.00004379500204724586226490165431
0.00004361156750455289191018441245
0.00004361156750455289191018441245
0.00004361156750455289191018441245
0.00004364490565696776409832909846
0.00004364490565696776409832909846
0.00004364490565696776409832909846
0.00004364490565696776409832909846
0.00004363833670311241914535889536
0.00004363833670311241914535889536
0.00004363833670311241914535889536
0.00004390367914231836285707722960
0.00004390367914231836285707722960
0.00004390367914231836285707722960
0.00004385416235931920009412741305
0.00004385416235931920009412741305
0.00004385416235931920009412741305
0.00004383410904225892333137355464
0.00004383410904225892333137355464
0.00004383410904225892333137355464
0.00004401218966758606253160582940
0.00004401218966758606253160582940
0.00004401218966758606253160582940
0.00004399774201343386790594089644
0.00004399774201343386790594089644
0.00004399774201343386790594089644
0.00004401323488990774371241133528
0.00004401323488990774371241133528
0.00004401323488990774371241133528
0.00004406330673774937045613672490
0.00004406330673774937045613672490
0.00004406330673774937045613672490
0.00004407980633020935474768664290
0.00004407980633020935474768664290
0.00004407980633020935474768664290
0.00004407980633020935474768664290
0.00004409081265733661690683293334
0.00004409081265733661690683293334
0.00004409081265733661690683293334
0.00004394311781996020500432064135
0.00004394311781996020500432064135
0.00004394311781996020500432064135
0.00004414503746751175401401794009
0.00004414503746751175401401794009
0.00004414503746751175401401794009
0.00004416646400978866539093761340
0.00004416646400978866539093761340
0.00004416646400978866539093761340
0.00004419388326283015361937297296
0.00004419388326283015361937297296
0.00004419388326283015361937297296
0.00004421283884717487891981735316
0.00004421283884717487891981735316
0.00004421283884717487891981735316
0.00004419711846572101968550003004
0.00004419711846572101968550003004
0.00004419711846572101968550003004
0.00004416580826230446634360083880
0.00004416580826230446634360083880
0.00004416580826230446634360083880
0.00004416580826230446634360083880
0.00004423927271302447855932378812
0.00004423927271302447855932378812
0.00004423927271302447855932378812
0.00004433878822853189514391710550
0.00004433878822853189514391710550
0.00004433878822853189514391710550
0.00004431402345730031878197436802
0.00004431402345730031878197436802
0.00004431402345730031878197436802
0.00004428336903402953070767728640
0.00004428336903402953070767728640
0.00004428336903402953070767728640
0.00004426980487362704823028877236
0.00004426980487362704823028877236
0.00004426980487362704823028877236
0.00004430268865454585001273901585
0.00004430268865454585001273901585
0.00004430268865454585001273901585
0.00004416779509428931647674298031
0.00004416779509428931647674298031
0.00004416779509428931647674298031
0.00004411094503807540916334163121
0.00004411094503807540916334163121
0.00004411094503807540916334163121
0.00004411094503807540916334163121
0.00004417482212185892300829627978
0.00004417482212185892300829627978
0.00004417482212185892300829627978
0.00004403111647770526060303668970
0.00004403111647770526060303668970
0.00004403111647770526060303668970
0.00004402374798232056327560116311
0.00004402374798232056327560116311
0.00004402374798232056327560116311
0.00004407313294728291115053402436
0.00004407313294728291115053402436
0.00004407313294728291115053402436
0.00004409194261155388636206678471
0.00004409194261155388636206678471
0.00004409194261155388636206678471
0.00004403801338692609270304344875
0.00004403801338692609270304344875
0.00004403801338692609270304344875
0.00004412933853191726235216778269
0.00004412933853191726235216778269
0.00004412933853191726235216778269
0.00004416576460040294158451809467
0.00004416576460040294158451809467
0.00004416576460040294158451809467
0.00004421997158377386343626539711
0.00004421997158377386343626539711
0.00004421997158377386343626539711
0.00004421997158377386343626539711
0.00004426595625610052147045418494
0.00004426595625610052147045418494
0.00004426595625610052147045418494
0.00004423941431410496187665094548
0.00004423941431410496187665094548
0.00004423941431410496187665094548
0.00004425933108225930574255831255
0.00004425933108225930574255831255
0.00004425933108225930574255831255
0.00004429888421989824468445125020
0.00004429888421989824468445125020
0.00004429888421989824468445125020
0.00004431483985269735117768194998
0.00004431483985269735117768194998
0.00004431483985269735117768194998
0.00004431483985269735117768194998
0.00004422166959451194096700267473
0.00004422166959451194096700267473
0.00004422166959451194096700267473
0.00004413152087862388348453943561
0.00004413152087862388348453943561
0.00004413152087862388348453943561
0.00004416028905717427593603558333
0.00004416028905717427593603558333
0.00004416028905717427593603558333
0.00004415333074995492375865196728
0.00004415333074995492375865196728
0.00004415333074995492375865196728
0.00004412297833103444471466890907
0.00004412297833103444471466890907
0.00004412297833103444471466890907
0.00004407313363641122034829534609
0.00004407313363641122034829534609
0.00004407313363641122034829534609
0.00004416811429543272651512931311
0.00004416811429543272651512931311
0.00004416811429543272651512931311
0.00004404662510935748824527682382
0.00004404662510935748824527682382
0.00004404662510935748824527682382
0.00004404662510935748824527682382
0.00004406130551711974195596425890
0.00004406130551711974195596425890
0.00004406130551711974195596425890
0.00004416855091171193340890378137
0.00004416855091171193340890378137
0.00004416855091171193340890378137
0.00004410718005662934940336360400
0.00004410718005662934940336360400
0.00004410718005662934940336360400
0.00004410946890255734000519933299
0.00004410946890255734000519933299
0.00004410946890255734000519933299
0.00004403148117600028158173337776
0.00004403148117600028158173337776
0.00004403148117600028158173337776
0.00004408319862303680911333541740
0.00004408319862303680911333541740
0.00004408319862303680911333541740
0.00004412804211393932282787828060
0.00004412804211393932282787828060
0.00004412804211393932282787828060
0.00004416787103866523260912822720
0.00004416787103866523260912822720
0.00004416787103866523260912822720
0.00004416787103866523260912822720
