0.2611308807603074403285615304
0.2611308807603074403285615304
0.2611308807603074403285615304
0.2446242796231636513197869398
0.2446242796231636513197869398
0.2446242796231636513197869398
0.2496312174367838145435040397
0.2496312174367838145435040397
0.2496312174367838145435040397
0.2506384664094179876920712505
0.2506384664094179876920712505
0.2506384664094179876920712505
0.2531802747602965096055233531
0.2531802747602965096055233531
0.2531802747602965096055233531
0.2588756864972784361700865795
0.2588756864972784361700865795
0.2588756864972784361700865795
0.2569512346244735866292128019
0.2569512346244735866292128019
0.2569512346244735866292128019
0.2575762108222239882321923791
0.2575762108222239882321923791
0.2575762108222239882321923791
0.2541881935793706968038643723
0.2541881935793706968038643723
0.2541881935793706968038643723
0.2541881935793706968038643723
0.2501698419462290598344116055
0.2501698419462290598344116055
0.2501698419462290598344116055
0.2508613480196490099788258767
0.2508613480196490099788258767
0.2508613480196490099788258767
0.2476763987291123406525767657
0.2476763987291123406525767657
0.2476763987291123406525767657
0.2473946520753065380200127729
0.2473946520753065380200127729
0.2473946520753065380200127729
0.2480450892391519850805824527
0.2480450892391519850805824527
0.2480450892391519850805824527
0.2500680180563304162046749639
0.2500680180563304162046749639
0.2500680180563304162046749639
0.2493215508437721269396459794
0.2493215508437721269396459794
0.2493215508437721269396459794
0.2465269266998837449184200803
0.2465269266998837449184200803
0.2465269266998837449184200803
0.2465269266998837449184200803
0.2447058421723343897310277755
0.2447058421723343897310277755
0.2447058421723343897310277755
0.2443326887610123915059325026
0.2443326887610123915059325026
0.2443326887610123915059325026
0.2425809394450427667562657656
0.2425809394450427667562657656
0.2425809394450427667562657656
0.2427997416239012728183912430
0.2427997416239012728183912430
0.2427997416239012728183912430
0.2427481398327617207461509732
0.2427481398327617207461509732
0.2427481398327617207461509732
0.2430407870624044222365478086
0.2430407870624044222365478086
0.2430407870624044222365478086
0.2437981204977949303124827365
0.2437981204977949303124827365
0.2437981204977949303124827365
0.2451352383946841943661036572
0.2451352383946841943661036572
0.2451352383946841943661036572
0.2451352383946841943661036572
0.2455382029244696299054070347
0.2455382029244696299054070347
0.2455382029244696299054070347
0.2449342933880294402380818707
0.2449342933880294402380818707
0.2449342933880294402380818707
0.2449112879364212206239355718
0.2449112879364212206239355718
0.2449112879364212206239355718
0.2461125525451332023420454906
0.2461125525451332023420454906
0.2461125525451332023420454906
0.2463039977157540891754509496
0.2463039977157540891754509496
0.2463039977157540891754509496
0.2472457753142059838246137772
0.2472457753142059838246137772
0.2472457753142059838246137772
0.2470646846088361905882476341
0.2470646846088361905882476341
0.2470646846088361905882476341
0.2464789710311610465932197042
0.2464789710311610465932197042
0.2464789710311610465932197042
0.2465047300707917390942907437
0.2465047300707917390942907437
0.2465047300707917390942907437
0.2465047300707917390942907437
0.2467815357170105699657653657
0.2467815357170105699657653657
0.2467815357170105699657653657
0.2466995489172203079669820913
0.2466995489172203079669820913
0.2466995489172203079669820913
0.2462026333851400382133027230
0.2462026333851400382133027230
0.2462026333851400382133027230
0.2460310827104830452152441151
0.2460310827104830452152441151
0.2460310827104830452152441151
0.2456890254338516888335279857
0.2456890254338516888335279857
0.2456890254338516888335279857
0.2458825811361121850251053665
0.2458825811361121850251053665
0.2458825811361121850251053665
0.2459078643490881453667235981
0.2459078643490881453667235981
0.2459078643490881453667235981
0.2451796636213723322693611321
0.2451796636213723322693611321
0.2451796636213723322693611321
0.2451796636213723322693611321
0.2447200434479209358932083360
0.2447200434479209358932083360
0.2447200434479209358932083360
0.2446185747831559976322590524
0.2446185747831559976322590524
0.2446185747831559976322590524
