0.2307078860609936108247013022
0.2307078860609936108247013022
0.2307078860609936108247013022
0.2451319053340666830767601824
0.2451319053340666830767601824
0.2451319053340666830767601824
0.2465005174849748090435381712
0.2465005174849748090435381712
0.2465005174849748090435381712
0.2483187479979848529106512079
0.2483187479979848529106512079
0.2483187479979848529106512079
0.2455048103468406889991270385
0.2455048103468406889991270385
0.2455048103468406889991270385
0.2490415918538096678649464795
0.2490415918538096678649464795
0.2490415918538096678649464795
0.2468944022105675762508550733
0.2468944022105675762508550733
0.2468944022105675762508550733
0.2482317510820521863323371063
0.2482317510820521863323371063
0.2482317510820521863323371063
0.2458348782403291034913208673
0.2458348782403291034913208673
0.2458348782403291034913208673
0.2458348782403291034913208673
0.2449356180202533093075942773
0.2449356180202533093075942773
0.2449356180202533093075942773
0.2467245678489145061253944136
0.2467245678489145061253944136
0.2467245678489145061253944136
0.2446941180064257764429036170
0.2446941180064257764429036170
0.2446941180064257764429036170
0.2420979222972977407861455945
0.2420979222972977407861455945
0.2420979222972977407861455945
0.2425308000600384898443216795
0.2425308000600384898443216795
0.2425308000600384898443216795
0.2424218297201111193697986506
0.2424218297201111193697986506
0.2424218297201111193697986506
0.2432663426001325476153357986
0.2432663426001325476153357986
0.2432663426001325476153357986
0.2405855521745419647935217755
0.2405855521745419647935217755
0.2405855521745419647935217755
0.2405855521745419647935217755
0.2412370148006506739053348451
0.2412370148006506739053348451
0.2412370148006506739053348451
0.2418343055966249947715044256
0.2418343055966249947715044256
0.2418343055966249947715044256
0.2428128012248044625734388827
0.2428128012248044625734388827
0.2428128012248044625734388827
0.2423060258571807275190029674
0.2423060258571807275190029674
0.2423060258571807275190029674
0.2427270701475569172936843652
0.2427270701475569172936843652
0.2427270701475569172936843652
0.2435684235621571385736567241
0.2435684235621571385736567241
0.2435684235621571385736567241
0.2444001383009966382783564758
0.2444001383009966382783564758
0.2444001383009966382783564758
0.2460385014677993550765305580
0.2460385014677993550765305580
0.2460385014677993550765305580
0.2460385014677993550765305580
0.2455315013510020190266203833
0.2455315013510020190266203833
0.2455315013510020190266203833
0.2442911973653636924110685490
0.2442911973653636924110685490
0.2442911973653636924110685490
0.2438259914017993769994274340
0.2438259914017993769994274340
0.2438259914017993769994274340
0.2445378823524990307761901015
0.2445378823524990307761901015
0.2445378823524990307761901015
0.2454820603801857013973105446
0.2454820603801857013973105446
0.2454820603801857013973105446
0.2451209734938104403660102466
0.2451209734938104403660102466
0.2451209734938104403660102466
0.2454568836619621125664297061
0.2454568836619621125664297061
0.2454568836619621125664297061
0.2447365628316252389402869556
0.2447365628316252389402869556
0.2447365628316252389402869556
0.2445384938665022438295910973
0.2445384938665022438295910973
0.2445384938665022438295910973
0.2445384938665022438295910973
0.2450841918956777920563203658
0.2450841918956777920563203658
0.2450841918956777920563203658
0.2455283815161377116055331650
0.2455283815161377116055331650
0.2455283815161377116055331650
0.2458065480157452721433018052
0.2458065480157452721433018052
0.2458065480157452721433018052
0.2452152887393494137426202026
0.2452152887393494137426202026
0.2452152887393494137426202026
0.2457660889777715820679402264
0.2457660889777715820679402264
0.2457660889777715820679402264
0.2461280488877453889247407425
0.2461280488877453889247407425
0.2461280488877453889247407425
0.2460832258181086615471334637
0.2460832258181086615471334637
0.2460832258181086615471334637
0.2468038700025686978970702048
0.2468038700025686978970702048
0.2468038700025686978970702048
0.2468038700025686978970702048
0.2462919079869815741502457469
0.2462919079869815741502457469
0.2462919079869815741502457469
0.2470447645788569678231980127
0.2470447645788569678231980127
0.2470447645788569678231980127
0.2471547842880638842018738927
0.2471547842880638842018738927
0.2471547842880638842018738927
0.2465376581191989141756479426
0.2465376581191989141756479426
0.2465376581191989141756479426
0.2464978634625626838796215294
0.2464978634625626838796215294
0.2464978634625626838796215294
0.2463060490172122786322888107
0.2463060490172122786322888107
0.2463060490172122786322888107
0.2464485856562398540747822588
0.2464485856562398540747822588
0.2464485856562398540747822588
0.2459669776291916471403967371
0.2459669776291916471403967371
0.2459669776291916471403967371
0.2459669776291916471403967371
0.2455114447542277472075750742
0.2455114447542277472075750742
0.2455114447542277472075750742
0.2453424275794360226108017630
0.2453424275794360226108017630
0.2453424275794360226108017630
0.2456212433384477789594057040
0.2456212433384477789594057040
0.2456212433384477789594057040
0.2456408057527537128085624099
0.2456408057527537128085624099
0.2456408057527537128085624099
0.2461789569687344955147851589
0.2461789569687344955147851589
0.2461789569687344955147851589
0.2457745004674872419200991592
0.2457745004674872419200991592
0.2457745004674872419200991592
0.2451820848623382263176633611
0.2451820848623382263176633611
0.2451820848623382263176633611
0.2457432456250901910800408057
0.2457432456250901910800408057
0.2457432456250901910800408057
0.2459347393356126905671601661
0.2459347393356126905671601661
0.2459347393356126905671601661
0.2459347393356126905671601661
0.2462799996147204484633342262
0.2462799996147204484633342262
0.2462799996147204484633342262
0.2464074823168940202221383952
0.2464074823168940202221383952
0.2464074823168940202221383952
0.2462144663098412060688459399
0.2462144663098412060688459399
0.2462144663098412060688459399
0.2463623863565932290996931353
0.2463623863565932290996931353
0.2463623863565932290996931353
0.2464684701699764016349550267
0.2464684701699764016349550267
0.2464684701699764016349550267
0.2464684701699764016349550267
0.2465032523374216161648564376
0.2465032523374216161648564376
0.2465032523374216161648564376
0.2463275428685769908160321668
0.2463275428685769908160321668
0.2463275428685769908160321668
0.2461776703239967468117569498
0.2461776703239967468117569498
0.2461776703239967468117569498
0.2463504643585978284772156465
0.2463504643585978284772156465
0.2463504643585978284772156465
0.2461806607892812291634982688
0.2461806607892812291634982688
0.2461806607892812291634982688
0.2460743208022798074946195093
0.2460743208022798074946195093
0.2460743208022798074946195093
0.2462556936168457026506234413
0.2462556936168457026506234413
0.2462556936168457026506234413
0.2462934915240204094388116967
0.2462934915240204094388116967
0.2462934915240204094388116967
0.2462934915240204094388116967
0.2457774381477215931907466737
0.2457774381477215931907466737
0.2457774381477215931907466737
0.2459029942452452665155708351
0.2459029942452452665155708351
0.2459029942452452665155708351
0.2459117520761963790607993153
0.2459117520761963790607993153
0.2459117520761963790607993153
0.2455145032542646568553424414
0.2455145032542646568553424414
0.2455145032542646568553424414
0.2452186616670973796790330245
0.2452186616670973796790330245
0.2452186616670973796790330245
0.2450370520526496959006128288
0.2450370520526496959006128288
0.2450370520526496959006128288
0.2449136175223342890960028653
0.2449136175223342890960028653
0.2449136175223342890960028653
0.2444481207367558716548754471
0.2444481207367558716548754471
0.2444481207367558716548754471
0.2444481207367558716548754471
