0.2406988361593437322426181871
0.2406988361593437322426181871
0.2406988361593437322426181871
0.2423253071805554263026111404
0.2423253071805554263026111404
0.2423253071805554263026111404
0.2510119319745551329889966197
0.2510119319745551329889966197
0.2510119319745551329889966197
0.2551065404605252185538335004
0.2551065404605252185538335004
0.2551065404605252185538335004
0.2514171556457219583601594736
0.2514171556457219583601594736
0.2514171556457219583601594736
0.2518933525348677197172630479
0.2518933525348677197172630479
0.2518933525348677197172630479
0.2506821429488895984147482015
0.2506821429488895984147482015
0.2506821429488895984147482015
0.2499485943828914837655075719
0.2499485943828914837655075719
0.2499485943828914837655075719
0.2515647956742616144188551014
0.2515647956742616144188551014
0.2515647956742616144188551014
0.2515647956742616144188551014
0.2495869087862941289105393155
0.2495869087862941289105393155
0.2495869087862941289105393155
0.2471430376467103278964211476
0.2471430376467103278964211476
0.2471430376467103278964211476
0.2484677470980056659658226138
0.2484677470980056659658226138
0.2484677470980056659658226138
0.2496170309711785820227627158
0.2496170309711785820227627158
0.2496170309711785820227627158
0.2465868060063770678184846828
0.2465868060063770678184846828
0.2465868060063770678184846828
0.2469357792956634006092785382
0.2469357792956634006092785382
0.2469357792956634006092785382
0.2450099082081502044322521045
0.2450099082081502044322521045
0.2450099082081502044322521045
0.2444857625841542140032902588
0.2444857625841542140032902588
0.2444857625841542140032902588
0.2444857625841542140032902588
0.2449980671781744400841578383
0.2449980671781744400841578383
0.2449980671781744400841578383
0.2457908417089496485543824415
0.2457908417089496485543824415
0.2457908417089496485543824415
0.2447546229698718138984266726
0.2447546229698718138984266726
0.2447546229698718138984266726
0.2463666015339225009780332162
0.2463666015339225009780332162
0.2463666015339225009780332162
0.2474588262977024642188658321
0.2474588262977024642188658321
0.2474588262977024642188658321
0.2469982485384891278192874414
0.2469982485384891278192874414
0.2469982485384891278192874414
0.2468094933878308723737424583
0.2468094933878308723737424583
0.2468094933878308723737424583
0.2475210334603704566904566279
0.2475210334603704566904566279
0.2475210334603704566904566279
0.2475210334603704566904566279
0.2467888191873009794799346287
0.2467888191873009794799346287
0.2467888191873009794799346287
0.2470551806977396041249991079
0.2470551806977396041249991079
0.2470551806977396041249991079
0.2468442767485643842237063169
0.2468442767485643842237063169
0.2468442767485643842237063169
0.2474873780985739869950069068
0.2474873780985739869950069068
0.2474873780985739869950069068
0.2478684061136488996487686205
0.2478684061136488996487686205
0.2478684061136488996487686205
0.2480386250087847455113036081
0.2480386250087847455113036081
0.2480386250087847455113036081
0.2477064178315744299206077485
0.2477064178315744299206077485
0.2477064178315744299206077485
0.2471021157187110703603792585
0.2471021157187110703603792585
0.2471021157187110703603792585
0.2463923774083692751053684460
0.2463923774083692751053684460
0.2463923774083692751053684460
0.2463923774083692751053684460
0.2472074330671163609830473920
0.2472074330671163609830473920
0.2472074330671163609830473920
0.2472615469541873674342255914
0.2472615469541873674342255914
0.2472615469541873674342255914
0.2464323769883307765262886808
0.2464323769883307765262886808
0.2464323769883307765262886808
0.2459835337402512913997315436
0.2459835337402512913997315436
0.2459835337402512913997315436
0.2457633172786104232218971775
0.2457633172786104232218971775
0.2457633172786104232218971775
0.2459091242556639683776655642
0.2459091242556639683776655642
0.2459091242556639683776655642
0.2462247354954541655085005608
0.2462247354954541655085005608
0.2462247354954541655085005608
0.2458831592381818813493218432
0.2458831592381818813493218432
0.2458831592381818813493218432
0.2458831592381818813493218432
0.2461425799396804882638717984
0.2461425799396804882638717984
0.2461425799396804882638717984
0.2466456687298929581305295988
0.2466456687298929581305295988
0.2466456687298929581305295988
0.2469629150958190129639693250
0.2469629150958190129639693250
0.2469629150958190129639693250
0.2471111071835935562607382332
0.2471111071835935562607382332
0.2471111071835935562607382332
0.2471399751658830042075420712
0.2471399751658830042075420712
0.2471399751658830042075420712
0.2467677348742096276517049240
0.2467677348742096276517049240
0.2467677348742096276517049240
0.2468609978288856653963234341
0.2468609978288856653963234341
0.2468609978288856653963234341
0.2469096645337579910549281022
0.2469096645337579910549281022
0.2469096645337579910549281022
0.2469096645337579910549281022
0.2472086386916271413417005591
0.2472086386916271413417005591
0.2472086386916271413417005591
0.2466814128139486878311575589
0.2466814128139486878311575589
0.2466814128139486878311575589
0.2468334067111692036067997998
0.2468334067111692036067997998
0.2468334067111692036067997998
0.2465452968209346637532978623
0.2465452968209346637532978623
0.2465452968209346637532978623
0.2467951573355381988045474980
0.2467951573355381988045474980
0.2467951573355381988045474980
0.2471217470342596971189603445
0.2471217470342596971189603445
0.2471217470342596971189603445
0.2477310514342802836077124103
0.2477310514342802836077124103
0.2477310514342802836077124103
0.2474131180741350428211373333
0.2474131180741350428211373333
0.2474131180741350428211373333
0.2474997434447449225272930697
0.2474997434447449225272930697
0.2474997434447449225272930697
0.2474997434447449225272930697
0.2480525092306071428428344277
0.2480525092306071428428344277
0.2480525092306071428428344277
0.2485516504285553843296622967
0.2485516504285553843296622967
0.2485516504285553843296622967
0.2486981974136209510706235941
0.2486981974136209510706235941
0.2486981974136209510706235941
0.2490051407820363160354039907
0.2490051407820363160354039907
0.2490051407820363160354039907
0.2488525069605373052705146239
0.2488525069605373052705146239
0.2488525069605373052705146239
0.2485189438862466300988239468
0.2485189438862466300988239468
0.2485189438862466300988239468
0.2486474648239012975541070750
0.2487329129551008651229974005
0.2487329129551008651229974005
0.2487329129551008651229974005
0.2490068969384823919378714856
0.2490068969384823919378714856
0.2490068969384823919378714856
0.2489303685028290030371261223
0.2489303685028290030371261223
0.2489303685028290030371261223
0.2492306396064529137462711421
0.2492306396064529137462711421
0.2492306396064529137462711421
0.2488313279593180806227704685
0.2488313279593180806227704685
0.2488313279593180806227704685
0.2484863525443039710170469279
0.2484863525443039710170469279
0.2484863525443039710170469279
0.2481595377726278362758046742
0.2481595377726278362758046742
0.2481595377726278362758046742
0.2481595377726278362758046742
0.2482060992840943643280619275
0.2482060992840943643280619275
0.2482060992840943643280619275
0.2479132710057367704744921955
0.2479132710057367704744921955
0.2479132710057367704744921955
0.2478482315594627554072849843
0.2478482315594627554072849843
0.2478482315594627554072849843
0.2482156010520504713191431847
0.2482156010520504713191431847
0.2482156010520504713191431847
0.2482459038710740437128642049
0.2482459038710740437128642049
0.2482459038710740437128642049
0.2484015544870371489900115131
0.2484015544870371489900115131
0.2484015544870371489900115131
0.2480791617169785113803928176
0.2480791617169785113803928176
0.2480791617169785113803928176
0.2480605152836990312146468947
0.2480605152836990312146468947
0.2480605152836990312146468947
0.2480605152836990312146468947
