0.00004718577925182702794471053340
0.00004718577925182702794471053340
0.00004718577925182702794471053340
0.00004718577925182702794471053340
0.00004718577925182702794471053340
0.00004718577925182702794471053340
0.00004718577925182702794471053340
0.00004718577925182702794471053340
0.00004718577925182702794471053340
0.00004718577925182702794471053340
0.00004718577925182702794471053340
0.00004718577925182702794471053340
0.00004718577925182702794471053340
0.00004718577925182702794471053340
0.00004718577925182702794471053340
0.00004541677936867276573563494320
0.00004541677936867276573563494320
0.00004541677936867276573563494320
0.00004541677936867276573563494320
0.00004541677936867276573563494320
0.00004541677936867276573563494320
0.00004541677936867276573563494320
0.00004541677936867276573563494320
0.00004541677936867276573563494320
0.00004541677936867276573563494320
0.00004541677936867276573563494320
0.00004541677936867276573563494320
0.00004541677936867276573563494320
0.00004541677936867276573563494320
0.00004541677936867276573563494320
0.00004541677936867276573563494320
0.00004422574265487302278860716801
0.00004422574265487302278860716801
0.00004422574265487302278860716801
0.00004422574265487302278860716801
0.00004422574265487302278860716801
0.00004422574265487302278860716801
0.00004422574265487302278860716801
0.00004422574265487302278860716801
0.00004422574265487302278860716801
0.00004422574265487302278860716801
0.00004422574265487302278860716801
0.00004422574265487302278860716801
0.00004422574265487302278860716801
0.00004422574265487302278860716801
0.00004422574265487302278860716801
0.00004397376295368202421526613363
0.00004397376295368202421526613363
0.00004397376295368202421526613363
0.00004397376295368202421526613363
0.00004397376295368202421526613363
0.00004397376295368202421526613363
0.00004397376295368202421526613363
0.00004397376295368202421526613363
0.00004397376295368202421526613363
0.00004397376295368202421526613363
0.00004397376295368202421526613363
0.00004397376295368202421526613363
0.00004397376295368202421526613363
0.00004397376295368202421526613363
0.00004397376295368202421526613363
0.00004397376295368202421526613363
0.00004351206768307936227489965023
0.00004351206768307936227489965023
0.00004351206768307936227489965023
0.00004351206768307936227489965023
0.00004351206768307936227489965023
0.00004351206768307936227489965023
0.00004351206768307936227489965023
0.00004351206768307936227489965023
0.00004351206768307936227489965023
0.00004351206768307936227489965023
0.00004351206768307936227489965023
0.00004351206768307936227489965023
0.00004351206768307936227489965023
0.00004351206768307936227489965023
0.00004351206768307936227489965023
0.00004351206768307936227489965023
0.00004286396885026056790822974525
0.00004286396885026056790822974525
0.00004286396885026056790822974525
0.00004286396885026056790822974525
0.00004286396885026056790822974525
0.00004286396885026056790822974525
0.00004286396885026056790822974525
0.00004286396885026056790822974525
0.00004286396885026056790822974525
0.00004286396885026056790822974525
0.00004286396885026056790822974525
0.00004286396885026056790822974525
0.00004286396885026056790822974525
0.00004286396885026056790822974525
0.00004286396885026056790822974525
0.00004243209277485301376829529568
0.00004243209277485301376829529568
0.00004243209277485301376829529568
0.00004243209277485301376829529568
0.00004243209277485301376829529568
0.00004243209277485301376829529568
0.00004243209277485301376829529568
0.00004243209277485301376829529568
0.00004243209277485301376829529568
0.00004243209277485301376829529568
0.00004243209277485301376829529568
0.00004243209277485301376829529568
0.00004243209277485301376829529568
0.00004243209277485301376829529568
0.00004243209277485301376829529568
0.00004243209277485301376829529568
0.00004338945753557315082491434310
0.00004338945753557315082491434310
0.00004338945753557315082491434310
0.00004338945753557315082491434310
0.00004338945753557315082491434310
0.00004338945753557315082491434310
0.00004338945753557315082491434310
0.00004338945753557315082491434310
0.00004338945753557315082491434310
0.00004338945753557315082491434310
0.00004338945753557315082491434310
0.00004338945753557315082491434310
0.00004338945753557315082491434310
0.00004338945753557315082491434310
0.00004338945753557315082491434310
0.00004396923514123880504282955377
0.00004396923514123880504282955377
0.00004396923514123880504282955377
0.00004396923514123880504282955377
0.00004396923514123880504282955377
0.00004396923514123880504282955377
0.00004396923514123880504282955377
0.00004396923514123880504282955377
0.00004396923514123880504282955377
0.00004396923514123880504282955377
0.00004396923514123880504282955377
0.00004396923514123880504282955377
0.00004396923514123880504282955377
0.00004396923514123880504282955377
0.00004396923514123880504282955377
0.00004396923514123880504282955377
0.00004355366464058199962086916195
0.00004355366464058199962086916195
0.00004355366464058199962086916195
0.00004355366464058199962086916195
0.00004355366464058199962086916195
0.00004355366464058199962086916195
0.00004355366464058199962086916195
0.00004355366464058199962086916195
0.00004355366464058199962086916195
0.00004355366464058199962086916195
0.00004355366464058199962086916195
0.00004355366464058199962086916195
0.00004355366464058199962086916195
0.00004355366464058199962086916195
0.00004355366464058199962086916195
0.00004355366464058199962086916195
0.00004378595350413375534679467691
0.00004378595350413375534679467691
0.00004378595350413375534679467691
0.00004378595350413375534679467691
0.00004378595350413375534679467691
0.00004378595350413375534679467691
0.00004378595350413375534679467691
0.00004378595350413375534679467691
0.00004378595350413375534679467691
0.00004378595350413375534679467691
0.00004378595350413375534679467691
0.00004378595350413375534679467691
0.00004378595350413375534679467691
0.00004378595350413375534679467691
0.00004378595350413375534679467691
0.00004426743603212906774208794310
0.00004426743603212906774208794310
0.00004426743603212906774208794310
0.00004426743603212906774208794310
0.00004426743603212906774208794310
0.00004426743603212906774208794310
0.00004426743603212906774208794310
0.00004426743603212906774208794310
0.00004426743603212906774208794310
0.00004426743603212906774208794310
0.00004426743603212906774208794310
0.00004426743603212906774208794310
0.00004426743603212906774208794310
0.00004426743603212906774208794310
0.00004426743603212906774208794310
0.00004426743603212906774208794310
0.00004485140943181390561439349540
0.00004485140943181390561439349540
0.00004485140943181390561439349540
0.00004485140943181390561439349540
0.00004485140943181390561439349540
0.00004485140943181390561439349540
0.00004485140943181390561439349540
0.00004485140943181390561439349540
0.00004485140943181390561439349540
0.00004485140943181390561439349540
0.00004485140943181390561439349540
0.00004485140943181390561439349540
0.00004485140943181390561439349540
0.00004485140943181390561439349540
0.00004485140943181390561439349540
0.00004485140943181390561439349540
0.00004480749298501786160563717219
0.00004480749298501786160563717219
0.00004480749298501786160563717219
0.00004480749298501786160563717219
0.00004480749298501786160563717219
0.00004480749298501786160563717219
0.00004480749298501786160563717219
0.00004480749298501786160563717219
0.00004480749298501786160563717219
0.00004480749298501786160563717219
0.00004480749298501786160563717219
0.00004480749298501786160563717219
0.00004480749298501786160563717219
0.00004480749298501786160563717219
0.00004480749298501786160563717219
0.00004528076036885320449072057344
0.00004528076036885320449072057344
0.00004528076036885320449072057344
0.00004528076036885320449072057344
0.00004528076036885320449072057344
0.00004528076036885320449072057344
0.00004528076036885320449072057344
0.00004528076036885320449072057344
0.00004528076036885320449072057344
0.00004528076036885320449072057344
0.00004528076036885320449072057344
0.00004528076036885320449072057344
0.00004528076036885320449072057344
0.00004528076036885320449072057344
0.00004528076036885320449072057344
0.00004528076036885320449072057344
0.00004563106859801476050111877891
0.00004563106859801476050111877891
0.00004563106859801476050111877891
0.00004563106859801476050111877891
0.00004563106859801476050111877891
0.00004563106859801476050111877891
0.00004563106859801476050111877891
0.00004563106859801476050111877891
0.00004563106859801476050111877891
0.00004563106859801476050111877891
0.00004563106859801476050111877891
0.00004563106859801476050111877891
0.00004563106859801476050111877891
0.00004563106859801476050111877891
0.00004563106859801476050111877891
0.00004563106859801476050111877891
0.00004558559630584809128384925076
0.00004558559630584809128384925076
0.00004558559630584809128384925076
0.00004558559630584809128384925076
0.00004558559630584809128384925076
0.00004558559630584809128384925076
0.00004558559630584809128384925076
0.00004558559630584809128384925076
0.00004558559630584809128384925076
0.00004558559630584809128384925076
0.00004558559630584809128384925076
0.00004558559630584809128384925076
0.00004558559630584809128384925076
0.00004558559630584809128384925076
0.00004558559630584809128384925076
0.00004563274898214119607554945351
0.00004563274898214119607554945351
0.00004563274898214119607554945351
0.00004563274898214119607554945351
0.00004563274898214119607554945351
0.00004563274898214119607554945351
0.00004563274898214119607554945351
0.00004563274898214119607554945351
0.00004563274898214119607554945351
0.00004563274898214119607554945351
0.00004563274898214119607554945351
0.00004563274898214119607554945351
0.00004563274898214119607554945351
0.00004563274898214119607554945351
0.00004563274898214119607554945351
0.00004563274898214119607554945351
0.00004549870742951638951589122425
0.00004549870742951638951589122425
0.00004549870742951638951589122425
0.00004549870742951638951589122425
0.00004549870742951638951589122425
0.00004549870742951638951589122425
0.00004549870742951638951589122425
0.00004549870742951638951589122425
0.00004549870742951638951589122425
0.00004549870742951638951589122425
0.00004549870742951638951589122425
0.00004549870742951638951589122425
0.00004549870742951638951589122425
0.00004549870742951638951589122425
0.00004549870742951638951589122425
0.00004541054861398785746546383753
0.00004541054861398785746546383753
0.00004541054861398785746546383753
0.00004541054861398785746546383753
0.00004541054861398785746546383753
0.00004541054861398785746546383753
0.00004541054861398785746546383753
0.00004541054861398785746546383753
0.00004541054861398785746546383753
0.00004541054861398785746546383753
0.00004541054861398785746546383753
0.00004541054861398785746546383753
0.00004541054861398785746546383753
0.00004541054861398785746546383753
0.00004541054861398785746546383753
0.00004541054861398785746546383753
0.00004521511214891676797349408664
0.00004521511214891676797349408664
0.00004521511214891676797349408664
0.00004521511214891676797349408664
0.00004521511214891676797349408664
0.00004521511214891676797349408664
0.00004521511214891676797349408664
0.00004521511214891676797349408664
0.00004521511214891676797349408664
0.00004521511214891676797349408664
0.00004521511214891676797349408664
0.00004521511214891676797349408664
0.00004521511214891676797349408664
0.00004521511214891676797349408664
0.00004521511214891676797349408664
0.00004521511214891676797349408664
0.00004545030844672540444777974496
0.00004545030844672540444777974496
0.00004545030844672540444777974496
0.00004545030844672540444777974496
0.00004545030844672540444777974496
0.00004545030844672540444777974496
0.00004545030844672540444777974496
0.00004545030844672540444777974496
0.00004545030844672540444777974496
0.00004545030844672540444777974496
0.00004545030844672540444777974496
0.00004545030844672540444777974496
0.00004545030844672540444777974496
0.00004545030844672540444777974496
0.00004545030844672540444777974496
0.00004528498069384561381416178315
0.00004528498069384561381416178315
0.00004528498069384561381416178315
0.00004528498069384561381416178315
0.00004528498069384561381416178315
0.00004528498069384561381416178315
0.00004528498069384561381416178315
0.00004528498069384561381416178315
0.00004528498069384561381416178315
0.00004528498069384561381416178315
0.00004528498069384561381416178315
0.00004528498069384561381416178315
0.00004528498069384561381416178315
0.00004528498069384561381416178315
0.00004528498069384561381416178315
0.00004528498069384561381416178315
0.00004524329915581548616918100483
0.00004524329915581548616918100483
0.00004524329915581548616918100483
0.00004524329915581548616918100483
0.00004524329915581548616918100483
0.00004524329915581548616918100483
0.00004524329915581548616918100483
0.00004524329915581548616918100483
0.00004524329915581548616918100483
0.00004524329915581548616918100483
0.00004524329915581548616918100483
0.00004524329915581548616918100483
0.00004524329915581548616918100483
0.00004524329915581548616918100483
0.00004524329915581548616918100483
0.00004506462987261179654001592553
0.00004506462987261179654001592553
0.00004506462987261179654001592553
0.00004506462987261179654001592553
0.00004506462987261179654001592553
0.00004506462987261179654001592553
0.00004506462987261179654001592553
0.00004506462987261179654001592553
0.00004506462987261179654001592553
0.00004506462987261179654001592553
0.00004506462987261179654001592553
0.00004506462987261179654001592553
0.00004506462987261179654001592553
0.00004506462987261179654001592553
0.00004506462987261179654001592553
0.00004506462987261179654001592553
0.00004522608102197284072285496749
0.00004522608102197284072285496749
0.00004522608102197284072285496749
0.00004522608102197284072285496749
0.00004522608102197284072285496749
0.00004522608102197284072285496749
0.00004522608102197284072285496749
0.00004522608102197284072285496749
0.00004522608102197284072285496749
0.00004522608102197284072285496749
0.00004522608102197284072285496749
0.00004522608102197284072285496749
0.00004522608102197284072285496749
0.00004522608102197284072285496749
0.00004522608102197284072285496749
0.00004522608102197284072285496749
0.00004517747899707933786501899271
0.00004517747899707933786501899271
0.00004517747899707933786501899271
0.00004517747899707933786501899271
0.00004517747899707933786501899271
0.00004517747899707933786501899271
0.00004517747899707933786501899271
0.00004517747899707933786501899271
0.00004517747899707933786501899271
0.00004517747899707933786501899271
0.00004517747899707933786501899271
0.00004517747899707933786501899271
0.00004517747899707933786501899271
0.00004517747899707933786501899271
0.00004517747899707933786501899271
0.00004508831879034140961036693957
0.00004508831879034140961036693957
0.00004508831879034140961036693957
0.00004508831879034140961036693957
0.00004508831879034140961036693957
0.00004508831879034140961036693957
0.00004508831879034140961036693957
0.00004508831879034140961036693957
0.00004508831879034140961036693957
0.00004508831879034140961036693957
0.00004508831879034140961036693957
0.00004508831879034140961036693957
0.00004508831879034140961036693957
0.00004508831879034140961036693957
0.00004508831879034140961036693957
0.00004508831879034140961036693957
0.00004536029737179169679554156046
0.00004536029737179169679554156046
0.00004536029737179169679554156046
0.00004536029737179169679554156046
0.00004536029737179169679554156046
0.00004536029737179169679554156046
0.00004536029737179169679554156046
0.00004536029737179169679554156046
0.00004536029737179169679554156046
0.00004536029737179169679554156046
0.00004536029737179169679554156046
0.00004536029737179169679554156046
0.00004536029737179169679554156046
0.00004536029737179169679554156046
0.00004536029737179169679554156046
0.00004536029737179169679554156046
0.00004517070281308543914678727419
0.00004517070281308543914678727419
0.00004517070281308543914678727419
0.00004517070281308543914678727419
0.00004517070281308543914678727419
0.00004517070281308543914678727419
0.00004517070281308543914678727419
0.00004517070281308543914678727419
0.00004517070281308543914678727419
0.00004517070281308543914678727419
0.00004517070281308543914678727419
0.00004517070281308543914678727419
0.00004517070281308543914678727419
0.00004517070281308543914678727419
0.00004517070281308543914678727419
0.00004518627016341751222369921813
0.00004518627016341751222369921813
0.00004518627016341751222369921813
0.00004518627016341751222369921813
0.00004518627016341751222369921813
0.00004518627016341751222369921813
0.00004518627016341751222369921813
0.00004518627016341751222369921813
0.00004518627016341751222369921813
0.00004518627016341751222369921813
0.00004518627016341751222369921813
0.00004518627016341751222369921813
0.00004518627016341751222369921813
0.00004518627016341751222369921813
0.00004518627016341751222369921813
0.00004518627016341751222369921813
0.00004538491832686414498360747621
0.00004538491832686414498360747621
0.00004538491832686414498360747621
0.00004538491832686414498360747621
0.00004538491832686414498360747621
0.00004538491832686414498360747621
0.00004538491832686414498360747621
0.00004538491832686414498360747621
0.00004538491832686414498360747621
0.00004538491832686414498360747621
0.00004538491832686414498360747621
0.00004538491832686414498360747621
0.00004538491832686414498360747621
0.00004538491832686414498360747621
0.00004538491832686414498360747621
0.00004538491832686414498360747621
