0.00004755098147960002913231125055
0.00004755098147960002913231125055
0.00004755098147960002913231125055
0.00004755098147960002913231125055
0.00004755098147960002913231125055
0.00004755098147960002913231125055
0.00004755098147960002913231125055
0.00004755098147960002913231125055
0.00004755098147960002913231125055
0.00004755098147960002913231125055
0.00004755098147960002913231125055
0.00004755098147960002913231125055
0.00004755098147960002913231125055
0.00004755098147960002913231125055
0.00004755098147960002913231125055
0.00004432534956048573595887059587
0.00004432534956048573595887059587
0.00004432534956048573595887059587
0.00004432534956048573595887059587
0.00004432534956048573595887059587
0.00004432534956048573595887059587
0.00004432534956048573595887059587
0.00004432534956048573595887059587
0.00004432534956048573595887059587
0.00004432534956048573595887059587
0.00004432534956048573595887059587
0.00004432534956048573595887059587
0.00004432534956048573595887059587
0.00004432534956048573595887059587
0.00004432534956048573595887059587
0.00004432534956048573595887059587
0.00004409458491768219841959338161
0.00004409458491768219841959338161
0.00004409458491768219841959338161
0.00004409458491768219841959338161
0.00004409458491768219841959338161
0.00004409458491768219841959338161
0.00004409458491768219841959338161
0.00004409458491768219841959338161
0.00004409458491768219841959338161
0.00004409458491768219841959338161
0.00004409458491768219841959338161
0.00004409458491768219841959338161
0.00004409458491768219841959338161
0.00004409458491768219841959338161
0.00004409458491768219841959338161
0.00004395373353541351856190773216
0.00004395373353541351856190773216
0.00004395373353541351856190773216
0.00004395373353541351856190773216
0.00004395373353541351856190773216
0.00004395373353541351856190773216
0.00004395373353541351856190773216
0.00004395373353541351856190773216
0.00004395373353541351856190773216
0.00004395373353541351856190773216
0.00004395373353541351856190773216
0.00004395373353541351856190773216
0.00004395373353541351856190773216
0.00004395373353541351856190773216
0.00004395373353541351856190773216
0.00004395373353541351856190773216
0.00004376336198680992599426953814
0.00004376336198680992599426953814
0.00004376336198680992599426953814
0.00004376336198680992599426953814
0.00004376336198680992599426953814
0.00004376336198680992599426953814
0.00004376336198680992599426953814
0.00004376336198680992599426953814
0.00004376336198680992599426953814
0.00004376336198680992599426953814
0.00004376336198680992599426953814
0.00004376336198680992599426953814
0.00004376336198680992599426953814
0.00004376336198680992599426953814
0.00004376336198680992599426953814
0.00004376336198680992599426953814
0.00004356378417735477465792926077
0.00004356378417735477465792926077
0.00004356378417735477465792926077
0.00004356378417735477465792926077
0.00004356378417735477465792926077
0.00004356378417735477465792926077
0.00004356378417735477465792926077
0.00004356378417735477465792926077
0.00004356378417735477465792926077
0.00004356378417735477465792926077
0.00004356378417735477465792926077
0.00004356378417735477465792926077
0.00004356378417735477465792926077
0.00004356378417735477465792926077
0.00004356378417735477465792926077
0.00004305380600703904127807719616
0.00004305380600703904127807719616
0.00004305380600703904127807719616
0.00004305380600703904127807719616
0.00004305380600703904127807719616
0.00004305380600703904127807719616
0.00004305380600703904127807719616
0.00004305380600703904127807719616
0.00004305380600703904127807719616
0.00004305380600703904127807719616
0.00004305380600703904127807719616
0.00004305380600703904127807719616
0.00004305380600703904127807719616
0.00004305380600703904127807719616
0.00004305380600703904127807719616
0.00004305380600703904127807719616
0.00004343527000534336419422934761
0.00004343527000534336419422934761
0.00004343527000534336419422934761
0.00004343527000534336419422934761
0.00004343527000534336419422934761
0.00004343527000534336419422934761
0.00004343527000534336419422934761
0.00004343527000534336419422934761
0.00004343527000534336419422934761
0.00004343527000534336419422934761
0.00004343527000534336419422934761
0.00004343527000534336419422934761
0.00004343527000534336419422934761
0.00004343527000534336419422934761
0.00004343527000534336419422934761
0.00004330122942595813906395055513
0.00004330122942595813906395055513
0.00004330122942595813906395055513
0.00004330122942595813906395055513
0.00004330122942595813906395055513
0.00004330122942595813906395055513
0.00004330122942595813906395055513
0.00004330122942595813906395055513
0.00004330122942595813906395055513
0.00004330122942595813906395055513
0.00004330122942595813906395055513
0.00004330122942595813906395055513
0.00004330122942595813906395055513
0.00004330122942595813906395055513
0.00004330122942595813906395055513
0.00004330122942595813906395055513
0.00004410721514228130738593674997
0.00004410721514228130738593674997
0.00004410721514228130738593674997
0.00004410721514228130738593674997
0.00004410721514228130738593674997
0.00004410721514228130738593674997
0.00004410721514228130738593674997
0.00004410721514228130738593674997
0.00004410721514228130738593674997
0.00004410721514228130738593674997
0.00004410721514228130738593674997
0.00004410721514228130738593674997
0.00004410721514228130738593674997
0.00004410721514228130738593674997
0.00004410721514228130738593674997
0.00004410721514228130738593674997
0.00004452737580982520674148435227
0.00004452737580982520674148435227
0.00004452737580982520674148435227
0.00004452737580982520674148435227
0.00004452737580982520674148435227
0.00004452737580982520674148435227
0.00004452737580982520674148435227
0.00004452737580982520674148435227
0.00004452737580982520674148435227
0.00004452737580982520674148435227
0.00004452737580982520674148435227
0.00004452737580982520674148435227
0.00004452737580982520674148435227
0.00004452737580982520674148435227
0.00004452737580982520674148435227
0.00004391243165696529488351565643
0.00004391243165696529488351565643
0.00004391243165696529488351565643
0.00004391243165696529488351565643
0.00004391243165696529488351565643
0.00004391243165696529488351565643
0.00004391243165696529488351565643
0.00004391243165696529488351565643
0.00004391243165696529488351565643
0.00004391243165696529488351565643
0.00004391243165696529488351565643
0.00004391243165696529488351565643
0.00004391243165696529488351565643
0.00004391243165696529488351565643
0.00004391243165696529488351565643
0.00004391243165696529488351565643
0.00004427195378917409502849069487
0.00004427195378917409502849069487
0.00004427195378917409502849069487
0.00004427195378917409502849069487
0.00004427195378917409502849069487
0.00004427195378917409502849069487
0.00004427195378917409502849069487
0.00004427195378917409502849069487
0.00004427195378917409502849069487
0.00004427195378917409502849069487
0.00004427195378917409502849069487
0.00004427195378917409502849069487
0.00004427195378917409502849069487
0.00004427195378917409502849069487
0.00004427195378917409502849069487
0.00004427195378917409502849069487
0.00004371282107432131713688873123
0.00004371282107432131713688873123
0.00004371282107432131713688873123
0.00004371282107432131713688873123
0.00004371282107432131713688873123
0.00004371282107432131713688873123
0.00004371282107432131713688873123
0.00004371282107432131713688873123
0.00004371282107432131713688873123
0.00004371282107432131713688873123
0.00004371282107432131713688873123
0.00004371282107432131713688873123
0.00004371282107432131713688873123
0.00004371282107432131713688873123
0.00004371282107432131713688873123
0.00004398903267841153005005191153
0.00004398903267841153005005191153
0.00004398903267841153005005191153
0.00004398903267841153005005191153
0.00004398903267841153005005191153
0.00004398903267841153005005191153
0.00004398903267841153005005191153
0.00004398903267841153005005191153
0.00004398903267841153005005191153
0.00004398903267841153005005191153
0.00004398903267841153005005191153
0.00004398903267841153005005191153
0.00004398903267841153005005191153
0.00004398903267841153005005191153
0.00004398903267841153005005191153
0.00004398903267841153005005191153
0.00004392116487153893919675776075
0.00004392116487153893919675776075
0.00004392116487153893919675776075
0.00004392116487153893919675776075
0.00004392116487153893919675776075
0.00004392116487153893919675776075
0.00004392116487153893919675776075
0.00004392116487153893919675776075
0.00004392116487153893919675776075
0.00004392116487153893919675776075
0.00004392116487153893919675776075
0.00004392116487153893919675776075
0.00004392116487153893919675776075
0.00004392116487153893919675776075
0.00004392116487153893919675776075
0.00004392116487153893919675776075
0.00004381062883928709363911939243
0.00004381062883928709363911939243
0.00004381062883928709363911939243
0.00004381062883928709363911939243
0.00004381062883928709363911939243
0.00004381062883928709363911939243
0.00004381062883928709363911939243
0.00004381062883928709363911939243
0.00004381062883928709363911939243
0.00004381062883928709363911939243
0.00004381062883928709363911939243
0.00004381062883928709363911939243
0.00004381062883928709363911939243
0.00004381062883928709363911939243
0.00004381062883928709363911939243
0.00004397900801477619115927302221
0.00004397900801477619115927302221
0.00004397900801477619115927302221
0.00004397900801477619115927302221
0.00004397900801477619115927302221
0.00004397900801477619115927302221
0.00004397900801477619115927302221
0.00004397900801477619115927302221
0.00004397900801477619115927302221
0.00004397900801477619115927302221
0.00004397900801477619115927302221
0.00004397900801477619115927302221
0.00004397900801477619115927302221
0.00004397900801477619115927302221
0.00004397900801477619115927302221
0.00004397900801477619115927302221
0.00004376644850142232267194103823
0.00004376644850142232267194103823
0.00004376644850142232267194103823
0.00004376644850142232267194103823
0.00004376644850142232267194103823
0.00004376644850142232267194103823
0.00004376644850142232267194103823
0.00004376644850142232267194103823
0.00004376644850142232267194103823
0.00004376644850142232267194103823
0.00004376644850142232267194103823
0.00004376644850142232267194103823
0.00004376644850142232267194103823
0.00004376644850142232267194103823
0.00004376644850142232267194103823
0.00004414308416547526910037284737
0.00004414308416547526910037284737
0.00004414308416547526910037284737
0.00004414308416547526910037284737
0.00004414308416547526910037284737
0.00004414308416547526910037284737
0.00004414308416547526910037284737
0.00004414308416547526910037284737
0.00004414308416547526910037284737
0.00004414308416547526910037284737
0.00004414308416547526910037284737
0.00004414308416547526910037284737
0.00004414308416547526910037284737
0.00004414308416547526910037284737
0.00004414308416547526910037284737
0.00004414308416547526910037284737
0.00004408611172578776370404502191
0.00004408611172578776370404502191
0.00004408611172578776370404502191
0.00004408611172578776370404502191
0.00004408611172578776370404502191
0.00004408611172578776370404502191
0.00004408611172578776370404502191
0.00004408611172578776370404502191
0.00004408611172578776370404502191
0.00004408611172578776370404502191
0.00004408611172578776370404502191
0.00004408611172578776370404502191
0.00004408611172578776370404502191
0.00004408611172578776370404502191
0.00004408611172578776370404502191
0.00004408611172578776370404502191
0.00004442645330265971985594818366
0.00004442645330265971985594818366
0.00004442645330265971985594818366
0.00004442645330265971985594818366
0.00004442645330265971985594818366
0.00004442645330265971985594818366
0.00004442645330265971985594818366
0.00004442645330265971985594818366
0.00004442645330265971985594818366
0.00004442645330265971985594818366
0.00004442645330265971985594818366
0.00004442645330265971985594818366
0.00004442645330265971985594818366
0.00004442645330265971985594818366
0.00004442645330265971985594818366
0.00004448803564911933740118941422
0.00004448803564911933740118941422
0.00004448803564911933740118941422
0.00004448803564911933740118941422
0.00004448803564911933740118941422
0.00004448803564911933740118941422
0.00004448803564911933740118941422
0.00004448803564911933740118941422
0.00004448803564911933740118941422
0.00004448803564911933740118941422
0.00004448803564911933740118941422
0.00004448803564911933740118941422
0.00004448803564911933740118941422
0.00004448803564911933740118941422
0.00004448803564911933740118941422
0.00004448803564911933740118941422
0.00004460395756082225078802287431
0.00004460395756082225078802287431
0.00004460395756082225078802287431
0.00004460395756082225078802287431
0.00004460395756082225078802287431
0.00004460395756082225078802287431
0.00004460395756082225078802287431
0.00004460395756082225078802287431
0.00004460395756082225078802287431
0.00004460395756082225078802287431
0.00004460395756082225078802287431
0.00004460395756082225078802287431
0.00004460395756082225078802287431
0.00004460395756082225078802287431
0.00004460395756082225078802287431
0.00004446234103962901706841355141
0.00004446234103962901706841355141
0.00004446234103962901706841355141
0.00004446234103962901706841355141
0.00004446234103962901706841355141
0.00004446234103962901706841355141
0.00004446234103962901706841355141
0.00004446234103962901706841355141
0.00004446234103962901706841355141
0.00004446234103962901706841355141
0.00004446234103962901706841355141
0.00004446234103962901706841355141
0.00004446234103962901706841355141
0.00004446234103962901706841355141
0.00004446234103962901706841355141
0.00004446234103962901706841355141
0.00004414128837384447596331738061
0.00004414128837384447596331738061
0.00004414128837384447596331738061
0.00004414128837384447596331738061
0.00004414128837384447596331738061
0.00004414128837384447596331738061
0.00004414128837384447596331738061
0.00004414128837384447596331738061
0.00004414128837384447596331738061
0.00004414128837384447596331738061
0.00004414128837384447596331738061
0.00004414128837384447596331738061
0.00004414128837384447596331738061
0.00004414128837384447596331738061
0.00004414128837384447596331738061
0.00004414128837384447596331738061
0.00004427689454872836613191154358
0.00004427689454872836613191154358
0.00004427689454872836613191154358
0.00004427689454872836613191154358
0.00004427689454872836613191154358
0.00004427689454872836613191154358
0.00004427689454872836613191154358
0.00004427689454872836613191154358
0.00004427689454872836613191154358
0.00004427689454872836613191154358
0.00004427689454872836613191154358
0.00004427689454872836613191154358
0.00004427689454872836613191154358
0.00004427689454872836613191154358
0.00004427689454872836613191154358
0.00004436431000243679885648975483
0.00004436431000243679885648975483
0.00004436431000243679885648975483
0.00004436431000243679885648975483
0.00004436431000243679885648975483
0.00004436431000243679885648975483
0.00004436431000243679885648975483
0.00004436431000243679885648975483
0.00004436431000243679885648975483
0.00004436431000243679885648975483
0.00004436431000243679885648975483
0.00004436431000243679885648975483
0.00004436431000243679885648975483
0.00004436431000243679885648975483
0.00004436431000243679885648975483
0.00004436431000243679885648975483
0.00004449455677971128331903339146
0.00004449455677971128331903339146
0.00004449455677971128331903339146
0.00004449455677971128331903339146
0.00004449455677971128331903339146
0.00004449455677971128331903339146
0.00004449455677971128331903339146
0.00004449455677971128331903339146
0.00004449455677971128331903339146
0.00004449455677971128331903339146
0.00004449455677971128331903339146
0.00004449455677971128331903339146
0.00004449455677971128331903339146
0.00004449455677971128331903339146
0.00004449455677971128331903339146
0.00004449455677971128331903339146
0.00004444762590949273277954151228
0.00004444762590949273277954151228
0.00004444762590949273277954151228
0.00004444762590949273277954151228
0.00004444762590949273277954151228
0.00004444762590949273277954151228
0.00004444762590949273277954151228
0.00004444762590949273277954151228
0.00004444762590949273277954151228
0.00004444762590949273277954151228
0.00004444762590949273277954151228
0.00004444762590949273277954151228
0.00004444762590949273277954151228
0.00004444762590949273277954151228
0.00004444762590949273277954151228
0.00004452749871833362107175042924
0.00004452749871833362107175042924
0.00004452749871833362107175042924
0.00004452749871833362107175042924
0.00004452749871833362107175042924
0.00004452749871833362107175042924
0.00004452749871833362107175042924
0.00004452749871833362107175042924
0.00004452749871833362107175042924
0.00004452749871833362107175042924
0.00004452749871833362107175042924
0.00004452749871833362107175042924
0.00004452749871833362107175042924
0.00004452749871833362107175042924
0.00004452749871833362107175042924
0.00004452749871833362107175042924
0.00004446152386344568726386088514
0.00004446152386344568726386088514
0.00004446152386344568726386088514
0.00004446152386344568726386088514
0.00004446152386344568726386088514
0.00004446152386344568726386088514
0.00004446152386344568726386088514
0.00004446152386344568726386088514
0.00004446152386344568726386088514
0.00004446152386344568726386088514
0.00004446152386344568726386088514
0.00004446152386344568726386088514
0.00004446152386344568726386088514
0.00004446152386344568726386088514
0.00004446152386344568726386088514
0.00004446152386344568726386088514
