0.00003772296324301815999526628278
0.00003772296324301815999526628278
0.00003772296324301815999526628278
0.00003772296324301815999526628278
0.00003772296324301815999526628278
0.00003772296324301815999526628278
0.00003772296324301815999526628278
0.00003772296324301815999526628278
0.00003772296324301815999526628278
0.00003772296324301815999526628278
0.00003772296324301815999526628278
0.00003772296324301815999526628278
0.00003772296324301815999526628278
0.00003772296324301815999526628278
0.00003772296324301815999526628278
0.00003908439191638922114884285696
0.00003908439191638922114884285696
0.00003908439191638922114884285696
0.00003908439191638922114884285696
0.00003908439191638922114884285696
0.00003908439191638922114884285696
0.00003908439191638922114884285696
0.00003908439191638922114884285696
0.00003908439191638922114884285696
0.00003908439191638922114884285696
0.00003908439191638922114884285696
0.00003908439191638922114884285696
0.00003908439191638922114884285696
0.00003908439191638922114884285696
0.00003908439191638922114884285696
0.00003908439191638922114884285696
0.00004043244490210943245903153173
0.00004043244490210943245903153173
0.00004043244490210943245903153173
0.00004043244490210943245903153173
0.00004043244490210943245903153173
0.00004043244490210943245903153173
0.00004043244490210943245903153173
0.00004043244490210943245903153173
0.00004043244490210943245903153173
0.00004043244490210943245903153173
0.00004043244490210943245903153173
0.00004043244490210943245903153173
0.00004043244490210943245903153173
0.00004043244490210943245903153173
0.00004043244490210943245903153173
0.00003946700882475724890740011729
0.00003946700882475724890740011729
0.00003946700882475724890740011729
0.00003946700882475724890740011729
0.00003946700882475724890740011729
0.00003946700882475724890740011729
0.00003946700882475724890740011729
0.00003946700882475724890740011729
0.00003946700882475724890740011729
0.00003946700882475724890740011729
0.00003946700882475724890740011729
0.00003946700882475724890740011729
0.00003946700882475724890740011729
0.00003946700882475724890740011729
0.00003946700882475724890740011729
0.00003946700882475724890740011729
0.00003993261176495047436334271593
0.00003993261176495047436334271593
0.00003993261176495047436334271593
0.00003993261176495047436334271593
0.00003993261176495047436334271593
0.00003993261176495047436334271593
0.00003993261176495047436334271593
0.00003993261176495047436334271593
0.00003993261176495047436334271593
0.00003993261176495047436334271593
0.00003993261176495047436334271593
0.00003993261176495047436334271593
0.00003993261176495047436334271593
0.00003993261176495047436334271593
0.00003993261176495047436334271593
0.00003993261176495047436334271593
0.00004089879194785529508405081574
0.00004089879194785529508405081574
0.00004089879194785529508405081574
0.00004089879194785529508405081574
0.00004089879194785529508405081574
0.00004089879194785529508405081574
0.00004089879194785529508405081574
0.00004089879194785529508405081574
0.00004089879194785529508405081574
0.00004089879194785529508405081574
0.00004089879194785529508405081574
0.00004089879194785529508405081574
0.00004089879194785529508405081574
0.00004089879194785529508405081574
0.00004089879194785529508405081574
0.00004131265422048034503155273386
0.00004131265422048034503155273386
0.00004131265422048034503155273386
0.00004131265422048034503155273386
0.00004131265422048034503155273386
0.00004131265422048034503155273386
0.00004131265422048034503155273386
0.00004131265422048034503155273386
0.00004131265422048034503155273386
0.00004131265422048034503155273386
0.00004131265422048034503155273386
0.00004131265422048034503155273386
0.00004131265422048034503155273386
0.00004131265422048034503155273386
0.00004131265422048034503155273386
0.00004131265422048034503155273386
0.00004207214557638174539496428131
0.00004207214557638174539496428131
0.00004207214557638174539496428131
0.00004207214557638174539496428131
0.00004207214557638174539496428131
0.00004207214557638174539496428131
0.00004207214557638174539496428131
0.00004207214557638174539496428131
0.00004207214557638174539496428131
0.00004207214557638174539496428131
0.00004207214557638174539496428131
0.00004207214557638174539496428131
0.00004207214557638174539496428131
0.00004207214557638174539496428131
0.00004207214557638174539496428131
0.00004234698010492514601547165336
0.00004234698010492514601547165336
0.00004234698010492514601547165336
0.00004234698010492514601547165336
0.00004234698010492514601547165336
0.00004234698010492514601547165336
0.00004234698010492514601547165336
0.00004234698010492514601547165336
0.00004234698010492514601547165336
0.00004234698010492514601547165336
0.00004234698010492514601547165336
0.00004234698010492514601547165336
0.00004234698010492514601547165336
0.00004234698010492514601547165336
0.00004234698010492514601547165336
0.00004234698010492514601547165336
0.00004238515327721688517958615858
0.00004238515327721688517958615858
0.00004238515327721688517958615858
0.00004238515327721688517958615858
0.00004238515327721688517958615858
0.00004238515327721688517958615858
0.00004238515327721688517958615858
0.00004238515327721688517958615858
0.00004238515327721688517958615858
0.00004238515327721688517958615858
0.00004238515327721688517958615858
0.00004238515327721688517958615858
0.00004238515327721688517958615858
0.00004238515327721688517958615858
0.00004238515327721688517958615858
0.00004238515327721688517958615858
0.00004235713832201878486207514384
0.00004235713832201878486207514384
0.00004235713832201878486207514384
0.00004235713832201878486207514384
0.00004235713832201878486207514384
0.00004235713832201878486207514384
0.00004235713832201878486207514384
0.00004235713832201878486207514384
0.00004235713832201878486207514384
0.00004235713832201878486207514384
0.00004235713832201878486207514384
0.00004235713832201878486207514384
0.00004235713832201878486207514384
0.00004235713832201878486207514384
0.00004235713832201878486207514384
0.00004273865131584565260930869990
0.00004273865131584565260930869990
0.00004273865131584565260930869990
0.00004273865131584565260930869990
0.00004273865131584565260930869990
0.00004273865131584565260930869990
0.00004273865131584565260930869990
0.00004273865131584565260930869990
0.00004273865131584565260930869990
0.00004273865131584565260930869990
0.00004273865131584565260930869990
0.00004273865131584565260930869990
0.00004273865131584565260930869990
0.00004273865131584565260930869990
0.00004273865131584565260930869990
0.00004273865131584565260930869990
0.00004235989732406507156385268457
0.00004235989732406507156385268457
0.00004235989732406507156385268457
0.00004235989732406507156385268457
0.00004235989732406507156385268457
0.00004235989732406507156385268457
0.00004235989732406507156385268457
0.00004235989732406507156385268457
0.00004235989732406507156385268457
0.00004235989732406507156385268457
0.00004235989732406507156385268457
0.00004235989732406507156385268457
0.00004235989732406507156385268457
0.00004235989732406507156385268457
0.00004235989732406507156385268457
0.00004235989732406507156385268457
0.00004221688998496439086435705500
0.00004221688998496439086435705500
0.00004221688998496439086435705500
0.00004221688998496439086435705500
0.00004221688998496439086435705500
0.00004221688998496439086435705500
0.00004221688998496439086435705500
0.00004221688998496439086435705500
0.00004221688998496439086435705500
0.00004221688998496439086435705500
0.00004221688998496439086435705500
0.00004221688998496439086435705500
0.00004221688998496439086435705500
0.00004221688998496439086435705500
0.00004221688998496439086435705500
0.00004276103105003925389413309581
0.00004276103105003925389413309581
0.00004276103105003925389413309581
0.00004276103105003925389413309581
0.00004276103105003925389413309581
0.00004276103105003925389413309581
0.00004276103105003925389413309581
0.00004276103105003925389413309581
0.00004276103105003925389413309581
0.00004276103105003925389413309581
0.00004276103105003925389413309581
0.00004276103105003925389413309581
0.00004276103105003925389413309581
0.00004276103105003925389413309581
0.00004276103105003925389413309581
0.00004276103105003925389413309581
0.00004277325410369944404629921451
0.00004277325410369944404629921451
0.00004277325410369944404629921451
0.00004277325410369944404629921451
0.00004277325410369944404629921451
0.00004277325410369944404629921451
0.00004277325410369944404629921451
0.00004277325410369944404629921451
0.00004277325410369944404629921451
0.00004277325410369944404629921451
0.00004277325410369944404629921451
0.00004277325410369944404629921451
0.00004277325410369944404629921451
0.00004277325410369944404629921451
0.00004277325410369944404629921451
0.00004277325410369944404629921451
0.00004294121156265171583196793529
0.00004294121156265171583196793529
0.00004294121156265171583196793529
0.00004294121156265171583196793529
0.00004294121156265171583196793529
0.00004294121156265171583196793529
0.00004294121156265171583196793529
0.00004294121156265171583196793529
0.00004294121156265171583196793529
0.00004294121156265171583196793529
0.00004294121156265171583196793529
0.00004294121156265171583196793529
0.00004294121156265171583196793529
0.00004294121156265171583196793529
0.00004294121156265171583196793529
0.00004308229206319662696507039050
0.00004308229206319662696507039050
0.00004308229206319662696507039050
0.00004308229206319662696507039050
0.00004308229206319662696507039050
0.00004308229206319662696507039050
0.00004308229206319662696507039050
0.00004308229206319662696507039050
0.00004308229206319662696507039050
0.00004308229206319662696507039050
0.00004308229206319662696507039050
0.00004308229206319662696507039050
0.00004308229206319662696507039050
0.00004308229206319662696507039050
0.00004308229206319662696507039050
0.00004308229206319662696507039050
0.00004314595895189868077557057253
0.00004314595895189868077557057253
0.00004314595895189868077557057253
0.00004314595895189868077557057253
0.00004314595895189868077557057253
0.00004314595895189868077557057253
0.00004314595895189868077557057253
0.00004314595895189868077557057253
0.00004314595895189868077557057253
0.00004314595895189868077557057253
0.00004314595895189868077557057253
0.00004314595895189868077557057253
0.00004314595895189868077557057253
0.00004314595895189868077557057253
0.00004314595895189868077557057253
0.00004353964673706272136789008195
0.00004353964673706272136789008195
0.00004353964673706272136789008195
0.00004353964673706272136789008195
0.00004353964673706272136789008195
0.00004353964673706272136789008195
0.00004353964673706272136789008195
0.00004353964673706272136789008195
0.00004353964673706272136789008195
0.00004353964673706272136789008195
0.00004353964673706272136789008195
0.00004353964673706272136789008195
0.00004353964673706272136789008195
0.00004353964673706272136789008195
0.00004353964673706272136789008195
0.00004353964673706272136789008195
0.00004347572206682401243880807901
0.00004347572206682401243880807901
0.00004347572206682401243880807901
0.00004347572206682401243880807901
0.00004347572206682401243880807901
0.00004347572206682401243880807901
0.00004347572206682401243880807901
0.00004347572206682401243880807901
0.00004347572206682401243880807901
0.00004347572206682401243880807901
0.00004347572206682401243880807901
0.00004347572206682401243880807901
0.00004347572206682401243880807901
0.00004347572206682401243880807901
0.00004347572206682401243880807901
0.00004347572206682401243880807901
0.00004399190162627298130855268165
0.00004399190162627298130855268165
0.00004399190162627298130855268165
0.00004399190162627298130855268165
0.00004399190162627298130855268165
0.00004399190162627298130855268165
0.00004399190162627298130855268165
0.00004399190162627298130855268165
0.00004399190162627298130855268165
0.00004399190162627298130855268165
0.00004399190162627298130855268165
0.00004399190162627298130855268165
0.00004399190162627298130855268165
0.00004399190162627298130855268165
0.00004399190162627298130855268165
0.00004386672294444874176048749555
0.00004386672294444874176048749555
0.00004386672294444874176048749555
0.00004386672294444874176048749555
0.00004386672294444874176048749555
0.00004386672294444874176048749555
0.00004386672294444874176048749555
0.00004386672294444874176048749555
0.00004386672294444874176048749555
0.00004386672294444874176048749555
0.00004386672294444874176048749555
0.00004386672294444874176048749555
0.00004386672294444874176048749555
0.00004386672294444874176048749555
0.00004386672294444874176048749555
0.00004386672294444874176048749555
0.00004388585886544147516726921327
0.00004388585886544147516726921327
0.00004388585886544147516726921327
0.00004388585886544147516726921327
0.00004388585886544147516726921327
0.00004388585886544147516726921327
0.00004388585886544147516726921327
0.00004388585886544147516726921327
0.00004388585886544147516726921327
0.00004388585886544147516726921327
0.00004388585886544147516726921327
0.00004388585886544147516726921327
0.00004388585886544147516726921327
0.00004388585886544147516726921327
0.00004388585886544147516726921327
0.00004410299398690883076426010833
0.00004410299398690883076426010833
0.00004410299398690883076426010833
0.00004410299398690883076426010833
0.00004410299398690883076426010833
0.00004410299398690883076426010833
0.00004410299398690883076426010833
0.00004410299398690883076426010833
0.00004410299398690883076426010833
0.00004410299398690883076426010833
0.00004410299398690883076426010833
0.00004410299398690883076426010833
0.00004410299398690883076426010833
0.00004410299398690883076426010833
0.00004410299398690883076426010833
0.00004410299398690883076426010833
0.00004411771260849323191796599467
0.00004411771260849323191796599467
0.00004411771260849323191796599467
0.00004411771260849323191796599467
0.00004411771260849323191796599467
0.00004411771260849323191796599467
0.00004411771260849323191796599467
0.00004411771260849323191796599467
0.00004411771260849323191796599467
0.00004411771260849323191796599467
0.00004411771260849323191796599467
0.00004411771260849323191796599467
0.00004411771260849323191796599467
0.00004411771260849323191796599467
0.00004411771260849323191796599467
0.00004411771260849323191796599467
0.00004428412699294540748850526917
0.00004428412699294540748850526917
0.00004428412699294540748850526917
0.00004428412699294540748850526917
0.00004428412699294540748850526917
0.00004428412699294540748850526917
0.00004428412699294540748850526917
0.00004428412699294540748850526917
0.00004428412699294540748850526917
0.00004428412699294540748850526917
0.00004428412699294540748850526917
0.00004428412699294540748850526917
0.00004428412699294540748850526917
0.00004428412699294540748850526917
0.00004428412699294540748850526917
0.00004419960547074004853290513126
0.00004419960547074004853290513126
0.00004419960547074004853290513126
0.00004419960547074004853290513126
0.00004419960547074004853290513126
0.00004419960547074004853290513126
0.00004419960547074004853290513126
0.00004419960547074004853290513126
0.00004419960547074004853290513126
0.00004419960547074004853290513126
0.00004419960547074004853290513126
0.00004419960547074004853290513126
0.00004419960547074004853290513126
0.00004419960547074004853290513126
0.00004419960547074004853290513126
0.00004419960547074004853290513126
0.00004427160785465272481013330785
0.00004427160785465272481013330785
0.00004427160785465272481013330785
0.00004427160785465272481013330785
0.00004427160785465272481013330785
0.00004427160785465272481013330785
0.00004427160785465272481013330785
0.00004427160785465272481013330785
0.00004427160785465272481013330785
0.00004427160785465272481013330785
0.00004427160785465272481013330785
0.00004427160785465272481013330785
0.00004427160785465272481013330785
0.00004427160785465272481013330785
0.00004427160785465272481013330785
0.00004427160785465272481013330785
0.00004413347686475806523429143481
0.00004413347686475806523429143481
0.00004413347686475806523429143481
0.00004413347686475806523429143481
0.00004413347686475806523429143481
0.00004413347686475806523429143481
0.00004413347686475806523429143481
0.00004413347686475806523429143481
0.00004413347686475806523429143481
0.00004413347686475806523429143481
0.00004413347686475806523429143481
0.00004413347686475806523429143481
0.00004413347686475806523429143481
0.00004413347686475806523429143481
0.00004413347686475806523429143481
0.00004395955173581859441919025187
0.00004395955173581859441919025187
0.00004395955173581859441919025187
0.00004395955173581859441919025187
0.00004395955173581859441919025187
0.00004395955173581859441919025187
0.00004395955173581859441919025187
0.00004395955173581859441919025187
0.00004395955173581859441919025187
0.00004395955173581859441919025187
0.00004395955173581859441919025187
0.00004395955173581859441919025187
0.00004395955173581859441919025187
0.00004395955173581859441919025187
0.00004395955173581859441919025187
0.00004395955173581859441919025187
0.00004403538383240198622207269724
0.00004403538383240198622207269724
0.00004403538383240198622207269724
0.00004403538383240198622207269724
0.00004403538383240198622207269724
0.00004403538383240198622207269724
0.00004403538383240198622207269724
0.00004403538383240198622207269724
0.00004403538383240198622207269724
0.00004403538383240198622207269724
0.00004403538383240198622207269724
0.00004403538383240198622207269724
0.00004403538383240198622207269724
0.00004403538383240198622207269724
0.00004403538383240198622207269724
0.00004403538383240198622207269724
