0.2470999070219310890283007148
0.2470999070219310890283007148
0.2470999070219310890283007148
0.2470999070219310890283007148
0.2470999070219310890283007148
0.2470999070219310890283007148
0.2470999070219310890283007148
0.2470999070219310890283007148
0.2470999070219310890283007148
0.2470999070219310890283007148
0.2470999070219310890283007148
0.2470999070219310890283007148
0.2470999070219310890283007148
0.2470999070219310890283007148
0.2470999070219310890283007148
0.2421565938872453817437406311
0.2421565938872453817437406311
0.2421565938872453817437406311
0.2421565938872453817437406311
0.2421565938872453817437406311
0.2421565938872453817437406311
0.2421565938872453817437406311
0.2421565938872453817437406311
0.2421565938872453817437406311
0.2421565938872453817437406311
0.2421565938872453817437406311
0.2421565938872453817437406311
0.2421565938872453817437406311
0.2421565938872453817437406311
0.2421565938872453817437406311
0.2421565938872453817437406311
0.2393970886433597846729783350
0.2393970886433597846729783350
0.2393970886433597846729783350
0.2393970886433597846729783350
0.2393970886433597846729783350
0.2393970886433597846729783350
0.2393970886433597846729783350
0.2393970886433597846729783350
0.2393970886433597846729783350
0.2393970886433597846729783350
0.2393970886433597846729783350
0.2393970886433597846729783350
0.2393970886433597846729783350
0.2393970886433597846729783350
0.2393970886433597846729783350
0.2397975991882139774886367251
0.2397975991882139774886367251
0.2397975991882139774886367251
0.2397975991882139774886367251
0.2397975991882139774886367251
0.2397975991882139774886367251
0.2397975991882139774886367251
0.2397975991882139774886367251
0.2397975991882139774886367251
0.2397975991882139774886367251
0.2397975991882139774886367251
0.2397975991882139774886367251
0.2397975991882139774886367251
0.2397975991882139774886367251
0.2397975991882139774886367251
0.2397975991882139774886367251
0.2422197877155570218510062206
0.2422197877155570218510062206
0.2422197877155570218510062206
0.2422197877155570218510062206
0.2422197877155570218510062206
0.2422197877155570218510062206
0.2422197877155570218510062206
0.2422197877155570218510062206
0.2422197877155570218510062206
0.2422197877155570218510062206
0.2422197877155570218510062206
0.2422197877155570218510062206
0.2422197877155570218510062206
0.2422197877155570218510062206
0.2422197877155570218510062206
0.2422197877155570218510062206
0.2433433894567618368129016193
0.2433433894567618368129016193
0.2433433894567618368129016193
0.2433433894567618368129016193
0.2433433894567618368129016193
0.2433433894567618368129016193
0.2433433894567618368129016193
0.2433433894567618368129016193
0.2433433894567618368129016193
0.2433433894567618368129016193
0.2433433894567618368129016193
0.2433433894567618368129016193
0.2433433894567618368129016193
0.2433433894567618368129016193
0.2433433894567618368129016193
0.2440566260834887732458035927
0.2440566260834887732458035927
0.2440566260834887732458035927
0.2440566260834887732458035927
0.2440566260834887732458035927
0.2440566260834887732458035927
0.2440566260834887732458035927
0.2440566260834887732458035927
0.2440566260834887732458035927
0.2440566260834887732458035927
0.2440566260834887732458035927
0.2440566260834887732458035927
0.2440566260834887732458035927
0.2440566260834887732458035927
0.2440566260834887732458035927
0.2440566260834887732458035927
0.2441985224768607545700292727
0.2441985224768607545700292727
0.2441985224768607545700292727
0.2441985224768607545700292727
0.2441985224768607545700292727
0.2441985224768607545700292727
0.2441985224768607545700292727
0.2441985224768607545700292727
0.2441985224768607545700292727
0.2441985224768607545700292727
0.2441985224768607545700292727
0.2441985224768607545700292727
0.2441985224768607545700292727
0.2441985224768607545700292727
0.2441985224768607545700292727
0.2452147582558928788805611996
0.2452147582558928788805611996
0.2452147582558928788805611996
0.2452147582558928788805611996
0.2452147582558928788805611996
0.2452147582558928788805611996
0.2452147582558928788805611996
0.2452147582558928788805611996
0.2452147582558928788805611996
0.2452147582558928788805611996
0.2452147582558928788805611996
0.2452147582558928788805611996
0.2452147582558928788805611996
0.2452147582558928788805611996
0.2452147582558928788805611996
0.2452147582558928788805611996
0.2456499117140851185143547610
0.2456499117140851185143547610
0.2456499117140851185143547610
0.2456499117140851185143547610
0.2456499117140851185143547610
0.2456499117140851185143547610
0.2456499117140851185143547610
0.2456499117140851185143547610
0.2456499117140851185143547610
0.2456499117140851185143547610
0.2456499117140851185143547610
0.2456499117140851185143547610
0.2456499117140851185143547610
0.2456499117140851185143547610
0.2456499117140851185143547610
0.2456499117140851185143547610
0.2470457277061928135895205493
0.2470457277061928135895205493
0.2470457277061928135895205493
0.2470457277061928135895205493
0.2470457277061928135895205493
0.2470457277061928135895205493
0.2470457277061928135895205493
0.2470457277061928135895205493
0.2470457277061928135895205493
0.2470457277061928135895205493
0.2470457277061928135895205493
0.2470457277061928135895205493
0.2470457277061928135895205493
0.2470457277061928135895205493
0.2470457277061928135895205493
0.2475666678465277908975755194
0.2475666678465277908975755194
0.2475666678465277908975755194
0.2475666678465277908975755194
0.2475666678465277908975755194
0.2475666678465277908975755194
0.2475666678465277908975755194
0.2475666678465277908975755194
0.2475666678465277908975755194
0.2475666678465277908975755194
0.2475666678465277908975755194
0.2475666678465277908975755194
0.2475666678465277908975755194
0.2475666678465277908975755194
0.2475666678465277908975755194
0.2475666678465277908975755194
0.2474320371139504651521968344
0.2474320371139504651521968344
0.2474320371139504651521968344
0.2474320371139504651521968344
0.2474320371139504651521968344
0.2474320371139504651521968344
0.2474320371139504651521968344
0.2474320371139504651521968344
0.2474320371139504651521968344
0.2474320371139504651521968344
0.2474320371139504651521968344
0.2474320371139504651521968344
0.2474320371139504651521968344
0.2474320371139504651521968344
0.2474320371139504651521968344
0.2474320371139504651521968344
0.2469957330768369858900830135
0.2469957330768369858900830135
0.2469957330768369858900830135
0.2469957330768369858900830135
0.2469957330768369858900830135
0.2469957330768369858900830135
0.2469957330768369858900830135
0.2469957330768369858900830135
0.2469957330768369858900830135
0.2469957330768369858900830135
0.2469957330768369858900830135
0.2469957330768369858900830135
0.2469957330768369858900830135
0.2469957330768369858900830135
0.2469957330768369858900830135
0.2465736733781961924676411938
0.2465736733781961924676411938
0.2465736733781961924676411938
0.2465736733781961924676411938
0.2465736733781961924676411938
0.2465736733781961924676411938
0.2465736733781961924676411938
0.2465736733781961924676411938
0.2465736733781961924676411938
0.2465736733781961924676411938
0.2465736733781961924676411938
0.2465736733781961924676411938
0.2465736733781961924676411938
0.2465736733781961924676411938
0.2465736733781961924676411938
0.2465736733781961924676411938
0.2460444678116165408962959920
0.2460444678116165408962959920
0.2460444678116165408962959920
0.2460444678116165408962959920
0.2460444678116165408962959920
0.2460444678116165408962959920
0.2460444678116165408962959920
0.2460444678116165408962959920
0.2460444678116165408962959920
0.2460444678116165408962959920
0.2460444678116165408962959920
0.2460444678116165408962959920
0.2460444678116165408962959920
0.2460444678116165408962959920
0.2460444678116165408962959920
0.2460444678116165408962959920
0.2462995837326391411560702889
0.2462995837326391411560702889
0.2462995837326391411560702889
0.2462995837326391411560702889
0.2462995837326391411560702889
0.2462995837326391411560702889
0.2462995837326391411560702889
0.2462995837326391411560702889
0.2462995837326391411560702889
0.2462995837326391411560702889
0.2462995837326391411560702889
0.2462995837326391411560702889
0.2462995837326391411560702889
0.2462995837326391411560702889
0.2462995837326391411560702889
0.2458672795683039040168365432
0.2458672795683039040168365432
0.2458672795683039040168365432
0.2458672795683039040168365432
0.2458672795683039040168365432
0.2458672795683039040168365432
0.2458672795683039040168365432
0.2458672795683039040168365432
0.2458672795683039040168365432
0.2458672795683039040168365432
0.2458672795683039040168365432
0.2458672795683039040168365432
0.2458672795683039040168365432
0.2458672795683039040168365432
0.2458672795683039040168365432
0.2458672795683039040168365432
0.2459451720084698322967017918
0.2459451720084698322967017918
0.2459451720084698322967017918
0.2459451720084698322967017918
0.2459451720084698322967017918
0.2459451720084698322967017918
0.2459451720084698322967017918
0.2459451720084698322967017918
0.2459451720084698322967017918
0.2459451720084698322967017918
0.2459451720084698322967017918
0.2459451720084698322967017918
0.2459451720084698322967017918
0.2459451720084698322967017918
0.2459451720084698322967017918
0.2449319357074300313303864468
0.2449319357074300313303864468
0.2449319357074300313303864468
0.2449319357074300313303864468
0.2449319357074300313303864468
0.2449319357074300313303864468
0.2449319357074300313303864468
0.2449319357074300313303864468
0.2449319357074300313303864468
0.2449319357074300313303864468
0.2449319357074300313303864468
0.2449319357074300313303864468
0.2449319357074300313303864468
0.2449319357074300313303864468
0.2449319357074300313303864468
0.2449319357074300313303864468
0.2451791185397442587076878275
0.2451791185397442587076878275
0.2451791185397442587076878275
0.2451791185397442587076878275
0.2451791185397442587076878275
0.2451791185397442587076878275
0.2451791185397442587076878275
0.2451791185397442587076878275
0.2451791185397442587076878275
0.2451791185397442587076878275
0.2451791185397442587076878275
0.2451791185397442587076878275
0.2451791185397442587076878275
0.2451791185397442587076878275
0.2451791185397442587076878275
0.2451791185397442587076878275
0.2453801283077223714528539102
0.2453801283077223714528539102
0.2453801283077223714528539102
0.2453801283077223714528539102
0.2453801283077223714528539102
0.2453801283077223714528539102
0.2453801283077223714528539102
0.2453801283077223714528539102
0.2453801283077223714528539102
0.2453801283077223714528539102
0.2453801283077223714528539102
0.2453801283077223714528539102
0.2453801283077223714528539102
0.2453801283077223714528539102
0.2453801283077223714528539102
0.2450487166161486174220505898
0.2450487166161486174220505898
0.2450487166161486174220505898
0.2450487166161486174220505898
0.2450487166161486174220505898
0.2450487166161486174220505898
0.2450487166161486174220505898
0.2450487166161486174220505898
0.2450487166161486174220505898
0.2450487166161486174220505898
0.2450487166161486174220505898
0.2450487166161486174220505898
0.2450487166161486174220505898
0.2450487166161486174220505898
0.2450487166161486174220505898
0.2450487166161486174220505898
0.2451679020131374285690309179
0.2451679020131374285690309179
0.2451679020131374285690309179
0.2451679020131374285690309179
0.2451679020131374285690309179
0.2451679020131374285690309179
0.2451679020131374285690309179
0.2451679020131374285690309179
0.2451679020131374285690309179
0.2451679020131374285690309179
0.2451679020131374285690309179
0.2451679020131374285690309179
0.2451679020131374285690309179
0.2451679020131374285690309179
0.2451679020131374285690309179
0.2450867680763648446056823781
0.2450867680763648446056823781
0.2450867680763648446056823781
0.2450867680763648446056823781
0.2450867680763648446056823781
0.2450867680763648446056823781
0.2450867680763648446056823781
0.2450867680763648446056823781
0.2450867680763648446056823781
0.2450867680763648446056823781
0.2450867680763648446056823781
0.2450867680763648446056823781
0.2450867680763648446056823781
0.2450867680763648446056823781
0.2450867680763648446056823781
0.2450867680763648446056823781
0.2453021610408786193886146309
0.2453021610408786193886146309
0.2453021610408786193886146309
0.2453021610408786193886146309
0.2453021610408786193886146309
0.2453021610408786193886146309
0.2453021610408786193886146309
0.2453021610408786193886146309
0.2453021610408786193886146309
0.2453021610408786193886146309
0.2453021610408786193886146309
0.2453021610408786193886146309
0.2453021610408786193886146309
0.2453021610408786193886146309
0.2453021610408786193886146309
0.2453021610408786193886146309
0.2458522648319778602481478070
0.2458522648319778602481478070
0.2458522648319778602481478070
0.2458522648319778602481478070
0.2458522648319778602481478070
0.2458522648319778602481478070
0.2458522648319778602481478070
0.2458522648319778602481478070
0.2458522648319778602481478070
0.2458522648319778602481478070
0.2458522648319778602481478070
0.2458522648319778602481478070
0.2458522648319778602481478070
0.2458522648319778602481478070
0.2458522648319778602481478070
0.2457919335606777723981786580
0.2457919335606777723981786580
0.2457919335606777723981786580
0.2457919335606777723981786580
0.2457919335606777723981786580
0.2457919335606777723981786580
0.2457919335606777723981786580
0.2457919335606777723981786580
0.2457919335606777723981786580
0.2457919335606777723981786580
0.2457919335606777723981786580
0.2457919335606777723981786580
0.2457919335606777723981786580
0.2457919335606777723981786580
0.2457919335606777723981786580
0.2457919335606777723981786580
0.2456021287357621919734941509
0.2456021287357621919734941509
0.2456021287357621919734941509
0.2456021287357621919734941509
0.2456021287357621919734941509
0.2456021287357621919734941509
0.2456021287357621919734941509
0.2456021287357621919734941509
0.2456021287357621919734941509
0.2456021287357621919734941509
0.2456021287357621919734941509
0.2456021287357621919734941509
0.2456021287357621919734941509
0.2456021287357621919734941509
0.2456021287357621919734941509
0.2456021287357621919734941509
0.2460676741350411466316853575
0.2460676741350411466316853575
0.2460676741350411466316853575
0.2460676741350411466316853575
0.2460676741350411466316853575
0.2460676741350411466316853575
0.2460676741350411466316853575
0.2460676741350411466316853575
0.2460676741350411466316853575
0.2460676741350411466316853575
0.2460676741350411466316853575
0.2460676741350411466316853575
0.2460676741350411466316853575
0.2460676741350411466316853575
0.2460676741350411466316853575
0.2465424379913505144208265309
0.2465424379913505144208265309
0.2465424379913505144208265309
0.2465424379913505144208265309
0.2465424379913505144208265309
0.2465424379913505144208265309
0.2465424379913505144208265309
0.2465424379913505144208265309
0.2465424379913505144208265309
0.2465424379913505144208265309
0.2465424379913505144208265309
0.2465424379913505144208265309
0.2465424379913505144208265309
0.2465424379913505144208265309
0.2465424379913505144208265309
0.2465424379913505144208265309
0.2462470735956219320927707506
0.2462470735956219320927707506
0.2462470735956219320927707506
0.2462470735956219320927707506
0.2462470735956219320927707506
0.2462470735956219320927707506
0.2462470735956219320927707506
0.2462470735956219320927707506
0.2462470735956219320927707506
0.2462470735956219320927707506
0.2462470735956219320927707506
0.2462470735956219320927707506
0.2462470735956219320927707506
0.2462470735956219320927707506
0.2462470735956219320927707506
0.2462470735956219320927707506
