0.2444294745011002869752180476
0.2444294745011002869752180476
0.2444294745011002869752180476
0.2444294745011002869752180476
0.2444294745011002869752180476
0.2444294745011002869752180476
0.2444294745011002869752180476
0.2444294745011002869752180476
0.2444294745011002869752180476
0.2444294745011002869752180476
0.2444294745011002869752180476
0.2444294745011002869752180476
0.2444294745011002869752180476
0.2444294745011002869752180476
0.2444294745011002869752180476
0.2476982805136739867900023795
0.2476982805136739867900023795
0.2476982805136739867900023795
0.2476982805136739867900023795
0.2476982805136739867900023795
0.2476982805136739867900023795
0.2476982805136739867900023795
0.2476982805136739867900023795
0.2476982805136739867900023795
0.2476982805136739867900023795
0.2476982805136739867900023795
0.2476982805136739867900023795
0.2476982805136739867900023795
0.2476982805136739867900023795
0.2476982805136739867900023795
0.2476982805136739867900023795
0.2443377923487384328553120012
0.2443377923487384328553120012
0.2443377923487384328553120012
0.2443377923487384328553120012
0.2443377923487384328553120012
0.2443377923487384328553120012
0.2443377923487384328553120012
0.2443377923487384328553120012
0.2443377923487384328553120012
0.2443377923487384328553120012
0.2443377923487384328553120012
0.2443377923487384328553120012
0.2443377923487384328553120012
0.2443377923487384328553120012
0.2443377923487384328553120012
0.2452111054167883684316127195
0.2452111054167883684316127195
0.2452111054167883684316127195
0.2452111054167883684316127195
0.2452111054167883684316127195
0.2452111054167883684316127195
0.2452111054167883684316127195
0.2452111054167883684316127195
0.2452111054167883684316127195
0.2452111054167883684316127195
0.2452111054167883684316127195
0.2452111054167883684316127195
0.2452111054167883684316127195
0.2452111054167883684316127195
0.2452111054167883684316127195
0.2452111054167883684316127195
0.2452207797554393968886230470
0.2452207797554393968886230470
0.2452207797554393968886230470
0.2452207797554393968886230470
0.2452207797554393968886230470
0.2452207797554393968886230470
0.2452207797554393968886230470
0.2452207797554393968886230470
0.2452207797554393968886230470
0.2452207797554393968886230470
0.2452207797554393968886230470
0.2452207797554393968886230470
0.2452207797554393968886230470
0.2452207797554393968886230470
0.2452207797554393968886230470
0.2452207797554393968886230470
0.2444696736243913278879316027
0.2444696736243913278879316027
0.2444696736243913278879316027
0.2444696736243913278879316027
0.2444696736243913278879316027
0.2444696736243913278879316027
0.2444696736243913278879316027
0.2444696736243913278879316027
0.2444696736243913278879316027
0.2444696736243913278879316027
0.2444696736243913278879316027
0.2444696736243913278879316027
0.2444696736243913278879316027
0.2444696736243913278879316027
0.2444696736243913278879316027
0.2428792994421521632776555561
0.2428792994421521632776555561
0.2428792994421521632776555561
0.2428792994421521632776555561
0.2428792994421521632776555561
0.2428792994421521632776555561
0.2428792994421521632776555561
0.2428792994421521632776555561
0.2428792994421521632776555561
0.2428792994421521632776555561
0.2428792994421521632776555561
0.2428792994421521632776555561
0.2428792994421521632776555561
0.2428792994421521632776555561
0.2428792994421521632776555561
0.2428792994421521632776555561
0.2435104437208531576145646464
0.2435104437208531576145646464
0.2435104437208531576145646464
0.2435104437208531576145646464
0.2435104437208531576145646464
0.2435104437208531576145646464
0.2435104437208531576145646464
0.2435104437208531576145646464
0.2435104437208531576145646464
0.2435104437208531576145646464
0.2435104437208531576145646464
0.2435104437208531576145646464
0.2435104437208531576145646464
0.2435104437208531576145646464
0.2435104437208531576145646464
0.2448123441249275365908094318
0.2448123441249275365908094318
0.2448123441249275365908094318
0.2448123441249275365908094318
0.2448123441249275365908094318
0.2448123441249275365908094318
0.2448123441249275365908094318
0.2448123441249275365908094318
0.2448123441249275365908094318
0.2448123441249275365908094318
0.2448123441249275365908094318
0.2448123441249275365908094318
0.2448123441249275365908094318
0.2448123441249275365908094318
0.2448123441249275365908094318
0.2448123441249275365908094318
0.2444757540517211372230852233
0.2444757540517211372230852233
0.2444757540517211372230852233
0.2444757540517211372230852233
0.2444757540517211372230852233
0.2444757540517211372230852233
0.2444757540517211372230852233
0.2444757540517211372230852233
0.2444757540517211372230852233
0.2444757540517211372230852233
0.2444757540517211372230852233
0.2444757540517211372230852233
0.2444757540517211372230852233
0.2444757540517211372230852233
0.2444757540517211372230852233
0.2444757540517211372230852233
0.2458761376515945036270660513
0.2458761376515945036270660513
0.2458761376515945036270660513
0.2458761376515945036270660513
0.2458761376515945036270660513
0.2458761376515945036270660513
0.2458761376515945036270660513
0.2458761376515945036270660513
0.2458761376515945036270660513
0.2458761376515945036270660513
0.2458761376515945036270660513
0.2458761376515945036270660513
0.2458761376515945036270660513
0.2458761376515945036270660513
0.2458761376515945036270660513
0.2467581528762919354794412175
0.2467581528762919354794412175
0.2467581528762919354794412175
0.2467581528762919354794412175
0.2467581528762919354794412175
0.2467581528762919354794412175
0.2467581528762919354794412175
0.2467581528762919354794412175
0.2467581528762919354794412175
0.2467581528762919354794412175
0.2467581528762919354794412175
0.2467581528762919354794412175
0.2467581528762919354794412175
0.2467581528762919354794412175
0.2467581528762919354794412175
0.2467581528762919354794412175
0.2474224920723250208486638235
0.2474224920723250208486638235
0.2474224920723250208486638235
0.2474224920723250208486638235
0.2474224920723250208486638235
0.2474224920723250208486638235
0.2474224920723250208486638235
0.2474224920723250208486638235
0.2474224920723250208486638235
0.2474224920723250208486638235
0.2474224920723250208486638235
0.2474224920723250208486638235
0.2474224920723250208486638235
0.2474224920723250208486638235
0.2474224920723250208486638235
0.2474224920723250208486638235
0.2473024812045072176954898336
0.2473024812045072176954898336
0.2473024812045072176954898336
0.2473024812045072176954898336
0.2473024812045072176954898336
0.2473024812045072176954898336
0.2473024812045072176954898336
0.2473024812045072176954898336
0.2473024812045072176954898336
0.2473024812045072176954898336
0.2473024812045072176954898336
0.2473024812045072176954898336
0.2473024812045072176954898336
0.2473024812045072176954898336
0.2473024812045072176954898336
0.2466906543895875879092427748
0.2466906543895875879092427748
0.2466906543895875879092427748
0.2466906543895875879092427748
0.2466906543895875879092427748
0.2466906543895875879092427748
0.2466906543895875879092427748
0.2466906543895875879092427748
0.2466906543895875879092427748
0.2466906543895875879092427748
0.2466906543895875879092427748
0.2466906543895875879092427748
0.2466906543895875879092427748
0.2466906543895875879092427748
0.2466906543895875879092427748
0.2466906543895875879092427748
0.2466616600206912244131404666
0.2466616600206912244131404666
0.2466616600206912244131404666
0.2466616600206912244131404666
0.2466616600206912244131404666
0.2466616600206912244131404666
0.2466616600206912244131404666
0.2466616600206912244131404666
0.2466616600206912244131404666
0.2466616600206912244131404666
0.2466616600206912244131404666
0.2466616600206912244131404666
0.2466616600206912244131404666
0.2466616600206912244131404666
0.2466616600206912244131404666
0.2466616600206912244131404666
0.2471698406017754003027769737
0.2471698406017754003027769737
0.2471698406017754003027769737
0.2471698406017754003027769737
0.2471698406017754003027769737
0.2471698406017754003027769737
0.2471698406017754003027769737
0.2471698406017754003027769737
0.2471698406017754003027769737
0.2471698406017754003027769737
0.2471698406017754003027769737
0.2471698406017754003027769737
0.2471698406017754003027769737
0.2471698406017754003027769737
0.2471698406017754003027769737
0.2467843728388951848060111854
0.2467843728388951848060111854
0.2467843728388951848060111854
0.2467843728388951848060111854
0.2467843728388951848060111854
0.2467843728388951848060111854
0.2467843728388951848060111854
0.2467843728388951848060111854
0.2467843728388951848060111854
0.2467843728388951848060111854
0.2467843728388951848060111854
0.2467843728388951848060111854
0.2467843728388951848060111854
0.2467843728388951848060111854
0.2467843728388951848060111854
0.2467843728388951848060111854
0.2471641262625806315760580939
0.2471641262625806315760580939
0.2471641262625806315760580939
0.2471641262625806315760580939
0.2471641262625806315760580939
0.2471641262625806315760580939
0.2471641262625806315760580939
0.2471641262625806315760580939
0.2471641262625806315760580939
0.2471641262625806315760580939
0.2471641262625806315760580939
0.2471641262625806315760580939
0.2471641262625806315760580939
0.2471641262625806315760580939
0.2471641262625806315760580939
0.2473693101483229136552851999
0.2473693101483229136552851999
0.2473693101483229136552851999
0.2473693101483229136552851999
0.2473693101483229136552851999
0.2473693101483229136552851999
0.2473693101483229136552851999
0.2473693101483229136552851999
0.2473693101483229136552851999
0.2473693101483229136552851999
0.2473693101483229136552851999
0.2473693101483229136552851999
0.2473693101483229136552851999
0.2473693101483229136552851999
0.2473693101483229136552851999
0.2473693101483229136552851999
0.2474711733290866204698790276
0.2474711733290866204698790276
0.2474711733290866204698790276
0.2474711733290866204698790276
0.2474711733290866204698790276
0.2474711733290866204698790276
0.2474711733290866204698790276
0.2474711733290866204698790276
0.2474711733290866204698790276
0.2474711733290866204698790276
0.2474711733290866204698790276
0.2474711733290866204698790276
0.2474711733290866204698790276
0.2474711733290866204698790276
0.2474711733290866204698790276
0.2474711733290866204698790276
0.2475298798367200910450748589
0.2475298798367200910450748589
0.2475298798367200910450748589
0.2475298798367200910450748589
0.2475298798367200910450748589
0.2475298798367200910450748589
0.2475298798367200910450748589
0.2475298798367200910450748589
0.2475298798367200910450748589
0.2475298798367200910450748589
0.2475298798367200910450748589
0.2475298798367200910450748589
0.2475298798367200910450748589
0.2475298798367200910450748589
0.2475298798367200910450748589
0.2480035326942159921425382819
0.2480035326942159921425382819
0.2480035326942159921425382819
0.2480035326942159921425382819
0.2480035326942159921425382819
0.2480035326942159921425382819
0.2480035326942159921425382819
0.2480035326942159921425382819
0.2480035326942159921425382819
0.2480035326942159921425382819
0.2480035326942159921425382819
0.2480035326942159921425382819
0.2480035326942159921425382819
0.2480035326942159921425382819
0.2480035326942159921425382819
0.2480035326942159921425382819
0.2479915260034246332551888675
0.2479915260034246332551888675
0.2479915260034246332551888675
0.2479915260034246332551888675
0.2479915260034246332551888675
0.2479915260034246332551888675
0.2479915260034246332551888675
0.2479915260034246332551888675
0.2479915260034246332551888675
0.2479915260034246332551888675
0.2479915260034246332551888675
0.2479915260034246332551888675
0.2479915260034246332551888675
0.2479915260034246332551888675
0.2479915260034246332551888675
0.2476319837854009276334557118
0.2476319837854009276334557118
0.2476319837854009276334557118
0.2476319837854009276334557118
0.2476319837854009276334557118
0.2476319837854009276334557118
0.2476319837854009276334557118
0.2476319837854009276334557118
0.2476319837854009276334557118
0.2476319837854009276334557118
0.2476319837854009276334557118
0.2476319837854009276334557118
0.2476319837854009276334557118
0.2476319837854009276334557118
0.2476319837854009276334557118
0.2476319837854009276334557118
0.2476843838851399637249478392
0.2476843838851399637249478392
0.2476843838851399637249478392
0.2476843838851399637249478392
0.2476843838851399637249478392
0.2476843838851399637249478392
0.2476843838851399637249478392
0.2476843838851399637249478392
0.2476843838851399637249478392
0.2476843838851399637249478392
0.2476843838851399637249478392
0.2476843838851399637249478392
0.2476843838851399637249478392
0.2476843838851399637249478392
0.2476843838851399637249478392
0.2476843838851399637249478392
0.2480128274128066927529760658
0.2480128274128066927529760658
0.2480128274128066927529760658
0.2480128274128066927529760658
0.2480128274128066927529760658
0.2480128274128066927529760658
0.2480128274128066927529760658
0.2480128274128066927529760658
0.2480128274128066927529760658
0.2480128274128066927529760658
0.2480128274128066927529760658
0.2480128274128066927529760658
0.2480128274128066927529760658
0.2480128274128066927529760658
0.2480128274128066927529760658
0.2482512649479260568714341499
0.2482512649479260568714341499
0.2482512649479260568714341499
0.2482512649479260568714341499
0.2482512649479260568714341499
0.2482512649479260568714341499
0.2482512649479260568714341499
0.2482512649479260568714341499
0.2482512649479260568714341499
0.2482512649479260568714341499
0.2482512649479260568714341499
0.2482512649479260568714341499
0.2482512649479260568714341499
0.2482512649479260568714341499
0.2482512649479260568714341499
0.2482512649479260568714341499
0.2480398417403157578597665525
0.2480398417403157578597665525
0.2480398417403157578597665525
0.2480398417403157578597665525
0.2480398417403157578597665525
0.2480398417403157578597665525
0.2480398417403157578597665525
0.2480398417403157578597665525
0.2480398417403157578597665525
0.2480398417403157578597665525
0.2480398417403157578597665525
0.2480398417403157578597665525
0.2480398417403157578597665525
0.2480398417403157578597665525
0.2480398417403157578597665525
0.2480398417403157578597665525
0.2476061907550855898462330469
0.2476061907550855898462330469
0.2476061907550855898462330469
0.2476061907550855898462330469
0.2476061907550855898462330469
0.2476061907550855898462330469
0.2476061907550855898462330469
0.2476061907550855898462330469
0.2476061907550855898462330469
0.2476061907550855898462330469
0.2476061907550855898462330469
0.2476061907550855898462330469
0.2476061907550855898462330469
0.2476061907550855898462330469
0.2476061907550855898462330469
0.2477667054177594650542213873
0.2477667054177594650542213873
0.2477667054177594650542213873
0.2477667054177594650542213873
0.2477667054177594650542213873
0.2477667054177594650542213873
0.2477667054177594650542213873
0.2477667054177594650542213873
0.2477667054177594650542213873
0.2477667054177594650542213873
0.2477667054177594650542213873
0.2477667054177594650542213873
0.2477667054177594650542213873
0.2477667054177594650542213873
0.2477667054177594650542213873
0.2477667054177594650542213873
0.2481331942820076106703317582
0.2481331942820076106703317582
0.2481331942820076106703317582
0.2481331942820076106703317582
0.2481331942820076106703317582
0.2481331942820076106703317582
0.2481331942820076106703317582
0.2481331942820076106703317582
0.2481331942820076106703317582
0.2481331942820076106703317582
0.2481331942820076106703317582
0.2481331942820076106703317582
0.2481331942820076106703317582
0.2481331942820076106703317582
0.2481331942820076106703317582
0.2481331942820076106703317582
