0.2535533421688185197924907047
0.2535533421688185197924907047
0.2535533421688185197924907047
0.2535533421688185197924907047
0.2535533421688185197924907047
0.2535533421688185197924907047
0.2535533421688185197924907047
0.2535533421688185197924907047
0.2535533421688185197924907047
0.2535533421688185197924907047
0.2535533421688185197924907047
0.2535533421688185197924907047
0.2535533421688185197924907047
0.2535533421688185197924907047
0.2535533421688185197924907047
0.2535776741501214557950541163
0.2535776741501214557950541163
0.2535776741501214557950541163
0.2535776741501214557950541163
0.2535776741501214557950541163
0.2535776741501214557950541163
0.2535776741501214557950541163
0.2535776741501214557950541163
0.2535776741501214557950541163
0.2535776741501214557950541163
0.2535776741501214557950541163
0.2535776741501214557950541163
0.2535776741501214557950541163
0.2535776741501214557950541163
0.2535776741501214557950541163
0.2535776741501214557950541163
0.2486012244864546679893429527
0.2486012244864546679893429527
0.2486012244864546679893429527
0.2486012244864546679893429527
0.2486012244864546679893429527
0.2486012244864546679893429527
0.2486012244864546679893429527
0.2486012244864546679893429527
0.2486012244864546679893429527
0.2486012244864546679893429527
0.2486012244864546679893429527
0.2486012244864546679893429527
0.2486012244864546679893429527
0.2486012244864546679893429527
0.2486012244864546679893429527
0.2501065589298659764520409552
0.2501065589298659764520409552
0.2501065589298659764520409552
0.2501065589298659764520409552
0.2501065589298659764520409552
0.2501065589298659764520409552
0.2501065589298659764520409552
0.2501065589298659764520409552
0.2501065589298659764520409552
0.2501065589298659764520409552
0.2501065589298659764520409552
0.2501065589298659764520409552
0.2501065589298659764520409552
0.2501065589298659764520409552
0.2501065589298659764520409552
0.2501065589298659764520409552
0.2498896372995685448952169075
0.2498896372995685448952169075
0.2498896372995685448952169075
0.2498896372995685448952169075
0.2498896372995685448952169075
0.2498896372995685448952169075
0.2498896372995685448952169075
0.2498896372995685448952169075
0.2498896372995685448952169075
0.2498896372995685448952169075
0.2498896372995685448952169075
0.2498896372995685448952169075
0.2498896372995685448952169075
0.2498896372995685448952169075
0.2498896372995685448952169075
0.2498896372995685448952169075
0.2488431874369315333451153903
0.2488431874369315333451153903
0.2488431874369315333451153903
0.2488431874369315333451153903
0.2488431874369315333451153903
0.2488431874369315333451153903
0.2488431874369315333451153903
0.2488431874369315333451153903
0.2488431874369315333451153903
0.2488431874369315333451153903
0.2488431874369315333451153903
0.2488431874369315333451153903
0.2488431874369315333451153903
0.2488431874369315333451153903
0.2488431874369315333451153903
0.2488675127448580359563860244
0.2488675127448580359563860244
0.2488675127448580359563860244
0.2488675127448580359563860244
0.2488675127448580359563860244
0.2488675127448580359563860244
0.2488675127448580359563860244
0.2488675127448580359563860244
0.2488675127448580359563860244
0.2488675127448580359563860244
0.2488675127448580359563860244
0.2488675127448580359563860244
0.2488675127448580359563860244
0.2488675127448580359563860244
0.2488675127448580359563860244
0.2488675127448580359563860244
0.2486514915807555249660633864
0.2486514915807555249660633864
0.2486514915807555249660633864
0.2486514915807555249660633864
0.2486514915807555249660633864
0.2486514915807555249660633864
0.2486514915807555249660633864
0.2486514915807555249660633864
0.2486514915807555249660633864
0.2486514915807555249660633864
0.2486514915807555249660633864
0.2486514915807555249660633864
0.2486514915807555249660633864
0.2486514915807555249660633864
0.2486514915807555249660633864
0.2471466492307665966629794126
0.2471466492307665966629794126
0.2471466492307665966629794126
0.2471466492307665966629794126
0.2471466492307665966629794126
0.2471466492307665966629794126
0.2471466492307665966629794126
0.2471466492307665966629794126
0.2471466492307665966629794126
0.2471466492307665966629794126
0.2471466492307665966629794126
0.2471466492307665966629794126
0.2471466492307665966629794126
0.2471466492307665966629794126
0.2471466492307665966629794126
0.2471466492307665966629794126
0.2479688571548014919088251005
0.2479688571548014919088251005
0.2479688571548014919088251005
0.2479688571548014919088251005
0.2479688571548014919088251005
0.2479688571548014919088251005
0.2479688571548014919088251005
0.2479688571548014919088251005
0.2479688571548014919088251005
0.2479688571548014919088251005
0.2479688571548014919088251005
0.2479688571548014919088251005
0.2479688571548014919088251005
0.2479688571548014919088251005
0.2479688571548014919088251005
0.2479688571548014919088251005
0.2487501983483369243195514523
0.2487501983483369243195514523
0.2487501983483369243195514523
0.2487501983483369243195514523
0.2487501983483369243195514523
0.2487501983483369243195514523
0.2487501983483369243195514523
0.2487501983483369243195514523
0.2487501983483369243195514523
0.2487501983483369243195514523
0.2487501983483369243195514523
0.2487501983483369243195514523
0.2487501983483369243195514523
0.2487501983483369243195514523
0.2487501983483369243195514523
0.2478176119583812581095673554
0.2478176119583812581095673554
0.2478176119583812581095673554
0.2478176119583812581095673554
0.2478176119583812581095673554
0.2478176119583812581095673554
0.2478176119583812581095673554
0.2478176119583812581095673554
0.2478176119583812581095673554
0.2478176119583812581095673554
0.2478176119583812581095673554
0.2478176119583812581095673554
0.2478176119583812581095673554
0.2478176119583812581095673554
0.2478176119583812581095673554
0.2478176119583812581095673554
0.2473013042787159176926916671
0.2473013042787159176926916671
0.2473013042787159176926916671
0.2473013042787159176926916671
0.2473013042787159176926916671
0.2473013042787159176926916671
0.2473013042787159176926916671
0.2473013042787159176926916671
0.2473013042787159176926916671
0.2473013042787159176926916671
0.2473013042787159176926916671
0.2473013042787159176926916671
0.2473013042787159176926916671
0.2473013042787159176926916671
0.2473013042787159176926916671
0.2473013042787159176926916671
0.2474518214905410466284743215
0.2474518214905410466284743215
0.2474518214905410466284743215
0.2474518214905410466284743215
0.2474518214905410466284743215
0.2474518214905410466284743215
0.2474518214905410466284743215
0.2474518214905410466284743215
0.2474518214905410466284743215
0.2474518214905410466284743215
0.2474518214905410466284743215
0.2474518214905410466284743215
0.2474518214905410466284743215
0.2474518214905410466284743215
0.2474518214905410466284743215
0.2472059638160864909026882256
0.2472059638160864909026882256
0.2472059638160864909026882256
0.2472059638160864909026882256
0.2472059638160864909026882256
0.2472059638160864909026882256
0.2472059638160864909026882256
0.2472059638160864909026882256
0.2472059638160864909026882256
0.2472059638160864909026882256
0.2472059638160864909026882256
0.2472059638160864909026882256
0.2472059638160864909026882256
0.2472059638160864909026882256
0.2472059638160864909026882256
0.2472059638160864909026882256
0.2472935424198297403841414870
0.2472935424198297403841414870
0.2472935424198297403841414870
0.2472935424198297403841414870
0.2472935424198297403841414870
0.2472935424198297403841414870
0.2472935424198297403841414870
0.2472935424198297403841414870
0.2472935424198297403841414870
0.2472935424198297403841414870
0.2472935424198297403841414870
0.2472935424198297403841414870
0.2472935424198297403841414870
0.2472935424198297403841414870
0.2472935424198297403841414870
0.2472935424198297403841414870
0.2478073100592436983184879994
0.2478073100592436983184879994
0.2478073100592436983184879994
0.2478073100592436983184879994
0.2478073100592436983184879994
0.2478073100592436983184879994
0.2478073100592436983184879994
0.2478073100592436983184879994
0.2478073100592436983184879994
0.2478073100592436983184879994
0.2478073100592436983184879994
0.2478073100592436983184879994
0.2478073100592436983184879994
0.2478073100592436983184879994
0.2478073100592436983184879994
0.2481187422464106832523394678
0.2481187422464106832523394678
0.2481187422464106832523394678
0.2481187422464106832523394678
0.2481187422464106832523394678
0.2481187422464106832523394678
0.2481187422464106832523394678
0.2481187422464106832523394678
0.2481187422464106832523394678
0.2481187422464106832523394678
0.2481187422464106832523394678
0.2481187422464106832523394678
0.2481187422464106832523394678
0.2481187422464106832523394678
0.2481187422464106832523394678
0.2481187422464106832523394678
0.2484003530111713699560275273
0.2484003530111713699560275273
0.2484003530111713699560275273
0.2484003530111713699560275273
0.2484003530111713699560275273
0.2484003530111713699560275273
0.2484003530111713699560275273
0.2484003530111713699560275273
0.2484003530111713699560275273
0.2484003530111713699560275273
0.2484003530111713699560275273
0.2484003530111713699560275273
0.2484003530111713699560275273
0.2484003530111713699560275273
0.2484003530111713699560275273
0.2484170544790912689286107095
0.2484170544790912689286107095
0.2484170544790912689286107095
0.2484170544790912689286107095
0.2484170544790912689286107095
0.2484170544790912689286107095
0.2484170544790912689286107095
0.2484170544790912689286107095
0.2484170544790912689286107095
0.2484170544790912689286107095
0.2484170544790912689286107095
0.2484170544790912689286107095
0.2484170544790912689286107095
0.2484170544790912689286107095
0.2484170544790912689286107095
0.2484170544790912689286107095
0.2483939634716571319199097597
0.2483939634716571319199097597
0.2483939634716571319199097597
0.2483939634716571319199097597
0.2483939634716571319199097597
0.2483939634716571319199097597
0.2483939634716571319199097597
0.2483939634716571319199097597
0.2483939634716571319199097597
0.2483939634716571319199097597
0.2483939634716571319199097597
0.2483939634716571319199097597
0.2483939634716571319199097597
0.2483939634716571319199097597
0.2483939634716571319199097597
0.2483939634716571319199097597
0.2484430517364597642958186905
0.2484430517364597642958186905
0.2484430517364597642958186905
0.2484430517364597642958186905
0.2484430517364597642958186905
0.2484430517364597642958186905
0.2484430517364597642958186905
0.2484430517364597642958186905
0.2484430517364597642958186905
0.2484430517364597642958186905
0.2484430517364597642958186905
0.2484430517364597642958186905
0.2484430517364597642958186905
0.2484430517364597642958186905
0.2484430517364597642958186905
0.2479872550152866453502882148
0.2479872550152866453502882148
0.2479872550152866453502882148
0.2479872550152866453502882148
0.2479872550152866453502882148
0.2479872550152866453502882148
0.2479872550152866453502882148
0.2479872550152866453502882148
0.2479872550152866453502882148
0.2479872550152866453502882148
0.2479872550152866453502882148
0.2479872550152866453502882148
0.2479872550152866453502882148
0.2479872550152866453502882148
0.2479872550152866453502882148
0.2479872550152866453502882148
0.2476917495054756074491764178
0.2476917495054756074491764178
0.2476917495054756074491764178
0.2476917495054756074491764178
0.2476917495054756074491764178
0.2476917495054756074491764178
0.2476917495054756074491764178
0.2476917495054756074491764178
0.2476917495054756074491764178
0.2476917495054756074491764178
0.2476917495054756074491764178
0.2476917495054756074491764178
0.2476917495054756074491764178
0.2476917495054756074491764178
0.2476917495054756074491764178
0.2476485954827667395757758674
0.2476485954827667395757758674
0.2476485954827667395757758674
0.2476485954827667395757758674
0.2476485954827667395757758674
0.2476485954827667395757758674
0.2476485954827667395757758674
0.2476485954827667395757758674
0.2476485954827667395757758674
0.2476485954827667395757758674
0.2476485954827667395757758674
0.2476485954827667395757758674
0.2476485954827667395757758674
0.2476485954827667395757758674
0.2476485954827667395757758674
0.2476485954827667395757758674
0.2476517229354006797798570805
0.2476517229354006797798570805
0.2476517229354006797798570805
0.2476517229354006797798570805
0.2476517229354006797798570805
0.2476517229354006797798570805
0.2476517229354006797798570805
0.2476517229354006797798570805
0.2476517229354006797798570805
0.2476517229354006797798570805
0.2476517229354006797798570805
0.2476517229354006797798570805
0.2476517229354006797798570805
0.2476517229354006797798570805
0.2476517229354006797798570805
0.2476517229354006797798570805
0.2473337034899898274034253254
0.2473337034899898274034253254
0.2473337034899898274034253254
0.2473337034899898274034253254
0.2473337034899898274034253254
0.2473337034899898274034253254
0.2473337034899898274034253254
0.2473337034899898274034253254
0.2473337034899898274034253254
0.2473337034899898274034253254
0.2473337034899898274034253254
0.2473337034899898274034253254
0.2473337034899898274034253254
0.2473337034899898274034253254
0.2473337034899898274034253254
0.2478722120736181749516770106
0.2478722120736181749516770106
0.2478722120736181749516770106
0.2478722120736181749516770106
0.2478722120736181749516770106
0.2478722120736181749516770106
0.2478722120736181749516770106
0.2478722120736181749516770106
0.2478722120736181749516770106
0.2478722120736181749516770106
0.2478722120736181749516770106
0.2478722120736181749516770106
0.2478722120736181749516770106
0.2478722120736181749516770106
0.2478722120736181749516770106
0.2478722120736181749516770106
0.2480921798961801218748514276
0.2480921798961801218748514276
0.2480921798961801218748514276
0.2480921798961801218748514276
0.2480921798961801218748514276
0.2480921798961801218748514276
0.2480921798961801218748514276
0.2480921798961801218748514276
0.2480921798961801218748514276
0.2480921798961801218748514276
0.2480921798961801218748514276
0.2480921798961801218748514276
0.2480921798961801218748514276
0.2480921798961801218748514276
0.2480921798961801218748514276
0.2480921798961801218748514276
0.2480756355809832502214010897
0.2480756355809832502214010897
0.2480756355809832502214010897
0.2480756355809832502214010897
0.2480756355809832502214010897
0.2480756355809832502214010897
0.2480756355809832502214010897
0.2480756355809832502214010897
0.2480756355809832502214010897
0.2480756355809832502214010897
0.2480756355809832502214010897
0.2480756355809832502214010897
0.2480756355809832502214010897
0.2480756355809832502214010897
0.2480756355809832502214010897
0.2482156055723633845678333162
0.2482156055723633845678333162
0.2482156055723633845678333162
0.2482156055723633845678333162
0.2482156055723633845678333162
0.2482156055723633845678333162
0.2482156055723633845678333162
0.2482156055723633845678333162
0.2482156055723633845678333162
0.2482156055723633845678333162
0.2482156055723633845678333162
0.2482156055723633845678333162
0.2482156055723633845678333162
0.2482156055723633845678333162
0.2482156055723633845678333162
0.2482156055723633845678333162
0.2481360210289002075255240335
0.2481360210289002075255240335
0.2481360210289002075255240335
0.2481360210289002075255240335
0.2481360210289002075255240335
0.2481360210289002075255240335
0.2481360210289002075255240335
0.2481360210289002075255240335
0.2481360210289002075255240335
0.2481360210289002075255240335
0.2481360210289002075255240335
0.2481360210289002075255240335
0.2481360210289002075255240335
0.2481360210289002075255240335
0.2481360210289002075255240335
0.2481360210289002075255240335
