0.00003652603837327021672999122605
0.00003652603837327021672999122605
0.00003652603837327021672999122605
0.00004171541829336584697121006040
0.00004171541829336584697121006040
0.00004171541829336584697121006040
0.00004350320810850818728013360523
0.00004350320810850818728013360523
0.00004350320810850818728013360523
0.00004346977857413912622956699050
0.00004346977857413912622956699050
0.00004346977857413912622956699050
0.00004616712178840404253979512118
0.00004616712178840404253979512118
0.00004616712178840404253979512118
0.00004598034031213870642530640923
0.00004598034031213870642530640923
0.00004598034031213870642530640923
0.00004596027217330625260950653239
0.00004596027217330625260950653239
0.00004596027217330625260950653239
0.00004630136767042660609003370447
0.00004630136767042660609003370447
0.00004630136767042660609003370447
0.00004496621781709362467088675037
0.00004496621781709362467088675037
0.00004496621781709362467088675037
0.00004496621781709362467088675037
0.00004515759693208861026778258425
0.00004515759693208861026778258425
0.00004515759693208861026778258425
0.00004461106294908216874202228331
0.00004461106294908216874202228331
0.00004461106294908216874202228331
0.00004404341712862687616945003901
0.00004404341712862687616945003901
0.00004404341712862687616945003901
0.00004471568596561274903017469049
0.00004471568596561274903017469049
0.00004471568596561274903017469049
0.00004451409940208895864089779175
0.00004451409940208895864089779175
0.00004451409940208895864089779175
0.00004439680150539254919918046352
0.00004439680150539254919918046352
0.00004439680150539254919918046352
0.00004481354381426954377674218891
0.00004481354381426954377674218891
0.00004481354381426954377674218891
0.00004473511179017681349937172432
0.00004473511179017681349937172432
0.00004473511179017681349937172432
0.00004473511179017681349937172432
0.00004448884122895027681876670578
0.00004448884122895027681876670578
0.00004448884122895027681876670578
0.00004436667595415404528155823024
0.00004436667595415404528155823024
0.00004436667595415404528155823024
0.00004431560654240911007317641936
0.00004431560654240911007317641936
0.00004431560654240911007317641936
0.00004452377902093365719279122761
0.00004452377902093365719279122761
0.00004452377902093365719279122761
0.00004399687872649955366302205450
0.00004399687872649955366302205450
0.00004399687872649955366302205450
0.00004399682913098145252153387590
0.00004399682913098145252153387590
0.00004399682913098145252153387590
0.00004411671913716526945823277454
0.00004411671913716526945823277454
0.00004411671913716526945823277454
0.00004439711732508852069417352008
0.00004439711732508852069417352008
0.00004439711732508852069417352008
0.00004439711732508852069417352008
0.00004477263815023097380002385849
0.00004477263815023097380002385849
0.00004477263815023097380002385849
0.00004448918473966781189069729932
0.00004448918473966781189069729932
0.00004448918473966781189069729932
0.00004422113091057030536504392087
0.00004422113091057030536504392087
0.00004422113091057030536504392087
0.00004430243923613365018147222485
0.00004430243923613365018147222485
0.00004430243923613365018147222485
0.00004403270647266644259768496142
0.00004403270647266644259768496142
0.00004403270647266644259768496142
0.00004415449334419962534175023278
0.00004415449334419962534175023278
0.00004415449334419962534175023278
0.00004406271510844084607585082076
0.00004406271510844084607585082076
0.00004406271510844084607585082076
0.00004376185987664039042493360678
0.00004376185987664039042493360678
0.00004376185987664039042493360678
0.00004348972953864242392340573306
0.00004348972953864242392340573306
0.00004348972953864242392340573306
0.00004348972953864242392340573306
0.00004329003165601943520097212430
0.00004329003165601943520097212430
0.00004329003165601943520097212430
0.00004318512636739306893376731087
0.00004318512636739306893376731087
0.00004318512636739306893376731087
0.00004289863187033246764153105363
0.00004289863187033246764153105363
0.00004289863187033246764153105363
0.00004294158668745247263228563835
0.00004294158668745247263228563835
0.00004294158668745247263228563835
0.00004281476615794302831971760447
0.00004281476615794302831971760447
0.00004281476615794302831971760447
0.00004282855683131016039598268954
0.00004282855683131016039598268954
0.00004282855683131016039598268954
0.00004270088034285977229632004075
0.00004270088034285977229632004075
0.00004270088034285977229632004075
0.00004257726016067748463484652767
0.00004257726016067748463484652767
0.00004257726016067748463484652767
0.00004257726016067748463484652767
0.00004259144992192354712538280940
0.00004259144992192354712538280940
0.00004259144992192354712538280940
0.00004250909770674770764135886898
0.00004250909770674770764135886898
0.00004250909770674770764135886898
0.00004248891138908780321940544604
0.00004248891138908780321940544604
0.00004248891138908780321940544604
0.00004263137031838537069528883046
0.00004263137031838537069528883046
0.00004263137031838537069528883046
0.00004241804264852779939332020166
0.00004241804264852779939332020166
0.00004241804264852779939332020166
0.00004234449282337242612602732764
0.00004234449282337242612602732764
0.00004234449282337242612602732764
0.00004258902549839791336128606651
0.00004258902549839791336128606651
0.00004258902549839791336128606651
0.00004264972398527994987447317660
0.00004264972398527994987447317660
0.00004264972398527994987447317660
0.00004264972398527994987447317660
0.00004251261465306662076461895523
0.00004251261465306662076461895523
0.00004251261465306662076461895523
0.00004247933103528680059984000705
0.00004247933103528680059984000705
0.00004247933103528680059984000705
0.00004253337536143203151334032919
0.00004253337536143203151334032919
0.00004253337536143203151334032919
0.00004260576320601840327896974406
0.00004260576320601840327896974406
0.00004260576320601840327896974406
0.00004279287958202560450420523218
0.00004279287958202560450420523218
0.00004279287958202560450420523218
0.00004313842040816395287734323471
0.00004313842040816395287734323471
0.00004313842040816395287734323471
0.00004323648300542164275312911029
0.00004323648300542164275312911029
0.00004323648300542164275312911029
0.00004314995228482681771892658587
0.00004314995228482681771892658587
0.00004314995228482681771892658587
0.00004304924605651757071764779723
0.00004304924605651757071764779723
0.00004304924605651757071764779723
0.00004304924605651757071764779723
0.00004312807442742671819468154887
0.00004312807442742671819468154887
0.00004312807442742671819468154887
0.00004304172932116041611638264946
0.00004304172932116041611638264946
0.00004304172932116041611638264946
0.00004302678632104105880458414712
0.00004302678632104105880458414712
0.00004302678632104105880458414712
0.00004313253702107579406526967789
0.00004313253702107579406526967789
0.00004313253702107579406526967789
0.00004335242631762851795549380922
0.00004335242631762851795549380922
0.00004335242631762851795549380922
0.00004327552197208479480538175041
0.00004327552197208479480538175041
0.00004327552197208479480538175041
0.00004328927899221411287298533243
0.00004328927899221411287298533243
0.00004328927899221411287298533243
0.00004349221186997934928810014829
0.00004349221186997934928810014829
0.00004349221186997934928810014829
0.00004349221186997934928810014829
0.00004363662141960488572211613285
0.00004363662141960488572211613285
0.00004363662141960488572211613285
0.00004368295261474902284026421492
0.00004368295261474902284026421492
0.00004368295261474902284026421492
0.00004353651952274424233176385692
0.00004353651952274424233176385692
0.00004353651952274424233176385692
0.00004349495122731405227388742501
0.00004349495122731405227388742501
0.00004349495122731405227388742501
0.00004348593121003174138002690623
0.00004348593121003174138002690623
0.00004348593121003174138002690623
0.00004348593121003174138002690623
0.00004346167420247947601618522426
0.00004346167420247947601618522426
0.00004346167420247947601618522426
0.00004338238034523151457824030489
0.00004338238034523151457824030489
0.00004338238034523151457824030489
0.00004349147309614609196376832223
0.00004349147309614609196376832223
0.00004349147309614609196376832223
0.00004347475945378214727230315102
0.00004347475945378214727230315102
0.00004347475945378214727230315102
0.00004352865846114492359183724830
0.00004352865846114492359183724830
0.00004352865846114492359183724830
0.00004343105503064329825327842784
0.00004343105503064329825327842784
0.00004343105503064329825327842784
0.00004336155887946295325802347985
0.00004336155887946295325802347985
0.00004336155887946295325802347985
0.00004337696346731189645258389110
0.00004337696346731189645258389110
0.00004337696346731189645258389110
0.00004337696346731189645258389110
0.00004323511454218240502731176123
0.00004323511454218240502731176123
0.00004323511454218240502731176123
0.00004336219164832227138268938505
0.00004336219164832227138268938505
0.00004336219164832227138268938505
0.00004348799600887648444600710303
0.00004348799600887648444600710303
0.00004348799600887648444600710303
0.00004358248207406463475413946465
0.00004358248207406463475413946465
0.00004358248207406463475413946465
0.00004351005540561397690230663818
0.00004351005540561397690230663818
0.00004351005540561397690230663818
0.00004353758425690895446863481566
0.00004353758425690895446863481566
0.00004353758425690895446863481566
0.00004340458405256379211615888469
0.00004340458405256379211615888469
0.00004340458405256379211615888469
0.00004333250326429272290878834395
0.00004333250326429272290878834395
0.00004333250326429272290878834395
0.00004330704691589588532207101352
0.00004330704691589588532207101352
0.00004330704691589588532207101352
0.00004330704691589588532207101352
0.00004339079133441545858837061139
0.00004339079133441545858837061139
0.00004339079133441545858837061139
0.00004339344475459363986243526815
0.00004339344475459363986243526815
0.00004339344475459363986243526815
0.00004329816333034649632966624559
0.00004329816333034649632966624559
0.00004329816333034649632966624559
0.00004329920231949825832942091714
0.00004329920231949825832942091714
0.00004329920231949825832942091714
0.00004323965944352033030464671435
0.00004323965944352033030464671435
0.00004323965944352033030464671435
0.00004327431085821193338646284710
0.00004327431085821193338646284710
0.00004327431085821193338646284710
0.00004328711692670567777287986188
0.00004328711692670567777287986188
0.00004328711692670567777287986188
0.00004314875759337594755425217540
0.00004314875759337594755425217540
0.00004314875759337594755425217540
0.00004314875759337594755425217540
0.00004302457224241679367118398682
0.00004302457224241679367118398682
0.00004302457224241679367118398682
0.00004307204868864517994892723041
0.00004307204868864517994892723041
0.00004307204868864517994892723041
0.00004323080393084007221496150125
0.00004323080393084007221496150125
0.00004323080393084007221496150125
0.00004314160531298820925131590983
0.00004314160531298820925131590983
0.00004314160531298820925131590983
0.00004313786432360822007875252926
0.00004313786432360822007875252926
0.00004313786432360822007875252926
0.00004327957939032040084915057024
0.00004327957939032040084915057024
0.00004327957939032040084915057024
0.00004326678319530425761078202522
0.00004326678319530425761078202522
0.00004326678319530425761078202522
0.00004316501853001798150343676186
0.00004316501853001798150343676186
0.00004316501853001798150343676186
0.00004316501853001798150343676186
0.00004316447793845775091347362166
0.00004316447793845775091347362166
0.00004316447793845775091347362166
0.00004310273758606620262049032846
0.00004310273758606620262049032846
0.00004310273758606620262049032846
0.00004304882342010912645023546987
0.00004304882342010912645023546987
0.00004304882342010912645023546987
0.00004299071770937431425069145293
0.00004299071770937431425069145293
0.00004299071770937431425069145293
0.00004300004384197829888998084777
0.00004300004384197829888998084777
0.00004300004384197829888998084777
0.00004297606037193841268644227990
0.00004297606037193841268644227990
0.00004297606037193841268644227990
0.00004303052986511383925518299063
0.00004303052986511383925518299063
0.00004303052986511383925518299063
0.00004302143911514226047583159098
0.00004302143911514226047583159098
0.00004302143911514226047583159098
0.00004298602470893864182899513815
0.00004298602470893864182899513815
0.00004298602470893864182899513815
0.00004298602470893864182899513815
0.00004292896010939266840514421049
0.00004292896010939266840514421049
0.00004292896010939266840514421049
0.00004299575187789084360125655452
0.00004299575187789084360125655452
0.00004299575187789084360125655452
0.00004302423334553617157790543154
0.00004302423334553617157790543154
0.00004302423334553617157790543154
0.00004302791371754018107275327454
0.00004302791371754018107275327454
0.00004302791371754018107275327454
0.00004297121124406083447939230438
0.00004297121124406083447939230438
0.00004297121124406083447939230438
0.00004294788365412085490712827047
0.00004294788365412085490712827047
0.00004294788365412085490712827047
0.00004301126266102124086885999542
0.00004301126266102124086885999542
0.00004301126266102124086885999542
0.00004310754472246931927979482337
0.00004310754472246931927979482337
0.00004310754472246931927979482337
0.00004310754472246931927979482337
0.00004309927217974130926193789064
0.00004309927217974130926193789064
0.00004309927217974130926193789064
0.00004308539670257551057698326672
0.00004308539670257551057698326672
0.00004308539670257551057698326672
0.00004310768838377642022552987625
0.00004310768838377642022552987625
0.00004310768838377642022552987625
0.00004302371616642890891886609596
0.00004302371616642890891886609596
0.00004302371616642890891886609596
0.00004302848238591307910044391137
0.00004302848238591307910044391137
0.00004302848238591307910044391137
0.00004298994505134149419442708374
0.00004298994505134149419442708374
0.00004298994505134149419442708374
0.00004299044423820826532683762468
0.00004299044423820826532683762468
0.00004299044423820826532683762468
0.00004294950071874682619995893767
0.00004294950071874682619995893767
0.00004294950071874682619995893767
0.00004294950071874682619995893767
0.00004295265550247644589563364632
0.00004295265550247644589563364632
0.00004295265550247644589563364632
0.00004313005209398826545669054567
0.00004313005209398826545669054567
0.00004313005209398826545669054567
0.00004318147772082722865365251233
0.00004318147772082722865365251233
0.00004318147772082722865365251233
0.00004314898904747642425428474974
0.00004314898904747642425428474974
0.00004314898904747642425428474974
0.00004321479283745867951978248490
0.00004321479283745867951978248490
0.00004321479283745867951978248490
0.00004308090517160618042609367296
0.00004308090517160618042609367296
0.00004308090517160618042609367296
0.00004301999170773788466305632415
0.00004301999170773788466305632415
0.00004301999170773788466305632415
0.00004301763193121852875539737567
0.00004301763193121852875539737567
0.00004301763193121852875539737567
0.00004305450277304947735950043775
0.00004305450277304947735950043775
0.00004305450277304947735950043775
0.00004305450277304947735950043775
0.00004313061948716700085754398104
0.00004313061948716700085754398104
0.00004313061948716700085754398104
0.00004319575844806484535310485640
0.00004319575844806484535310485640
0.00004319575844806484535310485640
0.00004318806479459333504351256473
0.00004318806479459333504351256473
0.00004318806479459333504351256473
0.00004311664833482422096109534237
0.00004311664833482422096109534237
0.00004311664833482422096109534237
0.00004315415201717327232849722744
0.00004315415201717327232849722744
0.00004315415201717327232849722744
0.00004315415201717327232849722744
0.00004310143913942474272482274321
0.00004310143913942474272482274321
0.00004310143913942474272482274321
0.00004319114128818687587583172455
0.00004319114128818687587583172455
0.00004319114128818687587583172455
0.00004328143531057625901449177502
0.00004328143531057625901449177502
0.00004328143531057625901449177502
0.00004326085715966530537713187819
0.00004326085715966530537713187819
0.00004326085715966530537713187819
0.00004320877657061274761363949938
0.00004320877657061274761363949938
0.00004320877657061274761363949938
0.00004316213307749866825940762831
0.00004316213307749866825940762831
0.00004316213307749866825940762831
0.00004320523426918482349498590086
0.00004320523426918482349498590086
0.00004320523426918482349498590086
0.00004315481000673792251330834636
0.00004315481000673792251330834636
0.00004315481000673792251330834636
0.00004315481000673792251330834636
0.00004316058584876564019919195711
0.00004316058584876564019919195711
0.00004316058584876564019919195711
0.00004320735080429204326806081335
0.00004320735080429204326806081335
0.00004320735080429204326806081335
0.00004323096375300641694515898441
0.00004323096375300641694515898441
0.00004323096375300641694515898441
0.00004319555125969528755459856741
0.00004319555125969528755459856741
0.00004319555125969528755459856741
0.00004319574716386127867294138645
0.00004319574716386127867294138645
0.00004319574716386127867294138645
0.00004317491851396894359424654990
0.00004317491851396894359424654990
0.00004317491851396894359424654990
0.00004321708198270410817807227737
0.00004321708198270410817807227737
0.00004321708198270410817807227737
0.00004330498072654705138202617856
0.00004330498072654705138202617856
0.00004330498072654705138202617856
0.00004330498072654705138202617856
