0.00005330412983097266894819270954
0.00005330412983097266894819270954
0.00005330412983097266894819270954
0.00005604875175811685626961520608
0.00005604875175811685626961520608
0.00005604875175811685626961520608
0.00005248768267562655517932269272
0.00005248768267562655517932269272
0.00005248768267562655517932269272
0.00004895734983930952433254037222
0.00004895734983930952433254037222
0.00004895734983930952433254037222
0.00004694611823466200400065110332
0.00004694611823466200400065110332
0.00004694611823466200400065110332
0.00004682402961091175839630894058
0.00004682402961091175839630894058
0.00004682402961091175839630894058
0.00004587702835109008851601377744
0.00004587702835109008851601377744
0.00004587702835109008851601377744
0.00004516733381900549683749839768
0.00004516733381900549683749839768
0.00004516733381900549683749839768
0.00004394273721475940872305063393
0.00004394273721475940872305063393
0.00004394273721475940872305063393
0.00004394273721475940872305063393
0.00004427498064603977135013876021
0.00004427498064603977135013876021
0.00004427498064603977135013876021
0.00004410002445843589904090844988
0.00004410002445843589904090844988
0.00004410002445843589904090844988
0.00004438235978648906767738596423
0.00004438235978648906767738596423
0.00004438235978648906767738596423
0.00004432568266171416671014119846
0.00004432568266171416671014119846
0.00004432568266171416671014119846
0.00004319382660376663969696550999
0.00004319382660376663969696550999
0.00004319382660376663969696550999
0.00004286869715979899704803199311
0.00004286869715979899704803199311
0.00004286869715979899704803199311
0.00004276010832875480150164380631
0.00004276010832875480150164380631
0.00004276010832875480150164380631
0.00004235370986491419111424561290
0.00004235370986491419111424561290
0.00004235370986491419111424561290
0.00004235370986491419111424561290
0.00004296770003670085106066042740
0.00004296770003670085106066042740
0.00004296770003670085106066042740
0.00004333078381203413100463217646
0.00004333078381203413100463217646
0.00004333078381203413100463217646
0.00004321780337064988982872732446
0.00004321780337064988982872732446
0.00004321780337064988982872732446
0.00004364292714020604732175883531
0.00004364292714020604732175883531
0.00004364292714020604732175883531
0.00004349882731481069732243614020
0.00004349882731481069732243614020
0.00004349882731481069732243614020
0.00004326818452409963785638843369
0.00004326818452409963785638843369
0.00004326818452409963785638843369
0.00004349274270177627351725696463
0.00004349274270177627351725696463
0.00004349274270177627351725696463
0.00004304424307077572476861227055
0.00004304424307077572476861227055
0.00004304424307077572476861227055
0.00004304424307077572476861227055
0.00004336296641249947242495729754
0.00004336296641249947242495729754
0.00004336296641249947242495729754
0.00004380457994329609736342860277
0.00004380457994329609736342860277
0.00004380457994329609736342860277
0.00004391185241046495420106768080
0.00004391185241046495420106768080
0.00004391185241046495420106768080
0.00004394201833952599161189382739
0.00004394201833952599161189382739
0.00004394201833952599161189382739
0.00004414224916409827793991319663
0.00004414224916409827793991319663
0.00004414224916409827793991319663
0.00004424494838762529828341456983
0.00004424494838762529828341456983
0.00004424494838762529828341456983
0.00004419993587086587686703475234
0.00004419993587086587686703475234
0.00004419993587086587686703475234
0.00004405217730749956054934607762
0.00004405217730749956054934607762
0.00004405217730749956054934607762
0.00004386473904910338221610932057
0.00004386473904910338221610932057
0.00004386473904910338221610932057
0.00004386473904910338221610932057
0.00004367909873680192235031960258
0.00004367909873680192235031960258
0.00004367909873680192235031960258
0.00004425217025539450963946241261
0.00004425217025539450963946241261
0.00004425217025539450963946241261
0.00004430307287024427228389427374
0.00004430307287024427228389427374
0.00004430307287024427228389427374
0.00004473570097983689917676670796
0.00004473570097983689917676670796
0.00004473570097983689917676670796
0.00004443551454516996320869261367
0.00004443551454516996320869261367
0.00004443551454516996320869261367
0.00004449057672211251223293924898
0.00004449057672211251223293924898
0.00004449057672211251223293924898
0.00004426208331755822517074402488
0.00004426208331755822517074402488
0.00004426208331755822517074402488
0.00004405635770342901727984741162
0.00004405635770342901727984741162
0.00004405635770342901727984741162
0.00004405635770342901727984741162
0.00004403078412342606643920788997
0.00004403078412342606643920788997
0.00004403078412342606643920788997
0.00004405955350569113980411678659
0.00004405955350569113980411678659
0.00004405955350569113980411678659
0.00004421507597836069656293050791
0.00004421507597836069656293050791
0.00004421507597836069656293050791
0.00004417254000319683953681765667
0.00004417254000319683953681765667
0.00004417254000319683953681765667
0.00004404555379179774950343885420
0.00004404555379179774950343885420
0.00004404555379179774950343885420
0.00004385464607050383817375247433
0.00004385464607050383817375247433
0.00004385464607050383817375247433
0.00004374968971136099910520962706
0.00004374968971136099910520962706
0.00004374968971136099910520962706
0.00004351242420052365243933445400
0.00004351242420052365243933445400
0.00004351242420052365243933445400
0.00004351242420052365243933445400
0.00004353758513401717549081819842
0.00004353758513401717549081819842
0.00004353758513401717549081819842
0.00004343065646219067409971817206
0.00004343065646219067409971817206
0.00004343065646219067409971817206
0.00004326570336361133632077479770
0.00004326570336361133632077479770
0.00004326570336361133632077479770
0.00004344495125931850115136559995
0.00004344495125931850115136559995
0.00004344495125931850115136559995
0.00004342997262325135244226606286
0.00004342997262325135244226606286
0.00004342997262325135244226606286
0.00004326180608236948726864402464
0.00004326180608236948726864402464
0.00004326180608236948726864402464
0.00004335399799235389890237936252
0.00004335399799235389890237936252
0.00004335399799235389890237936252
0.00004328172143271268431211697508
0.00004328172143271268431211697508
0.00004328172143271268431211697508
0.00004330730706116441234824171389
0.00004330730706116441234824171389
0.00004330730706116441234824171389
0.00004330730706116441234824171389
0.00004346585437177036847100885140
0.00004346585437177036847100885140
0.00004346585437177036847100885140
0.00004326290655421472720313096595
0.00004326290655421472720313096595
0.00004326290655421472720313096595
0.00004320093464178954564870785817
0.00004320093464178954564870785817
0.00004320093464178954564870785817
0.00004316424756864874257203963758
0.00004316424756864874257203963758
0.00004316424756864874257203963758
0.00004325876026385165028565046578
0.00004325876026385165028565046578
0.00004325876026385165028565046578
0.00004325876026385165028565046578
0.00004352482722046031403493247541
0.00004352482722046031403493247541
0.00004352482722046031403493247541
0.00004383884319314832300116542441
0.00004383884319314832300116542441
0.00004383884319314832300116542441
0.00004407462827686857898990752181
0.00004407462827686857898990752181
0.00004407462827686857898990752181
0.00004410011114303579505981201226
0.00004410011114303579505981201226
0.00004410011114303579505981201226
0.00004460352215662496440338997325
0.00004460352215662496440338997325
0.00004460352215662496440338997325
0.00004460750847625543660167833969
0.00004460750847625543660167833969
0.00004460750847625543660167833969
0.00004455283465654380185719069095
0.00004455283465654380185719069095
0.00004455283465654380185719069095
0.00004474134480946525703459348679
0.00004474134480946525703459348679
0.00004474134480946525703459348679
0.00004474134480946525703459348679
0.00004458406492224098852431882906
0.00004458406492224098852431882906
0.00004458406492224098852431882906
0.00004456300135461418076580532174
0.00004456300135461418076580532174
0.00004456300135461418076580532174
0.00004479244464877123054684037535
0.00004479244464877123054684037535
0.00004479244464877123054684037535
0.00004457342903541610479017835083
0.00004457342903541610479017835083
0.00004457342903541610479017835083
0.00004457165919432183829452468394
0.00004457165919432183829452468394
0.00004457165919432183829452468394
0.00004489153005545305803880947383
0.00004489153005545305803880947383
0.00004489153005545305803880947383
0.00004474494619094894801284483977
0.00004474494619094894801284483977
0.00004474494619094894801284483977
0.00004452249080950337118631769878
0.00004452249080950337118631769878
0.00004452249080950337118631769878
0.00004452249080950337118631769878
0.00004440828838282018750843964829
0.00004440828838282018750843964829
0.00004440828838282018750843964829
0.00004440137978446158174894447074
0.00004440137978446158174894447074
0.00004440137978446158174894447074
0.00004444355312343648478588700125
0.00004444355312343648478588700125
0.00004444355312343648478588700125
0.00004420441655364516617495996502
0.00004420441655364516617495996502
0.00004420441655364516617495996502
0.00004402943461241479290350722430
0.00004402943461241479290350722430
0.00004402943461241479290350722430
0.00004410404659654092072086848661
0.00004410404659654092072086848661
0.00004410404659654092072086848661
0.00004419586640153425552861356266
0.00004419586640153425552861356266
0.00004419586640153425552861356266
0.00004421844253220481978507139222
0.00004421844253220481978507139222
0.00004421844253220481978507139222
0.00004428627868169591312876190143
0.00004428627868169591312876190143
0.00004428627868169591312876190143
0.00004428627868169591312876190143
0.00004420361254276478917039766274
0.00004420361254276478917039766274
0.00004420361254276478917039766274
0.00004403191172429135998647146327
0.00004403191172429135998647146327
0.00004403191172429135998647146327
0.00004405857826230223976924694148
0.00004405857826230223976924694148
0.00004405857826230223976924694148
0.00004412003934040486491394481707
0.00004412003934040486491394481707
0.00004412003934040486491394481707
0.00004419324097482318351745042623
0.00004419324097482318351745042623
0.00004419324097482318351745042623
0.00004433398448988350776632857859
0.00004433398448988350776632857859
0.00004433398448988350776632857859
0.00004430521934322521536405353578
0.00004430521934322521536405353578
0.00004430521934322521536405353578
0.00004427026017237942507413082162
0.00004427026017237942507413082162
0.00004427026017237942507413082162
0.00004427026017237942507413082162
0.00004426030840072129049554123581
0.00004426030840072129049554123581
0.00004426030840072129049554123581
0.00004416190335824985789135331186
0.00004416190335824985789135331186
0.00004416190335824985789135331186
0.00004415367905166510871861273596
0.00004415367905166510871861273596
0.00004415367905166510871861273596
0.00004412575388080387359625596597
0.00004412575388080387359625596597
0.00004412575388080387359625596597
0.00004416581554439531166950101315
0.00004416581554439531166950101315
0.00004416581554439531166950101315
0.00004422935067604907971125047564
0.00004422935067604907971125047564
0.00004422935067604907971125047564
0.00004418576024926437853227171285
0.00004418576024926437853227171285
0.00004418576024926437853227171285
0.00004413323734368503677542591300
0.00004413323734368503677542591300
0.00004413323734368503677542591300
0.00004413323734368503677542591300
0.00004406737169589484722677807982
0.00004406737169589484722677807982
0.00004406737169589484722677807982
0.00004398707147353892175611679346
0.00004398707147353892175611679346
0.00004398707147353892175611679346
0.00004390931518631979736031738305
0.00004390931518631979736031738305
0.00004390931518631979736031738305
0.00004385008692538125979460668317
0.00004385008692538125979460668317
0.00004385008692538125979460668317
0.00004386112582259213785326440099
0.00004386112582259213785326440099
0.00004386112582259213785326440099
0.00004391269860000180522432549900
0.00004391269860000180522432549900
0.00004391269860000180522432549900
0.00004382326331364952863780950149
0.00004382326331364952863780950149
0.00004382326331364952863780950149
0.00004380278997488964917049526749
0.00004380278997488964917049526749
0.00004380278997488964917049526749
0.00004382803650874863713427216810
0.00004382803650874863713427216810
0.00004382803650874863713427216810
0.00004382803650874863713427216810
0.00004376195124264079013989046435
0.00004376195124264079013989046435
0.00004376195124264079013989046435
0.00004374924606072141138393183320
0.00004374924606072141138393183320
0.00004374924606072141138393183320
0.00004367477959385052944534475738
0.00004367477959385052944534475738
0.00004367477959385052944534475738
0.00004362585931474157792108806408
0.00004362585931474157792108806408
0.00004362585931474157792108806408
0.00004361426350701565990980230652
0.00004361426350701565990980230652
0.00004361426350701565990980230652
0.00004367809133193770049866315183
0.00004367809133193770049866315183
0.00004367809133193770049866315183
0.00004360340986870767633539375961
0.00004360340986870767633539375961
0.00004360340986870767633539375961
0.00004362722790471718218336495561
0.00004362722790471718218336495561
0.00004362722790471718218336495561
0.00004362722790471718218336495561
0.00004351288835873272557589245204
0.00004351288835873272557589245204
0.00004351288835873272557589245204
0.00004356022961976688252996056595
0.00004356022961976688252996056595
0.00004356022961976688252996056595
0.00004360222878132132809141770299
0.00004360222878132132809141770299
0.00004360222878132132809141770299
0.00004366033738882829116267725252
0.00004366033738882829116267725252
0.00004366033738882829116267725252
0.00004377290868155066138624039280
0.00004377290868155066138624039280
0.00004377290868155066138624039280
0.00004367423251092272556092522801
0.00004367423251092272556092522801
0.00004367423251092272556092522801
0.00004375019032302421438706016279
0.00004375019032302421438706016279
0.00004375019032302421438706016279
0.00004377301012905549040610180349
0.00004377301012905549040610180349
0.00004377301012905549040610180349
0.00004377301012905549040610180349
0.00004382778840401993433730611324
0.00004382778840401993433730611324
0.00004382778840401993433730611324
0.00004396819829220173807871262262
0.00004396819829220173807871262262
0.00004396819829220173807871262262
0.00004390113784384918753905819380
0.00004390113784384918753905819380
0.00004390113784384918753905819380
0.00004388194417795884551717145619
0.00004388194417795884551717145619
0.00004388194417795884551717145619
0.00004390259365755546451527566779
0.00004390259365755546451527566779
0.00004390259365755546451527566779
0.00004383364331666547207213663465
0.00004383364331666547207213663465
0.00004383364331666547207213663465
0.00004377005750736597333506983548
0.00004377005750736597333506983548
0.00004377005750736597333506983548
0.00004370095258229829208240596445
0.00004370095258229829208240596445
0.00004370095258229829208240596445
0.00004367162050744997481823079682
0.00004367162050744997481823079682
0.00004367162050744997481823079682
0.00004367162050744997481823079682
0.00004362852072743123340263594148
0.00004362852072743123340263594148
0.00004362852072743123340263594148
0.00004364522202623444959561828434
0.00004364522202623444959561828434
0.00004364522202623444959561828434
0.00004359493549547968928524898358
0.00004359493549547968928524898358
0.00004359493549547968928524898358
0.00004357507736924236527727015470
0.00004357507736924236527727015470
0.00004357507736924236527727015470
0.00004357420585422119965925173280
0.00004357420585422119965925173280
0.00004357420585422119965925173280
0.00004357420585422119965925173280
0.00004363976507648103175553537829
0.00004363976507648103175553537829
0.00004363976507648103175553537829
0.00004357332353060192093258525534
0.00004357332353060192093258525534
0.00004357332353060192093258525534
0.00004355248269911663361229002187
0.00004355248269911663361229002187
0.00004355248269911663361229002187
0.00004363462755053344128650318704
0.00004363462755053344128650318704
0.00004363462755053344128650318704
0.00004359305677838826360784245646
0.00004359305677838826360784245646
0.00004359305677838826360784245646
0.00004354803200276734663883085131
0.00004354803200276734663883085131
0.00004354803200276734663883085131
0.00004361066188093356314173264132
0.00004361066188093356314173264132
0.00004361066188093356314173264132
0.00004356456471980137394438755970
0.00004356456471980137394438755970
0.00004356456471980137394438755970
0.00004356456471980137394438755970
0.00004360793637982260358482728121
0.00004360793637982260358482728121
0.00004360793637982260358482728121
0.00004360994700016290063375488128
0.00004360994700016290063375488128
0.00004360994700016290063375488128
0.00004363337301727573398250694413
0.00004363337301727573398250694413
0.00004363337301727573398250694413
0.00004358796099860433852141734621
0.00004358796099860433852141734621
0.00004358796099860433852141734621
0.00004359909023049962515226055817
0.00004359909023049962515226055817
0.00004359909023049962515226055817
0.00004358349149805021274549167987
0.00004358349149805021274549167987
0.00004358349149805021274549167987
0.00004357536175685605356901056549
0.00004357536175685605356901056549
0.00004357536175685605356901056549
0.00004358927454952375537933332045
0.00004358927454952375537933332045
0.00004358927454952375537933332045
0.00004358927454952375537933332045
