0.00005861123184360516055509058131
0.00005861123184360516055509058131
0.00005861123184360516055509058131
0.00005349986846114249216457025024
0.00005349986846114249216457025024
0.00005349986846114249216457025024
0.00004959514280109915320486290258
0.00004959514280109915320486290258
0.00004959514280109915320486290258
0.00004738945491366814598702705983
0.00004738945491366814598702705983
0.00004738945491366814598702705983
0.00004739268066374451194758982654
0.00004739268066374451194758982654
0.00004739268066374451194758982654
0.00004617958571985898222521193882
0.00004617958571985898222521193882
0.00004617958571985898222521193882
0.00004396260768004772727604107617
0.00004396260768004772727604107617
0.00004396260768004772727604107617
0.00004446928534176867815974448953
0.00004446928534176867815974448953
0.00004446928534176867815974448953
0.00004344922965854442382879086415
0.00004344922965854442382879086415
0.00004344922965854442382879086415
0.00004344922965854442382879086415
0.00004360709397551177264690019004
0.00004360709397551177264690019004
0.00004360709397551177264690019004
0.00004522967032715109431336187873
0.00004522967032715109431336187873
0.00004522967032715109431336187873
0.00004491185939671894602811362297
0.00004491185939671894602811362297
0.00004491185939671894602811362297
0.00004657681204560124012745531599
0.00004657681204560124012745531599
0.00004657681204560124012745531599
0.00004629952535965496814976672626
0.00004629952535965496814976672626
0.00004629952535965496814976672626
0.00004616184708797507079418817468
0.00004616184708797507079418817468
0.00004616184708797507079418817468
0.00004601108817511286276308079729
0.00004601108817511286276308079729
0.00004601108817511286276308079729
0.00004588808313192591531480190474
0.00004588808313192591531480190474
0.00004588808313192591531480190474
0.00004588808313192591531480190474
0.00004534860466203793715901900565
0.00004534860466203793715901900565
0.00004534860466203793715901900565
0.00004569468193822007011596750427
0.00004569468193822007011596750427
0.00004569468193822007011596750427
0.00004552843887028380523446314867
0.00004552843887028380523446314867
0.00004552843887028380523446314867
0.00004549359893959930226100518090
0.00004549359893959930226100518090
0.00004549359893959930226100518090
0.00004525212357316134055551234942
0.00004525212357316134055551234942
0.00004525212357316134055551234942
0.00004556187768389248191984581468
0.00004556187768389248191984581468
0.00004556187768389248191984581468
0.00004576771654040882678568917910
0.00004576771654040882678568917910
0.00004576771654040882678568917910
0.00004575642263756839835035004371
0.00004575642263756839835035004371
0.00004575642263756839835035004371
0.00004575642263756839835035004371
0.00004501279730136983388406066704
0.00004501279730136983388406066704
0.00004501279730136983388406066704
0.00004481894286633251742830153010
0.00004481894286633251742830153010
0.00004481894286633251742830153010
0.00004559541261601187671458422174
0.00004559541261601187671458422174
0.00004559541261601187671458422174
0.00004536545205036174417794300049
0.00004536545205036174417794300049
0.00004536545205036174417794300049
0.00004553829161305547071373982638
0.00004553829161305547071373982638
0.00004553829161305547071373982638
0.00004504107741188412565884402524
0.00004504107741188412565884402524
0.00004504107741188412565884402524
0.00004486658216639081944164162877
0.00004486658216639081944164162877
0.00004486658216639081944164162877
0.00004553474133690945365194805662
0.00004553474133690945365194805662
0.00004553474133690945365194805662
0.00004537254577158781377393266792
0.00004537254577158781377393266792
0.00004537254577158781377393266792
0.00004537254577158781377393266792
0.00004516277534033301357935551451
0.00004516277534033301357935551451
0.00004516277534033301357935551451
0.00004491692286363535434654713106
0.00004491692286363535434654713106
0.00004491692286363535434654713106
0.00004491704666779364903772306628
0.00004491704666779364903772306628
0.00004491704666779364903772306628
0.00004493242685681274405052497918
0.00004493242685681274405052497918
0.00004493242685681274405052497918
0.00004500132105284908622089689110
0.00004500132105284908622089689110
0.00004500132105284908622089689110
0.00004488212831233074144805919003
0.00004488212831233074144805919003
0.00004488212831233074144805919003
0.00004454588016375083207013385925
0.00004454588016375083207013385925
0.00004454588016375083207013385925
0.00004463638502127360447455001307
0.00004463638502127360447455001307
0.00004463638502127360447455001307
0.00004463638502127360447455001307
0.00004455600782687228016751136248
0.00004455600782687228016751136248
0.00004455600782687228016751136248
0.00004471534493917763183675168934
0.00004471534493917763183675168934
0.00004471534493917763183675168934
0.00004436619233931398121706269010
0.00004436619233931398121706269010
0.00004436619233931398121706269010
0.00004411173678704070518808261963
0.00004411173678704070518808261963
0.00004411173678704070518808261963
0.00004388455308713183749871719753
0.00004388455308713183749871719753
0.00004388455308713183749871719753
0.00004395879044084646663427292030
0.00004395879044084646663427292030
0.00004395879044084646663427292030
0.00004386236478202571371558095644
0.00004386236478202571371558095644
0.00004386236478202571371558095644
0.00004384780979601367101477494668
0.00004384780979601367101477494668
0.00004384780979601367101477494668
0.00004384780979601367101477494668
0.00004394847919394860351339820746
0.00004394847919394860351339820746
0.00004394847919394860351339820746
0.00004380044615925454295280974307
0.00004380044615925454295280974307
0.00004380044615925454295280974307
0.00004369472620434421212378498158
0.00004369472620434421212378498158
0.00004369472620434421212378498158
0.00004354104893348228499246864484
0.00004354104893348228499246864484
0.00004354104893348228499246864484
0.00004324734036786171937528091747
0.00004324734036786171937528091747
0.00004324734036786171937528091747
0.00004317706572254547450397539958
0.00004317706572254547450397539958
0.00004317706572254547450397539958
0.00004316916961975806917366302345
0.00004316916961975806917366302345
0.00004316916961975806917366302345
0.00004307748430611580997917645994
0.00004307748430611580997917645994
0.00004307748430611580997917645994
0.00004311614461349674148102787313
0.00004311614461349674148102787313
0.00004311614461349674148102787313
0.00004311614461349674148102787313
0.00004305071860433238175175777866
0.00004305071860433238175175777866
0.00004305071860433238175175777866
0.00004286603814054930169348111173
0.00004286603814054930169348111173
0.00004286603814054930169348111173
0.00004322078857563495377546647748
0.00004322078857563495377546647748
0.00004322078857563495377546647748
0.00004311459816738088128270155753
0.00004311459816738088128270155753
0.00004311459816738088128270155753
0.00004331973838147399870677137280
0.00004331973838147399870677137280
0.00004331973838147399870677137280
0.00004331973838147399870677137280
0.00004331294733854357688652310709
0.00004331294733854357688652310709
0.00004331294733854357688652310709
0.00004337494158430189517837692121
0.00004337494158430189517837692121
0.00004337494158430189517837692121
0.00004342297424869298967224571831
0.00004342297424869298967224571831
0.00004342297424869298967224571831
0.00004340845685834236754116703737
0.00004340845685834236754116703737
0.00004340845685834236754116703737
0.00004325910306568410833368101717
0.00004325910306568410833368101717
0.00004325910306568410833368101717
0.00004305270322489259578639592450
0.00004305270322489259578639592450
0.00004305270322489259578639592450
0.00004333995282312065500093956750
0.00004333995282312065500093956750
0.00004333995282312065500093956750
0.00004325376359193491877253952341
0.00004325376359193491877253952341
0.00004325376359193491877253952341
0.00004325376359193491877253952341
0.00004323533050154462615327220109
0.00004323533050154462615327220109
0.00004323533050154462615327220109
0.00004307380370567824989407646154
0.00004307380370567824989407646154
0.00004307380370567824989407646154
0.00004317729243841980765085033355
0.00004317729243841980765085033355
0.00004317729243841980765085033355
0.00004308766454871868041015009294
0.00004308766454871868041015009294
0.00004308766454871868041015009294
0.00004298883311771120630955874477
0.00004298883311771120630955874477
0.00004298883311771120630955874477
0.00004307551537607919345927687573
0.00004307551537607919345927687573
0.00004307551537607919345927687573
0.00004288809716857614507323525553
0.00004288809716857614507323525553
0.00004288809716857614507323525553
0.00004286790401454898339315338427
0.00004286790401454898339315338427
0.00004286790401454898339315338427
0.00004286790401454898339315338427
0.00004281776885274842361850277007
0.00004281776885274842361850277007
0.00004281776885274842361850277007
0.00004283293654702846634947258936
0.00004283293654702846634947258936
0.00004283293654702846634947258936
0.00004274393571113135852332706326
0.00004274393571113135852332706326
0.00004274393571113135852332706326
0.00004264358434763053564315283458
0.00004264358434763053564315283458
0.00004264358434763053564315283458
0.00004273281117254132862524668425
0.00004273281117254132862524668425
0.00004273281117254132862524668425
0.00004292376158131383438489342661
0.00004292376158131383438489342661
0.00004292376158131383438489342661
0.00004285323235437721207418186580
0.00004285323235437721207418186580
0.00004285323235437721207418186580
0.00004297378629930860434020787823
0.00004297378629930860434020787823
0.00004297378629930860434020787823
0.00004285029461078932850662561675
0.00004285029461078932850662561675
0.00004285029461078932850662561675
0.00004285029461078932850662561675
0.00004273403783296080678825561826
0.00004273403783296080678825561826
0.00004273403783296080678825561826
0.00004272884314394006021124149564
0.00004272884314394006021124149564
0.00004272884314394006021124149564
0.00004267200943556330896662938389
0.00004267200943556330896662938389
0.00004267200943556330896662938389
0.00004264882532219214769146525768
0.00004264882532219214769146525768
0.00004264882532219214769146525768
0.00004261880119783976051529939365
0.00004261880119783976051529939365
0.00004261880119783976051529939365
0.00004264548111159468610113718543
0.00004264548111159468610113718543
0.00004264548111159468610113718543
0.00004263560282503548503202760797
0.00004263560282503548503202760797
0.00004263560282503548503202760797
0.00004258255286346402995082116246
0.00004258255286346402995082116246
0.00004258255286346402995082116246
0.00004258255286346402995082116246
0.00004285483629840345563091517710
0.00004285483629840345563091517710
0.00004285483629840345563091517710
0.00004293068122967880525050295372
0.00004293068122967880525050295372
0.00004293068122967880525050295372
0.00004304147009496621736543733681
0.00004304147009496621736543733681
0.00004304147009496621736543733681
0.00004313413242971777269813072092
0.00004313413242971777269813072092
0.00004313413242971777269813072092
0.00004313439847359762918529259116
0.00004313439847359762918529259116
0.00004313439847359762918529259116
0.00004303100576825254458696377354
0.00004303100576825254458696377354
0.00004303100576825254458696377354
0.00004316769870505187665737624716
0.00004316769870505187665737624716
0.00004316769870505187665737624716
0.00004327669027123933208329582421
0.00004327669027123933208329582421
0.00004327669027123933208329582421
0.00004327669027123933208329582421
0.00004329132185085482331410292652
0.00004329132185085482331410292652
0.00004329132185085482331410292652
0.00004330470498187354440124334454
0.00004330470498187354440124334454
0.00004330470498187354440124334454
0.00004331534663592454394867940191
0.00004331534663592454394867940191
0.00004331534663592454394867940191
0.00004325041196384987069853007811
0.00004325041196384987069853007811
0.00004325041196384987069853007811
0.00004320515710121453473488055149
0.00004320515710121453473488055149
0.00004320515710121453473488055149
0.00004328221374423683716922848923
0.00004328221374423683716922848923
0.00004328221374423683716922848923
0.00004324718430788512709400926303
0.00004324718430788512709400926303
0.00004324718430788512709400926303
0.00004328513619034922554028002872
0.00004328513619034922554028002872
0.00004328513619034922554028002872
0.00004329730601164097194882151134
0.00004329730601164097194882151134
0.00004329730601164097194882151134
0.00004329730601164097194882151134
0.00004332524301363598863960663166
0.00004332524301363598863960663166
0.00004332524301363598863960663166
0.00004321379700327082630063140798
0.00004321379700327082630063140798
0.00004321379700327082630063140798
0.00004330895714046128600001471879
0.00004330895714046128600001471879
0.00004330895714046128600001471879
0.00004326813578032492571971105041
0.00004326813578032492571971105041
0.00004326813578032492571971105041
0.00004319518193899125780274270354
0.00004319518193899125780274270354
0.00004319518193899125780274270354
0.00004327918222131049841028736613
0.00004327918222131049841028736613
0.00004327918222131049841028736613
0.00004322168693272784502280179277
0.00004322168693272784502280179277
0.00004322168693272784502280179277
0.00004327353126761467353081670076
0.00004327353126761467353081670076
0.00004327353126761467353081670076
0.00004327353126761467353081670076
0.00004330040701140565577756395950
0.00004330040701140565577756395950
0.00004330040701140565577756395950
0.00004331501706728952262102295024
0.00004331501706728952262102295024
0.00004331501706728952262102295024
0.00004326509949085912744897267976
0.00004326509949085912744897267976
0.00004326509949085912744897267976
0.00004320206425817231859823350128
0.00004320206425817231859823350128
0.00004320206425817231859823350128
0.00004317339914064879363922089023
0.00004317339914064879363922089023
0.00004317339914064879363922089023
0.00004328747281522747021027312598
0.00004328747281522747021027312598
0.00004328747281522747021027312598
0.00004323302194210023727708139594
0.00004323302194210023727708139594
0.00004323302194210023727708139594
0.00004316495587306741087000634110
0.00004316495587306741087000634110
0.00004316495587306741087000634110
0.00004316495587306741087000634110
0.00004310119697865133054708892905
0.00004310119697865133054708892905
0.00004310119697865133054708892905
0.00004303420144496467710193455572
0.00004303420144496467710193455572
0.00004303420144496467710193455572
0.00004297492428378108592232219201
0.00004297492428378108592232219201
0.00004297492428378108592232219201
0.00004292874345750802283744617487
0.00004292874345750802283744617487
0.00004292874345750802283744617487
0.00004302908947514320272474660399
0.00004302908947514320272474660399
0.00004302908947514320272474660399
0.00004307079391165440505763711915
0.00004307079391165440505763711915
0.00004307079391165440505763711915
0.00004315719868558621071421025680
0.00004315719868558621071421025680
0.00004315719868558621071421025680
0.00004345834095724972698367240304
0.00004345834095724972698367240304
0.00004345834095724972698367240304
0.00004350566183111626763044585419
0.00004350566183111626763044585419
0.00004350566183111626763044585419
0.00004350566183111626763044585419
0.00004353729384132035803705605911
0.00004353729384132035803705605911
0.00004353729384132035803705605911
0.00004357339009133323540597444776
0.00004357339009133323540597444776
0.00004357339009133323540597444776
0.00004358160852191713015783609409
0.00004358160852191713015783609409
0.00004358160852191713015783609409
0.00004359903817549805255746862596
0.00004359903817549805255746862596
0.00004359903817549805255746862596
0.00004354441477072319591192282611
0.00004354441477072319591192282611
0.00004354441477072319591192282611
0.00004356792808548146528930469905
0.00004356792808548146528930469905
0.00004356792808548146528930469905
0.00004365425603383929967016879967
0.00004365425603383929967016879967
0.00004365425603383929967016879967
0.00004364485693294939219589318192
0.00004368103408892432135125318621
0.00004368103408892432135125318621
0.00004368103408892432135125318621
0.00004360006213466207074338323782
0.00004360006213466207074338323782
0.00004360006213466207074338323782
0.00004356888772845380923826145767
0.00004356888772845380923826145767
0.00004356888772845380923826145767
0.00004357094256806077499765971153
0.00004357094256806077499765971153
0.00004357094256806077499765971153
0.00004350086206031861204936785580
0.00004350086206031861204936785580
0.00004350086206031861204936785580
0.00004352005135075020337315125054
0.00004352005135075020337315125054
0.00004352005135075020337315125054
0.00004352005135075020337315125054
0.00004354582989357084900982998004
0.00004354582989357084900982998004
0.00004354582989357084900982998004
0.00004356849901368698669240603977
0.00004356849901368698669240603977
0.00004356849901368698669240603977
0.00004351161581473530014461255932
0.00004351161581473530014461255932
0.00004351161581473530014461255932
0.00004347767079101537165654644009
0.00004347767079101537165654644009
0.00004347767079101537165654644009
0.00004346266981587174853789826864
0.00004346266981587174853789826864
0.00004346266981587174853789826864
0.00004353383547910031353176660091
0.00004353383547910031353176660091
0.00004353383547910031353176660091
0.00004347214974239258378039343003
0.00004347214974239258378039343003
0.00004347214974239258378039343003
0.00004337092482213830215582838069
0.00004337092482213830215582838069
0.00004337092482213830215582838069
0.00004337092482213830215582838069
