0.2864736569780364095517809944
0.2864736569780364095517809944
0.2864736569780364095517809944
0.2767101586162975332767343288
0.2767101586162975332767343288
0.2767101586162975332767343288
0.2679544938878003937704504198
0.2679544938878003937704504198
0.2679544938878003937704504198
0.2638352744440830133660772587
0.2638352744440830133660772587
0.2638352744440830133660772587
0.2619512828286876819248057889
0.2619512828286876819248057889
0.2619512828286876819248057889
0.2630301799842193261401213897
0.2630301799842193261401213897
0.2630301799842193261401213897
0.2600157181736301213652180006
0.2600157181736301213652180006
0.2600157181736301213652180006
0.2636641160892865270444598647
0.2636641160892865270444598647
0.2636641160892865270444598647
0.2655300163867874207701430288
0.2655300163867874207701430288
0.2655300163867874207701430288
0.2655300163867874207701430288
0.2662033115529363583324602567
0.2662033115529363583324602567
0.2662033115529363583324602567
0.2650245526365796401815377097
0.2650245526365796401815377097
0.2650245526365796401815377097
0.2625496707409136415639960887
0.2625496707409136415639960887
0.2625496707409136415639960887
0.2611424491286077706099458559
0.2611424491286077706099458559
0.2611424491286077706099458559
0.2629657712935676849992418985
0.2629657712935676849992418985
0.2629657712935676849992418985
0.2630496187225740751828174084
0.2630496187225740751828174084
0.2630496187225740751828174084
0.2615176165920750328276978144
0.2615176165920750328276978144
0.2615176165920750328276978144
0.2619416584348840446524593981
0.2619416584348840446524593981
0.2619416584348840446524593981
0.2619416584348840446524593981
0.2613685975874616993778920429
0.2613685975874616993778920429
0.2613685975874616993778920429
0.2613143953743466001184247234
0.2613143953743466001184247234
0.2613143953743466001184247234
0.2608821947933726246866847604
0.2608821947933726246866847604
0.2608821947933726246866847604
0.2594088343835259506047928511
0.2594088343835259506047928511
0.2594088343835259506047928511
0.2582817969286426703511565011
0.2582817969286426703511565011
0.2582817969286426703511565011
0.2576260495774406010430374336
0.2576260495774406010430374336
0.2576260495774406010430374336
0.2595693014392140960898524357
0.2595693014392140960898524357
0.2595693014392140960898524357
0.2590217978340585534980870246
0.2590217978340585534980870246
0.2590217978340585534980870246
0.2590217978340585534980870246
0.2592036758658381568426920063
0.2592036758658381568426920063
0.2592036758658381568426920063
0.2593659222462152580564207254
0.2593659222462152580564207254
0.2593659222462152580564207254
0.2588561071309219161352488911
0.2588561071309219161352488911
0.2588561071309219161352488911
0.2586289538345571310224489966
0.2586289538345571310224489966
0.2586289538345571310224489966
0.2584725651587687501338366318
0.2584725651587687501338366318
0.2584725651587687501338366318
0.2590972369524466219729393537
0.2590972369524466219729393537
0.2590972369524466219729393537
0.2596674983080653063013693658
0.2596674983080653063013693658
0.2596674983080653063013693658
0.2602854870089963214352736806
0.2602854870089963214352736806
0.2602854870089963214352736806
0.2599498444878625475866521018
0.2599498444878625475866521018
0.2599498444878625475866521018
0.2599498444878625475866521018
0.2606824972090016782819426773
0.2606824972090016782819426773
0.2606824972090016782819426773
0.2606029062231290600345818604
0.2606029062231290600345818604
0.2606029062231290600345818604
0.2609953455714859772112512110
0.2609953455714859772112512110
0.2609953455714859772112512110
0.2604038877183211314051618788
0.2604038877183211314051618788
0.2604038877183211314051618788
0.2601349162730137603995622905
0.2601349162730137603995622905
0.2601349162730137603995622905
0.2603887622089665781572204170
0.2603887622089665781572204170
0.2603887622089665781572204170
0.2611069903772139279470515532
0.2611069903772139279470515532
0.2611069903772139279470515532
0.2604794715691859718356122081
0.2604794715691859718356122081
0.2604794715691859718356122081
0.2604794715691859718356122081
0.2599563529634599476164917468
0.2599563529634599476164917468
0.2599563529634599476164917468
0.2592045824592766698442160057
0.2592045824592766698442160057
0.2592045824592766698442160057
0.2586194106367184748432727227
0.2586194106367184748432727227
0.2586194106367184748432727227
0.2585285339162934861102674986
0.2585285339162934861102674986
0.2585285339162934861102674986
0.2582858466823769946399683344
0.2582858466823769946399683344
0.2582858466823769946399683344
0.2583622327075065812510211878
0.2583622327075065812510211878
0.2583622327075065812510211878
0.2587053717126057136573164520
0.2587053717126057136573164520
0.2587053717126057136573164520
0.2587832070610201952039941076
0.2587832070610201952039941076
0.2587832070610201952039941076
0.2587832070610201952039941076
0.2589002056102208482046532638
0.2589002056102208482046532638
0.2589002056102208482046532638
0.2581090446769986368323681426
0.2581090446769986368323681426
0.2581090446769986368323681426
0.2577249074480414862278131554
0.2577249074480414862278131554
0.2577249074480414862278131554
0.2574167019669458042984331250
0.2574167019669458042984331250
0.2574167019669458042984331250
0.2571653754163949682103828136
0.2571653754163949682103828136
0.2571653754163949682103828136
0.2568795823849127119592903937
0.2568795823849127119592903937
0.2568795823849127119592903937
0.2571847579827470501238207372
0.2571847579827470501238207372
0.2571847579827470501238207372
0.2574998030922615558663583525
0.2574998030922615558663583525
0.2574998030922615558663583525
0.2570805983757620080548510301
0.2570805983757620080548510301
0.2570805983757620080548510301
0.2570805983757620080548510301
0.2570798045159087301102862357
0.2570798045159087301102862357
0.2570798045159087301102862357
0.2574134910266849383754195889
0.2574134910266849383754195889
0.2574134910266849383754195889
0.2568839819771875343564261239
0.2568839819771875343564261239
0.2568839819771875343564261239
0.2567731291313086594112230745
0.2567731291313086594112230745
0.2567731291313086594112230745
0.2567794108988134325769627084
0.2567794108988134325769627084
0.2567794108988134325769627084
0.2567794108988134325769627084
0.2569499535514429798599956018
0.2569499535514429798599956018
0.2569499535514429798599956018
0.2569360598616677369962819826
0.2569360598616677369962819826
0.2569360598616677369962819826
0.2569542319653693823668287518
0.2569542319653693823668287518
0.2569542319653693823668287518
0.2567342581295837642463082737
0.2567342581295837642463082737
0.2567342581295837642463082737
0.2567234219294933134114606664
0.2567234219294933134114606664
0.2567234219294933134114606664
0.2565438820504294618220631898
0.2565438820504294618220631898
0.2565438820504294618220631898
0.2568221009496895329856392622
0.2568221009496895329856392622
0.2568221009496895329856392622
0.2567372156384681338107905635
0.2567372156384681338107905635
0.2567372156384681338107905635
0.2567372156384681338107905635
0.2565556483568081935046417171
0.2565556483568081935046417171
0.2565556483568081935046417171
0.2565788232838592632882502889
0.2565788232838592632882502889
0.2565788232838592632882502889
0.2565077807984203600980301269
0.2565077807984203600980301269
0.2565077807984203600980301269
0.2569356699691215033047061781
0.2569356699691215033047061781
0.2569356699691215033047061781
0.2570018867694932153814233497
0.2570018867694932153814233497
0.2570018867694932153814233497
0.2569091764535962265786150704
0.2569091764535962265786150704
0.2569091764535962265786150704
0.2570161675063668347560407623
0.2570161675063668347560407623
0.2570161675063668347560407623
0.2568134024777167980819105339
0.2568134024777167980819105339
0.2568134024777167980819105339
0.2568134024777167980819105339
0.2568046949319093508006475921
0.2568046949319093508006475921
0.2568046949319093508006475921
0.2566658074139500400199678745
0.2566658074139500400199678745
0.2566658074139500400199678745
0.2564816914239430605807950055
0.2564816914239430605807950055
0.2564816914239430605807950055
0.2565008250022308870630319809
0.2565008250022308870630319809
0.2565008250022308870630319809
0.2565027714428607488212989795
0.2565027714428607488212989795
0.2565027714428607488212989795
0.2565311481475233963304879799
0.2565311481475233963304879799
0.2565311481475233963304879799
0.2566369345498436797765025365
0.2566369345498436797765025365
0.2566369345498436797765025365
0.2568091539568229849421697069
0.2568091539568229849421697069
0.2568091539568229849421697069
0.2569042585168984815017473934
0.2569042585168984815017473934
0.2569042585168984815017473934
0.2569042585168984815017473934
0.2572095306498521866832069592
0.2572095306498521866832069592
0.2572095306498521866832069592
0.2571863892107386998453598603
0.2571863892107386998453598603
0.2571863892107386998453598603
0.2570210737487004402426356765
0.2570210737487004402426356765
0.2570210737487004402426356765
0.2568735475790204852864361957
0.2568735475790204852864361957
0.2568735475790204852864361957
0.2570979772681664446971730218
0.2570979772681664446971730218
0.2570979772681664446971730218
0.2570132949985782714070133938
0.2570132949985782714070133938
0.2570132949985782714070133938
0.2564825260305700376189740876
0.2564825260305700376189740876
0.2564825260305700376189740876
0.2563985300389271791605252623
0.2563985300389271791605252623
0.2563985300389271791605252623
0.2563985300389271791605252623
0.2563157562217219477079984889
0.2563157562217219477079984889
0.2563157562217219477079984889
0.2562653540466156216306048194
0.2562653540466156216306048194
0.2562653540466156216306048194
0.2561365560406448868349353932
0.2561365560406448868349353932
0.2561365560406448868349353932
0.2559736611606852006723918630
0.2559736611606852006723918630
0.2559736611606852006723918630
0.2560937950233794230222756158
0.2560937950233794230222756158
0.2560937950233794230222756158
0.2561193918934204315910860194
0.2561193918934204315910860194
0.2561193918934204315910860194
0.2562282625684736759973617137
0.2562282625684736759973617137
0.2562282625684736759973617137
0.2564787054662155103161074893
0.2564787054662155103161074893
0.2564787054662155103161074893
0.2564787054662155103161074893
0.2562137005572672706619506105
0.2562137005572672706619506105
0.2562137005572672706619506105
0.2561838483922051314478400715
0.2561838483922051314478400715
0.2561838483922051314478400715
0.2562812412156789844045655006
0.2562812412156789844045655006
0.2562812412156789844045655006
0.2561601002673035532500898959
0.2561601002673035532500898959
0.2561601002673035532500898959
0.2561034093296481870704733399
0.2561034093296481870704733399
0.2561034093296481870704733399
0.2562048277465835312001332808
0.2562048277465835312001332808
0.2562048277465835312001332808
0.2560666143207043346804661036
0.2560666143207043346804661036
0.2560666143207043346804661036
0.2560127423969199183460070890
0.2560127423969199183460070890
0.2560127423969199183460070890
0.2558373895605418715651268835
0.2558373895605418715651268835
0.2558373895605418715651268835
0.2558373895605418715651268835
0.2555446681038866224515368443
0.2555446681038866224515368443
0.2555446681038866224515368443
0.2556023931257350786165012504
0.2556023931257350786165012504
0.2556023931257350786165012504
0.2556182379331321816451769627
0.2556182379331321816451769627
0.2556182379331321816451769627
0.2555896743770367174805057747
0.2555896743770367174805057747
0.2555896743770367174805057747
0.2556372579488278966270711201
0.2556372579488278966270711201
0.2556372579488278966270711201
0.2554752764106045076684455044
0.2554752764106045076684455044
0.2554752764106045076684455044
0.2554801475114749738478699861
0.2554801475114749738478699861
0.2554801475114749738478699861
0.2551853007611090128951099829
0.2551853007611090128951099829
0.2551853007611090128951099829
0.2551853007611090128951099829
0.2553833488699740530494693344
0.2553833488699740530494693344
0.2553833488699740530494693344
0.2554893517833891377473809898
0.2554893517833891377473809898
0.2554893517833891377473809898
0.2552655445950024113853769837
0.2552655445950024113853769837
0.2552655445950024113853769837
0.2552425481962426421053010051
0.2552425481962426421053010051
0.2552425481962426421053010051
0.2549799370893614037885856819
0.2549799370893614037885856819
0.2549799370893614037885856819
0.2550238701470331071904612287
0.2550238701470331071904612287
0.2550238701470331071904612287
0.2550644590927626728365924345
0.2550644590927626728365924345
0.2550644590927626728365924345
0.2548978257489958992527996971
0.2548978257489958992527996971
0.2548978257489958992527996971
0.2548978257489958992527996971
0.2548845723729865930627432143
0.2548845723729865930627432143
0.2548845723729865930627432143
0.2548120897361458517654409055
0.2548120897361458517654409055
0.2548120897361458517654409055
0.2547699387168875726228991583
0.2547699387168875726228991583
0.2547699387168875726228991583
0.2545589775635702683314545020
0.2545589775635702683314545020
0.2545589775635702683314545020
0.2546375787826931775381206456
0.2546375787826931775381206456
0.2546375787826931775381206456
0.2545227494081496495425062169
0.2545227494081496495425062169
0.2545227494081496495425062169
0.2544652125960638576103643525
0.2544652125960638576103643525
0.2544652125960638576103643525
0.2545689888242363491121644414
0.2545689888242363491121644414
0.2545689888242363491121644414
0.2543129001296946671017714367
0.2543129001296946671017714367
0.2543129001296946671017714367
0.2543129001296946671017714367
0.2543903036143154307751077593
0.2543903036143154307751077593
0.2543903036143154307751077593
0.2544980717246279763011577448
0.2544980717246279763011577448
0.2544980717246279763011577448
0.2544447434320156929543990646
0.2544447434320156929543990646
0.2544447434320156929543990646
0.2544887851107367414189819117
0.2544887851107367414189819117
0.2544887851107367414189819117
0.2545852935028558984699131168
0.2545852935028558984699131168
0.2545852935028558984699131168
0.2545852935028558984699131168
0.2546311181408138502223442928
0.2546311181408138502223442928
0.2546311181408138502223442928
0.2546895876489427040361989331
0.2546895876489427040361989331
0.2546895876489427040361989331
0.2545195392556436484009489273
0.2545195392556436484009489273
0.2545195392556436484009489273
0.2544863905329272534860380666
0.2544863905329272534860380666
0.2544863905329272534860380666
0.2545735363818921899232852013
0.2545735363818921899232852013
0.2545735363818921899232852013
0.2545397762152092972839454436
0.2545397762152092972839454436
0.2545397762152092972839454436
0.2548133248486921835617884998
0.2548133248486921835617884998
0.2548133248486921835617884998
0.2548539464296602263732627161
0.2548539464296602263732627161
0.2548539464296602263732627161
0.2548539464296602263732627161
0.2548373986022943181920616015
0.2548373986022943181920616015
0.2548373986022943181920616015
0.2549968425372447310634830109
0.2549968425372447310634830109
0.2549968425372447310634830109
0.2551444170729086627362194128
0.2551444170729086627362194128
0.2551444170729086627362194128
0.2551117258992390213356560325
0.2551117258992390213356560325
0.2551117258992390213356560325
0.2552239771229012810108922814
0.2552239771229012810108922814
0.2552239771229012810108922814
0.2552194727836492294059585146
0.2552194727836492294059585146
0.2552194727836492294059585146
0.2554430657645975392825536184
0.2554430657645975392825536184
0.2554430657645975392825536184
0.2554139548609426395143763559
0.2554139548609426395143763559
0.2554139548609426395143763559
0.2554139548609426395143763559
