0.2581321152847226825922615365
0.2581321152847226825922615365
0.2581321152847226825922615365
0.2585971331190984406191960297
0.2585971331190984406191960297
0.2585971331190984406191960297
0.2682295187702154052865254498
0.2682295187702154052865254498
0.2682295187702154052865254498
0.2678012507957236674310724745
0.2678012507957236674310724745
0.2678012507957236674310724745
0.2672299856974341894623923738
0.2672299856974341894623923738
0.2672299856974341894623923738
0.2637925690942617931336402821
0.2637925690942617931336402821
0.2637925690942617931336402821
0.2642348432751828276536576789
0.2642348432751828276536576789
0.2642348432751828276536576789
0.2629432798045057362035405655
0.2629432798045057362035405655
0.2629432798045057362035405655
0.2654293138987626647419455795
0.2654293138987626647419455795
0.2654293138987626647419455795
0.2654293138987626647419455795
0.2647020124616480355033239179
0.2647020124616480355033239179
0.2647020124616480355033239179
0.2631965194614860249515282631
0.2631965194614860249515282631
0.2631965194614860249515282631
0.2639500875143322010377744897
0.2639500875143322010377744897
0.2639500875143322010377744897
0.2634755279807078073266312879
0.2634755279807078073266312879
0.2634755279807078073266312879
0.2610094138271466766663548663
0.2610094138271466766663548663
0.2610094138271466766663548663
0.2616086002118552560772952021
0.2616086002118552560772952021
0.2616086002118552560772952021
0.2611938131248325768423706593
0.2611938131248325768423706593
0.2611938131248325768423706593
0.2591958151449089523544118110
0.2591958151449089523544118110
0.2591958151449089523544118110
0.2591958151449089523544118110
0.2595663255539803124820372134
0.2595663255539803124820372134
0.2595663255539803124820372134
0.2586853665744301373617067310
0.2586853665744301373617067310
0.2586853665744301373617067310
0.2570008989260272899344745599
0.2570008989260272899344745599
0.2570008989260272899344745599
0.2550620159104908286345450297
0.2550620159104908286345450297
0.2550620159104908286345450297
0.2547322130623138907360843901
0.2547322130623138907360843901
0.2547322130623138907360843901
0.2546393614768021471424290235
0.2546393614768021471424290235
0.2546393614768021471424290235
0.2549997234064931084709077912
0.2549997234064931084709077912
0.2549997234064931084709077912
0.2562279857668676475776024779
0.2562279857668676475776024779
0.2562279857668676475776024779
0.2562279857668676475776024779
0.2559026375920295866388443304
0.2559026375920295866388443304
0.2559026375920295866388443304
0.2554650298593536118949000062
0.2554650298593536118949000062
0.2554650298593536118949000062
0.2559265927517141506360899488
0.2559265927517141506360899488
0.2559265927517141506360899488
0.2555530886570533985235427167
0.2555530886570533985235427167
0.2555530886570533985235427167
0.2556810660362697873189589953
0.2556810660362697873189589953
0.2556810660362697873189589953
0.2556853639344604295944135219
0.2556853639344604295944135219
0.2556853639344604295944135219
0.2559756481503113026268733969
0.2559756481503113026268733969
0.2559756481503113026268733969
0.2554836759939230359156260612
0.2554836759939230359156260612
0.2554836759939230359156260612
0.2560510287429170853305442991
0.2560510287429170853305442991
0.2560510287429170853305442991
0.2560510287429170853305442991
0.2555832068689788747424689767
0.2555832068689788747424689767
0.2555832068689788747424689767
0.2551737606752353677489774573
0.2551737606752353677489774573
0.2551737606752353677489774573
0.2545790467853505573128546644
0.2545790467853505573128546644
0.2545790467853505573128546644
0.2542689001567431216518586876
0.2542689001567431216518586876
0.2542689001567431216518586876
0.2541711564249676550238283674
0.2541711564249676550238283674
0.2541711564249676550238283674
0.2539039699854997898289447172
0.2539039699854997898289447172
0.2539039699854997898289447172
0.2541527291829727152761517349
0.2541527291829727152761517349
0.2541527291829727152761517349
0.2546674264986317215676988835
0.2546674264986317215676988835
0.2546674264986317215676988835
0.2546674264986317215676988835
0.2546679410335658037826711289
0.2546679410335658037826711289
0.2546679410335658037826711289
0.2546973917569895644328735245
0.2546973917569895644328735245
0.2546973917569895644328735245
0.2543080961287496883718605773
0.2543080961287496883718605773
0.2543080961287496883718605773
0.2544218796142829021588693252
0.2544218796142829021588693252
0.2544218796142829021588693252
0.2542366343406302620194151632
0.2542366343406302620194151632
0.2542366343406302620194151632
0.2547997513584508212243298518
0.2547997513584508212243298518
0.2547997513584508212243298518
0.2546811719895014986125645326
0.2546811719895014986125645326
0.2546811719895014986125645326
0.2551384224346873846368742512
0.2551384224346873846368742512
0.2551384224346873846368742512
0.2551384224346873846368742512
0.2556255612632038119871722214
0.2556255612632038119871722214
0.2556255612632038119871722214
0.2552508415962120722198214094
0.2552508415962120722198214094
0.2552508415962120722198214094
0.2546243562687724121364954627
0.2546243562687724121364954627
0.2546243562687724121364954627
0.2547230449622591054163244526
0.2547230449622591054163244526
0.2547230449622591054163244526
0.2544844255887597660402972214
0.2544844255887597660402972214
0.2544844255887597660402972214
0.2543603307465557082488014086
0.2543603307465557082488014086
0.2543603307465557082488014086
0.2541524379716498040475223289
0.2541524379716498040475223289
0.2541524379716498040475223289
0.2539186794816080003131488498
0.2539186794816080003131488498
0.2539186794816080003131488498
0.2533756485620965333386188626
0.2533756485620965333386188626
0.2533756485620965333386188626
0.2533756485620965333386188626
0.2538143482907471232041283339
0.2538143482907471232041283339
0.2538143482907471232041283339
0.2531223634703947923532969322
0.2531223634703947923532969322
0.2531223634703947923532969322
0.2529515093956064368397330168
0.2529515093956064368397330168
0.2529515093956064368397330168
0.2530929980589756983525190778
0.2530929980589756983525190778
0.2530929980589756983525190778
0.2531961325258293084248033800
0.2531961325258293084248033800
0.2531961325258293084248033800
0.2531693042002312726231882111
0.2528232370206659929904649969
0.2528232370206659929904649969
0.2528232370206659929904649969
0.2529096198811459132006503991
0.2529096198811459132006503991
0.2529096198811459132006503991
0.2531061683497130540082778562
0.2531061683497130540082778562
0.2531061683497130540082778562
0.2530714495110568366070439070
0.2530714495110568366070439070
0.2530714495110568366070439070
0.2531865186840723718988433496
0.2531865186840723718988433496
0.2531865186840723718988433496
0.2534213750209701657852154307
0.2534213750209701657852154307
0.2534213750209701657852154307
0.2538910940407178566210717715
0.2538910940407178566210717715
0.2538910940407178566210717715
0.2540677496232963052127378192
0.2540677496232963052127378192
0.2540677496232963052127378192
0.2540677496232963052127378192
0.2543731113342452555459376466
0.2543731113342452555459376466
0.2543731113342452555459376466
0.2546240265816229286427296201
0.2546240265816229286427296201
0.2546240265816229286427296201
0.2547371516058446359742647712
0.2547371516058446359742647712
0.2547371516058446359742647712
0.2546414465390236424997707120
0.2546414465390236424997707120
0.2546414465390236424997707120
0.2548265237481011460014639794
0.2548265237481011460014639794
0.2548265237481011460014639794
0.2545725869464456395420288861
0.2545725869464456395420288861
0.2545725869464456395420288861
0.2549862873634953244540901960
0.2549862873634953244540901960
0.2549862873634953244540901960
0.2548861766599560582383820296
0.2548861766599560582383820296
0.2548861766599560582383820296
0.2548861766599560582383820296
0.2550153949931042645788660788
0.2550153949931042645788660788
0.2550153949931042645788660788
0.2551729428584744412302440727
0.2551729428584744412302440727
0.2551729428584744412302440727
0.2551024270569359989749728891
0.2551024270569359989749728891
0.2551024270569359989749728891
0.2552335616591180798958022527
0.2552335616591180798958022527
0.2552335616591180798958022527
0.2552970228518612441043493669
0.2552970228518612441043493669
0.2552970228518612441043493669
0.2552583259696540990337373823
0.2552583259696540990337373823
0.2552583259696540990337373823
0.2554200251867171523036748897
0.2554200251867171523036748897
0.2554200251867171523036748897
0.2552588208419420255146099151
0.2552588208419420255146099151
0.2552588208419420255146099151
0.2554184308958865963516207280
0.2554184308958865963516207280
0.2554184308958865963516207280
0.2554184308958865963516207280
0.2551056427670321252637370971
0.2551056427670321252637370971
0.2551056427670321252637370971
0.2549446849433317994154325076
0.2549446849433317994154325076
0.2549446849433317994154325076
0.2547120957677040885049353152
0.2547120957677040885049353152
0.2547120957677040885049353152
0.2543857418383184191522494463
0.2543857418383184191522494463
0.2543857418383184191522494463
0.2542204940520004704858692581
0.2542204940520004704858692581
0.2542204940520004704858692581
0.2539332884343032211070848905
0.2539332884343032211070848905
0.2539332884343032211070848905
0.2540237104146137343478814310
0.2540237104146137343478814310
0.2540237104146137343478814310
0.2541255752899446567238041296
0.2541255752899446567238041296
0.2541255752899446567238041296
0.2541255752899446567238041296
0.2542489710730026168026383884
0.2542489710730026168026383884
0.2542489710730026168026383884
0.2541301670719986409223401256
0.2541301670719986409223401256
0.2541301670719986409223401256
0.2537806628043212706671171330
0.2537806628043212706671171330
0.2537806628043212706671171330
0.2536910027775209335649714141
0.2536910027775209335649714141
0.2536910027775209335649714141
0.2534975457708148437943831573
0.2534975457708148437943831573
0.2534975457708148437943831573
0.2534097531295718637486293714
0.2534097531295718637486293714
0.2534097531295718637486293714
0.2532758747187482205778290018
0.2532758747187482205778290018
0.2532758747187482205778290018
0.2532912446736580139051178849
0.2532912446736580139051178849
0.2532912446736580139051178849
0.2532912446736580139051178849
0.2531811933944991122066822741
0.2531811933944991122066822741
0.2531811933944991122066822741
0.2529665003960847905478269063
0.2529665003960847905478269063
0.2529665003960847905478269063
0.2531234828381756329560941511
0.2531234828381756329560941511
0.2531234828381756329560941511
0.2531281385075895799418301366
0.2531281385075895799418301366
0.2531281385075895799418301366
0.2532999523836825337867292174
0.2532999523836825337867292174
0.2532999523836825337867292174
0.2532809569095132932667003128
0.2532809569095132932667003128
0.2532809569095132932667003128
0.2536358712031265851432902872
0.2536358712031265851432902872
0.2536358712031265851432902872
0.2537534372881280226371333010
0.2537534372881280226371333010
0.2537534372881280226371333010
0.2539125909011249879513657187
0.2539125909011249879513657187
0.2539125909011249879513657187
0.2539125909011249879513657187
0.2542639295165585068823867387
0.2542639295165585068823867387
0.2542639295165585068823867387
0.2540216559255825243420770403
0.2540216559255825243420770403
0.2540216559255825243420770403
0.2539612042812545672270397592
0.2539612042812545672270397592
0.2539612042812545672270397592
0.2539646576220696172540112556
0.2539646576220696172540112556
0.2539646576220696172540112556
0.2539931599509209782499029645
0.2539931599509209782499029645
0.2539931599509209782499029645
0.2542348700388916897346459152
0.2542348700388916897346459152
0.2542348700388916897346459152
0.2541769837741768281416459866
0.2541769837741768281416459866
0.2541769837741768281416459866
0.2541134637712201804884597626
0.2541134637712201804884597626
0.2541134637712201804884597626
0.2541134637712201804884597626
0.2540919933313794074770381302
0.2540919933313794074770381302
0.2540919933313794074770381302
0.2541919100803611568517475021
0.2541919100803611568517475021
0.2541919100803611568517475021
0.2541258252189998123291245817
0.2541258252189998123291245817
0.2541258252189998123291245817
0.2542757117410994900669243827
0.2542757117410994900669243827
0.2542757117410994900669243827
0.2545193062170421507564993866
0.2545193062170421507564993866
0.2545193062170421507564993866
0.2546036069821942565776717789
0.2546036069821942565776717789
0.2546036069821942565776717789
0.2544937469386237569784927423
0.2544937469386237569784927423
0.2544937469386237569784927423
0.2547786900801534917000090189
0.2547786900801534917000090189
0.2547786900801534917000090189
0.2547786900801534917000090189
0.2549609474007684730072834123
0.2549609474007684730072834123
0.2549609474007684730072834123
0.2549714610369363814365498672
0.2549714610369363814365498672
0.2549714610369363814365498672
0.2549657044877289431584431980
0.2549657044877289431584431980
0.2549657044877289431584431980
0.2553110998427225663533576956
0.2553110998427225663533576956
0.2553110998427225663533576956
0.2554997923549542477381401830
0.2554997923549542477381401830
0.2554997923549542477381401830
0.2555419364410688599522926113
0.2555419364410688599522926113
0.2555419364410688599522926113
0.2555453873683667696708309961
0.2555453873683667696708309961
0.2555453873683667696708309961
0.2554210044890532790130725167
0.2554210044890532790130725167
0.2554210044890532790130725167
0.2554949864894849478779652061
0.2554949864894849478779652061
0.2554949864894849478779652061
0.2554949864894849478779652061
0.2554133438562427475557243485
0.2554133438562427475557243485
0.2554133438562427475557243485
0.2555319871868099756296297674
0.2555319871868099756296297674
0.2555319871868099756296297674
0.2555858540730054190662711003
0.2555858540730054190662711003
0.2555858540730054190662711003
0.2555885605211820554305877456
0.2555885605211820554305877456
0.2555885605211820554305877456
0.2556077547690877251330986022
0.2556077547690877251330986022
0.2556077547690877251330986022
0.2555877166004074248357469632
0.2556729513806550785559597218
0.2556729513806550785559597218
0.2556729513806550785559597218
0.2558757234915342108515167681
0.2558757234915342108515167681
0.2558757234915342108515167681
0.2560191210023297598587838757
0.2560191210023297598587838757
0.2560191210023297598587838757
0.2558261707711803958987379217
0.2558261707711803958987379217
0.2558261707711803958987379217
0.2558303808698782660391987247
0.2558303808698782660391987247
0.2558303808698782660391987247
0.2556419275787092060794595657
0.2556419275787092060794595657
0.2556419275787092060794595657
0.2556862770618764928417183548
0.2556862770618764928417183548
0.2556862770618764928417183548
0.2558142661059684786118755195
0.2558142661059684786118755195
0.2558142661059684786118755195
0.2558142661059684786118755195
0.2557334439771084169311512716
0.2557334439771084169311512716
0.2557334439771084169311512716
0.2557907083278140360991325124
0.2557907083278140360991325124
0.2557907083278140360991325124
0.2557863806076644986217498940
0.2557863806076644986217498940
0.2557863806076644986217498940
0.2558362554079107958164776001
0.2558362554079107958164776001
0.2558362554079107958164776001
0.2556529668855840681476213736
0.2556529668855840681476213736
0.2556529668855840681476213736
0.2558617838365492293758984748
0.2558617838365492293758984748
0.2558617838365492293758984748
0.2558438624984680566833770974
0.2558438624984680566833770974
0.2558438624984680566833770974
0.2555936575189596519726667604
0.2555936575189596519726667604
0.2555936575189596519726667604
0.2555936575189596519726667604
