0.2243093090603515230954317258
0.2243093090603515230954317258
0.2243093090603515230954317258
0.2424044965756256192599959080
0.2424044965756256192599959080
0.2424044965756256192599959080
0.2510296732988716611582396743
0.2510296732988716611582396743
0.2510296732988716611582396743
0.2503547408651925499534492454
0.2503547408651925499534492454
0.2503547408651925499534492454
0.2518843102266784499391323721
0.2518843102266784499391323721
0.2518843102266784499391323721
0.2586195848133582098117837720
0.2586195848133582098117837720
0.2586195848133582098117837720
0.2636631866880913013269766413
0.2636631866880913013269766413
0.2636631866880913013269766413
0.2609743558618969536694080844
0.2609743558618969536694080844
0.2609743558618969536694080844
0.2563276327908376175023117778
0.2563276327908376175023117778
0.2563276327908376175023117778
0.2563276327908376175023117778
0.2554962599856291804955921838
0.2554962599856291804955921838
0.2554962599856291804955921838
0.2564939740347171396971705718
0.2564939740347171396971705718
0.2564939740347171396971705718
0.2562355134574264442705388602
0.2562355134574264442705388602
0.2562355134574264442705388602
0.2555957706217869859797065115
0.2555957706217869859797065115
0.2555957706217869859797065115
0.2548733446591468762883644688
0.2548733446591468762883644688
0.2548733446591468762883644688
0.2528318257448537355971327525
0.2528318257448537355971327525
0.2528318257448537355971327525
0.2506935021892622280165840956
0.2506935021892622280165840956
0.2506935021892622280165840956
0.2510543880596233480554378723
0.2510543880596233480554378723
0.2510543880596233480554378723
0.2510543880596233480554378723
0.2521623048674120212533953662
0.2521623048674120212533953662
0.2521623048674120212533953662
0.2513231622258154968341308576
0.2513231622258154968341308576
0.2513231622258154968341308576
0.2506774843615709054365466716
0.2506774843615709054365466716
0.2506774843615709054365466716
0.2503793797424888158739491952
0.2503793797424888158739491952
0.2503793797424888158739491952
0.2505514542314293516139387781
0.2505514542314293516139387781
0.2505514542314293516139387781
0.2508420072930917020532494862
0.2508420072930917020532494862
0.2508420072930917020532494862
0.2511918930681580944121759952
0.2511918930681580944121759952
0.2511918930681580944121759952
0.2501659878756227858972995313
0.2501659878756227858972995313
0.2501659878756227858972995313
0.2501659878756227858972995313
0.2499329370243825057441234574
0.2499329370243825057441234574
0.2499329370243825057441234574
0.2508821942798303725002490321
0.2508821942798303725002490321
0.2508821942798303725002490321
0.2507949930896161808328481897
0.2507949930896161808328481897
0.2507949930896161808328481897
0.2508602522711212276379646077
0.2508602522711212276379646077
0.2508602522711212276379646077
0.2506198854221477145444028896
0.2506198854221477145444028896
0.2506198854221477145444028896
0.2502267142452096212049644223
0.2502267142452096212049644223
0.2502267142452096212049644223
0.2507854052603505433788592593
0.2507854052603505433788592593
0.2507854052603505433788592593
0.2495884643699911790746359515
0.2495884643699911790746359515
0.2495884643699911790746359515
0.2492990622661050376168202198
0.2492990622661050376168202198
0.2492990622661050376168202198
0.2492990622661050376168202198
0.2492719951015508252699126062
0.2492719951015508252699126062
0.2492719951015508252699126062
0.2485146448550113564210723804
0.2485146448550113564210723804
0.2485146448550113564210723804
0.2483807907476805784271637562
0.2483807907476805784271637562
0.2483807907476805784271637562
0.2492739764059637691387447624
0.2492739764059637691387447624
0.2492739764059637691387447624
0.2495416253894553932051510471
0.2495416253894553932051510471
0.2495416253894553932051510471
0.2492217499576484715422549784
0.2492217499576484715422549784
0.2492217499576484715422549784
0.2495015741777965323459513951
0.2495015741777965323459513951
0.2495015741777965323459513951
0.2496664657146416221653838299
0.2496664657146416221653838299
0.2496664657146416221653838299
0.2496664657146416221653838299
0.2506737421064297190354411310
0.2506737421064297190354411310
0.2506737421064297190354411310
0.2498933267290918401739479873
0.2498933267290918401739479873
0.2498933267290918401739479873
0.2498750653142808017257169281
0.2498750653142808017257169281
0.2498750653142808017257169281
0.2503473325499055665921374135
0.2503473325499055665921374135
0.2503473325499055665921374135
0.2504371363758869388272361508
0.2504371363758869388272361508
0.2504371363758869388272361508
0.2511295816235511728645423963
0.2511295816235511728645423963
0.2511295816235511728645423963
0.2514983790300460468283543717
0.2514983790300460468283543717
0.2514983790300460468283543717
0.2519658109499351441882931692
0.2519658109499351441882931692
0.2519658109499351441882931692
0.2519658109499351441882931692
0.2523974756825136700881529402
0.2523974756825136700881529402
0.2523974756825136700881529402
0.2523962048446281517049559986
0.2523962048446281517049559986
0.2523962048446281517049559986
0.2530706464543251127817742321
0.2530706464543251127817742321
0.2530706464543251127817742321
0.2528099314948331101042085280
0.2528099314948331101042085280
0.2528099314948331101042085280
0.2530534652654030087599887965
0.2530534652654030087599887965
0.2530534652654030087599887965
0.2526217723737387247704660739
0.2526217723737387247704660739
0.2526217723737387247704660739
0.2521289563582111262265313768
0.2521289563582111262265313768
0.2521289563582111262265313768
0.2519954769111170550676648050
0.2519954769111170550676648050
0.2519954769111170550676648050
0.2521183252021705820872306614
0.2521183252021705820872306614
0.2521183252021705820872306614
0.2521183252021705820872306614
0.2523909694921509132835937852
0.2523909694921509132835937852
0.2523909694921509132835937852
0.2526966871525868388286654249
0.2526966871525868388286654249
0.2526966871525868388286654249
0.2531609092939327257221125335
0.2531609092939327257221125335
0.2531609092939327257221125335
0.2530044417300014342870107703
0.2530044417300014342870107703
0.2530044417300014342870107703
0.2532907656091995793242060680
0.2532907656091995793242060680
0.2532907656091995793242060680
0.2532907656091995793242060680
0.2535794272818368473391091399
0.2535794272818368473391091399
0.2535794272818368473391091399
0.2537873110045756288758756118
0.2537873110045756288758756118
0.2537873110045756288758756118
0.2540388268544981847221236815
0.2540388268544981847221236815
0.2540388268544981847221236815
0.2537537768324059918810948330
0.2537537768324059918810948330
0.2537537768324059918810948330
0.2541659930103970669201956309
0.2541659930103970669201956309
0.2541659930103970669201956309
0.2539706787337913293666614599
0.2539706787337913293666614599
0.2539706787337913293666614599
0.2542405095483952714813958438
0.2542405095483952714813958438
0.2542405095483952714813958438
0.2541577413713623366207564050
0.2541577413713623366207564050
0.2541577413713623366207564050
0.2541577413713623366207564050
0.2542344173076213127348821688
0.2542344173076213127348821688
0.2542344173076213127348821688
0.2542218010679126797780263524
0.2542218010679126797780263524
0.2542218010679126797780263524
0.2543747102242381426716345582
0.2543747102242381426716345582
0.2543747102242381426716345582
0.2541590842177300999221888389
0.2541590842177300999221888389
0.2541590842177300999221888389
0.2542272702699844761615819767
0.2542272702699844761615819767
0.2542272702699844761615819767
0.2542962108641803793328010266
0.2542962108641803793328010266
0.2542962108641803793328010266
0.2538925278393435503804516274
0.2538925278393435503804516274
0.2538925278393435503804516274
0.2537762126782921032496917896
0.2537762126782921032496917896
0.2537762126782921032496917896
0.2537762126782921032496917896
0.2537369162719152840813227846
0.2537369162719152840813227846
0.2537369162719152840813227846
0.2540621656695368218955737283
0.2540621656695368218955737283
0.2540621656695368218955737283
0.2538764572380844167092786981
0.2538764572380844167092786981
0.2538764572380844167092786981
0.2540275228824991774283485000
0.2540275228824991774283485000
0.2540275228824991774283485000
0.2545034588127000496372208841
0.2545034588127000496372208841
0.2545034588127000496372208841
0.2543211906157247674229211576
0.2543211906157247674229211576
0.2543211906157247674229211576
0.2543640264854817064633688526
0.2543640264854817064633688526
0.2543640264854817064633688526
0.2545902736011231246720545124
0.2545902736011231246720545124
0.2545902736011231246720545124
0.2541806474774270591748622177
0.2541806474774270591748622177
0.2541806474774270591748622177
0.2541806474774270591748622177
0.2543813590013838221694960434
0.2543813590013838221694960434
0.2543813590013838221694960434
0.2545128047609912000184867279
0.2545128047609912000184867279
0.2545128047609912000184867279
0.2544349459382342528391813000
0.2544349459382342528391813000
0.2544349459382342528391813000
0.2544901802931385995446528839
0.2544901802931385995446528839
0.2544901802931385995446528839
0.2543888427736212077068840094
0.2543888427736212077068840094
0.2543888427736212077068840094
0.2541754153601143214864526243
0.2541754153601143214864526243
0.2541754153601143214864526243
0.2539091576614771464824667651
0.2539091576614771464824667651
0.2539091576614771464824667651
0.2537207417197649221765310175
0.2537207417197649221765310175
0.2537207417197649221765310175
0.2537207417197649221765310175
0.2534051014184637173445506326
0.2534051014184637173445506326
0.2534051014184637173445506326
0.2531273715598528841294006162
0.2531273715598528841294006162
0.2531273715598528841294006162
0.2532458868241765122115959566
0.2532458868241765122115959566
0.2532458868241765122115959566
0.2529505187751506106150291523
0.2529505187751506106150291523
0.2529505187751506106150291523
0.2529460110234972672286485856
0.2529460110234972672286485856
0.2529460110234972672286485856
0.2529742102675862042209775964
0.2529742102675862042209775964
0.2529742102675862042209775964
0.2530114217288428951079613397
0.2530114217288428951079613397
0.2530114217288428951079613397
0.2529185522608136476139004423
0.2529185522608136476139004423
0.2529185522608136476139004423
0.2529185522608136476139004423
0.2530958990572235964554035863
0.2530958990572235964554035863
0.2530958990572235964554035863
0.2530029054045273166278941269
0.2530029054045273166278941269
0.2530029054045273166278941269
0.2528939814699202592976011448
0.2528939814699202592976011448
0.2528939814699202592976011448
0.2528870793997194825290229508
0.2528870793997194825290229508
0.2528870793997194825290229508
0.2529106334654575836572732120
0.2529106334654575836572732120
0.2529106334654575836572732120
0.2530545223763194414046431627
0.2530545223763194414046431627
0.2530545223763194414046431627
0.2530591542162551125276085210
0.2530591542162551125276085210
0.2530591542162551125276085210
0.2530987300859243807165457716
0.2530987300859243807165457716
0.2530987300859243807165457716
0.2530951901360359391762905084
0.2530951901360359391762905084
0.2530951901360359391762905084
0.2530951901360359391762905084
0.2532367506634266387968556276
0.2532367506634266387968556276
0.2532367506634266387968556276
0.2531246235741001856269629824
0.2531246235741001856269629824
0.2531246235741001856269629824
0.2532665708580563653074066525
0.2532665708580563653074066525
0.2532665708580563653074066525
0.2530189694956834295364772122
0.2530189694956834295364772122
0.2530189694956834295364772122
0.2532533540970469887022722441
0.2532533540970469887022722441
0.2532533540970469887022722441
0.2529168597534165279338073726
0.2529168597534165279338073726
0.2529168597534165279338073726
0.2528866949853520104904086807
0.2528866949853520104904086807
0.2528866949853520104904086807
0.2527936324764045419147166506
0.2527936324764045419147166506
0.2527936324764045419147166506
0.2527936324764045419147166506
0.2528048045033608926794949784
0.2528048045033608926794949784
0.2528048045033608926794949784
0.2530409648695930384797872874
0.2530409648695930384797872874
0.2530409648695930384797872874
0.2531193185177236996207109036
0.2531193185177236996207109036
0.2531193185177236996207109036
0.2531756647301017726204294086
0.2531756647301017726204294086
0.2531756647301017726204294086
0.2532009771529600003790586776
0.2532009771529600003790586776
0.2532009771529600003790586776
0.2534638721342128860201936302
0.2534638721342128860201936302
0.2534638721342128860201936302
0.2536825670749168694349384788
0.2536825670749168694349384788
0.2536825670749168694349384788
0.2536447572908545455285473732
0.2536447572908545455285473732
0.2536447572908545455285473732
0.2536447572908545455285473732
0.2534888335643370470258004615
0.2534888335643370470258004615
0.2534888335643370470258004615
0.2534433115786279905592461436
0.2534433115786279905592461436
0.2534433115786279905592461436
0.2533487118167677691758012600
0.2533487118167677691758012600
0.2533487118167677691758012600
0.2531223438447165293843463341
0.2531223438447165293843463341
0.2531223438447165293843463341
0.2529701017568506653591078592
0.2529701017568506653591078592
0.2529701017568506653591078592
0.2526391218018785903859399251
0.2526391218018785903859399251
0.2526391218018785903859399251
0.2527530547226724434360622310
0.2527530547226724434360622310
0.2527530547226724434360622310
0.2528020192609087995983559610
0.2528020192609087995983559610
0.2528020192609087995983559610
0.2528274279473246726229519099
0.2528274279473246726229519099
0.2528274279473246726229519099
0.2528274279473246726229519099
0.2527928384002136659602509954
0.2527928384002136659602509954
0.2527928384002136659602509954
0.2528534828688889781892634532
0.2528534828688889781892634532
0.2528534828688889781892634532
0.2530445091806651939997753553
0.2530445091806651939997753553
0.2530445091806651939997753553
0.2530846384109394625451891565
0.2530846384109394625451891565
0.2530846384109394625451891565
0.2531579305618469436698401962
0.2531579305618469436698401962
0.2531579305618469436698401962
0.2531579305618469436698401962
0.2531559109021407201671129040
0.2531559109021407201671129040
0.2531559109021407201671129040
0.2530731134938519522011626511
0.2530731134938519522011626511
0.2530731134938519522011626511
0.2531796393642350146954984340
0.2531796393642350146954984340
0.2531796393642350146954984340
0.2533742367469313533402060998
0.2533742367469313533402060998
0.2533742367469313533402060998
0.2534389964417776655620135055
0.2534389964417776655620135055
0.2534389964417776655620135055
0.2534810835638776139294938249
0.2534810835638776139294938249
0.2534810835638776139294938249
0.2535287664497872158621329985
0.2535287664497872158621329985
0.2535287664497872158621329985
0.2533452657075610843217917944
0.2533452657075610843217917944
0.2533452657075610843217917944
0.2533452657075610843217917944
0.2534495751383046509150237209
0.2534495751383046509150237209
0.2534495751383046509150237209
0.2535246739934109774384655285
0.2535246739934109774384655285
0.2535246739934109774384655285
0.2533837924015186606094254190
0.2533837924015186606094254190
0.2533837924015186606094254190
0.2533609525522874524926437292
0.2533609525522874524926437292
0.2533609525522874524926437292
0.2533623742023069345384964699
0.2533623742023069345384964699
0.2533623742023069345384964699
0.2534578997528089833514600286
0.2534578997528089833514600286
0.2534578997528089833514600286
0.2535040737172800574975199965
0.2535040737172800574975199965
0.2535040737172800574975199965
0.2533254580651081284584506134
0.2533254580651081284584506134
0.2533254580651081284584506134
0.2533254580651081284584506134
