0.00004017717509887852655058470749
0.00004017717509887852655058470749
0.00004017717509887852655058470749
0.00004017717509887852655058470749
0.00004017717509887852655058470749
0.00004017717509887852655058470749
0.00004017717509887852655058470749
0.00004017717509887852655058470749
0.00004017717509887852655058470749
0.00004017717509887852655058470749
0.00004017717509887852655058470749
0.00004017717509887852655058470749
0.00004017717509887852655058470749
0.00004017717509887852655058470749
0.00004017717509887852655058470749
0.00004326277822085582324668610227
0.00004326277822085582324668610227
0.00004326277822085582324668610227
0.00004326277822085582324668610227
0.00004326277822085582324668610227
0.00004326277822085582324668610227
0.00004326277822085582324668610227
0.00004326277822085582324668610227
0.00004326277822085582324668610227
0.00004326277822085582324668610227
0.00004326277822085582324668610227
0.00004326277822085582324668610227
0.00004326277822085582324668610227
0.00004326277822085582324668610227
0.00004326277822085582324668610227
0.00004326277822085582324668610227
0.00004796901455291510042366668484
0.00004796901455291510042366668484
0.00004796901455291510042366668484
0.00004796901455291510042366668484
0.00004796901455291510042366668484
0.00004796901455291510042366668484
0.00004796901455291510042366668484
0.00004796901455291510042366668484
0.00004796901455291510042366668484
0.00004796901455291510042366668484
0.00004796901455291510042366668484
0.00004796901455291510042366668484
0.00004796901455291510042366668484
0.00004796901455291510042366668484
0.00004796901455291510042366668484
0.00004560530172449961290624281417
0.00004560530172449961290624281417
0.00004560530172449961290624281417
0.00004560530172449961290624281417
0.00004560530172449961290624281417
0.00004560530172449961290624281417
0.00004560530172449961290624281417
0.00004560530172449961290624281417
0.00004560530172449961290624281417
0.00004560530172449961290624281417
0.00004560530172449961290624281417
0.00004560530172449961290624281417
0.00004560530172449961290624281417
0.00004560530172449961290624281417
0.00004560530172449961290624281417
0.00004560530172449961290624281417
0.00004516414144320378599805850661
0.00004516414144320378599805850661
0.00004516414144320378599805850661
0.00004516414144320378599805850661
0.00004516414144320378599805850661
0.00004516414144320378599805850661
0.00004516414144320378599805850661
0.00004516414144320378599805850661
0.00004516414144320378599805850661
0.00004516414144320378599805850661
0.00004516414144320378599805850661
0.00004516414144320378599805850661
0.00004516414144320378599805850661
0.00004516414144320378599805850661
0.00004516414144320378599805850661
0.00004516414144320378599805850661
0.00004517365085938706827456306427
0.00004517365085938706827456306427
0.00004517365085938706827456306427
0.00004517365085938706827456306427
0.00004517365085938706827456306427
0.00004517365085938706827456306427
0.00004517365085938706827456306427
0.00004517365085938706827456306427
0.00004517365085938706827456306427
0.00004517365085938706827456306427
0.00004517365085938706827456306427
0.00004517365085938706827456306427
0.00004517365085938706827456306427
0.00004517365085938706827456306427
0.00004517365085938706827456306427
0.00004523578602390761281965300909
0.00004523578602390761281965300909
0.00004523578602390761281965300909
0.00004523578602390761281965300909
0.00004523578602390761281965300909
0.00004523578602390761281965300909
0.00004523578602390761281965300909
0.00004523578602390761281965300909
0.00004523578602390761281965300909
0.00004523578602390761281965300909
0.00004523578602390761281965300909
0.00004523578602390761281965300909
0.00004523578602390761281965300909
0.00004523578602390761281965300909
0.00004523578602390761281965300909
0.00004523578602390761281965300909
0.00004531847997721645036628399556
0.00004531847997721645036628399556
0.00004531847997721645036628399556
0.00004531847997721645036628399556
0.00004531847997721645036628399556
0.00004531847997721645036628399556
0.00004531847997721645036628399556
0.00004531847997721645036628399556
0.00004531847997721645036628399556
0.00004531847997721645036628399556
0.00004531847997721645036628399556
0.00004531847997721645036628399556
0.00004531847997721645036628399556
0.00004531847997721645036628399556
0.00004531847997721645036628399556
0.00004577701108428097374672760631
0.00004577701108428097374672760631
0.00004577701108428097374672760631
0.00004577701108428097374672760631
0.00004577701108428097374672760631
0.00004577701108428097374672760631
0.00004577701108428097374672760631
0.00004577701108428097374672760631
0.00004577701108428097374672760631
0.00004577701108428097374672760631
0.00004577701108428097374672760631
0.00004577701108428097374672760631
0.00004577701108428097374672760631
0.00004577701108428097374672760631
0.00004577701108428097374672760631
0.00004577701108428097374672760631
0.00004575951730269711254071381696
0.00004575951730269711254071381696
0.00004575951730269711254071381696
0.00004575951730269711254071381696
0.00004575951730269711254071381696
0.00004575951730269711254071381696
0.00004575951730269711254071381696
0.00004575951730269711254071381696
0.00004575951730269711254071381696
0.00004575951730269711254071381696
0.00004575951730269711254071381696
0.00004575951730269711254071381696
0.00004575951730269711254071381696
0.00004575951730269711254071381696
0.00004575951730269711254071381696
0.00004575951730269711254071381696
0.00004547377250331426032787995718
0.00004547377250331426032787995718
0.00004547377250331426032787995718
0.00004547377250331426032787995718
0.00004547377250331426032787995718
0.00004547377250331426032787995718
0.00004547377250331426032787995718
0.00004547377250331426032787995718
0.00004547377250331426032787995718
0.00004547377250331426032787995718
0.00004547377250331426032787995718
0.00004547377250331426032787995718
0.00004547377250331426032787995718
0.00004547377250331426032787995718
0.00004547377250331426032787995718
0.00004549470461505963447502533554
0.00004549470461505963447502533554
0.00004549470461505963447502533554
0.00004549470461505963447502533554
0.00004549470461505963447502533554
0.00004549470461505963447502533554
0.00004549470461505963447502533554
0.00004549470461505963447502533554
0.00004549470461505963447502533554
0.00004549470461505963447502533554
0.00004549470461505963447502533554
0.00004549470461505963447502533554
0.00004549470461505963447502533554
0.00004549470461505963447502533554
0.00004549470461505963447502533554
0.00004549470461505963447502533554
0.00004597834441403652418036415376
0.00004597834441403652418036415376
0.00004597834441403652418036415376
0.00004597834441403652418036415376
0.00004597834441403652418036415376
0.00004597834441403652418036415376
0.00004597834441403652418036415376
0.00004597834441403652418036415376
0.00004597834441403652418036415376
0.00004597834441403652418036415376
0.00004597834441403652418036415376
0.00004597834441403652418036415376
0.00004597834441403652418036415376
0.00004597834441403652418036415376
0.00004597834441403652418036415376
0.00004597834441403652418036415376
0.00004587538452836841575540340086
0.00004587538452836841575540340086
0.00004587538452836841575540340086
0.00004587538452836841575540340086
0.00004587538452836841575540340086
0.00004587538452836841575540340086
0.00004587538452836841575540340086
0.00004587538452836841575540340086
0.00004587538452836841575540340086
0.00004587538452836841575540340086
0.00004587538452836841575540340086
0.00004587538452836841575540340086
0.00004587538452836841575540340086
0.00004587538452836841575540340086
0.00004587538452836841575540340086
0.00004584628465857406521253071768
0.00004584628465857406521253071768
0.00004584628465857406521253071768
0.00004584628465857406521253071768
0.00004584628465857406521253071768
0.00004584628465857406521253071768
0.00004584628465857406521253071768
0.00004584628465857406521253071768
0.00004584628465857406521253071768
0.00004584628465857406521253071768
0.00004584628465857406521253071768
0.00004584628465857406521253071768
0.00004584628465857406521253071768
0.00004584628465857406521253071768
0.00004584628465857406521253071768
0.00004584628465857406521253071768
0.00004529038366191219755007341400
0.00004529038366191219755007341400
0.00004529038366191219755007341400
0.00004529038366191219755007341400
0.00004529038366191219755007341400
0.00004529038366191219755007341400
0.00004529038366191219755007341400
0.00004529038366191219755007341400
0.00004529038366191219755007341400
0.00004529038366191219755007341400
0.00004529038366191219755007341400
0.00004529038366191219755007341400
0.00004529038366191219755007341400
0.00004529038366191219755007341400
0.00004529038366191219755007341400
0.00004529038366191219755007341400
0.00004478416361577341016453428992
0.00004478416361577341016453428992
0.00004478416361577341016453428992
0.00004478416361577341016453428992
0.00004478416361577341016453428992
0.00004478416361577341016453428992
0.00004478416361577341016453428992
0.00004478416361577341016453428992
0.00004478416361577341016453428992
0.00004478416361577341016453428992
0.00004478416361577341016453428992
0.00004478416361577341016453428992
0.00004478416361577341016453428992
0.00004478416361577341016453428992
0.00004478416361577341016453428992
0.00004469563596022691278972482917
0.00004469563596022691278972482917
0.00004469563596022691278972482917
0.00004469563596022691278972482917
0.00004469563596022691278972482917
0.00004469563596022691278972482917
0.00004469563596022691278972482917
0.00004469563596022691278972482917
0.00004469563596022691278972482917
0.00004469563596022691278972482917
0.00004469563596022691278972482917
0.00004469563596022691278972482917
0.00004469563596022691278972482917
0.00004469563596022691278972482917
0.00004469563596022691278972482917
0.00004469563596022691278972482917
0.00004444205865782401255584626923
0.00004444205865782401255584626923
0.00004444205865782401255584626923
0.00004444205865782401255584626923
0.00004444205865782401255584626923
0.00004444205865782401255584626923
0.00004444205865782401255584626923
0.00004444205865782401255584626923
0.00004444205865782401255584626923
0.00004444205865782401255584626923
0.00004444205865782401255584626923
0.00004444205865782401255584626923
0.00004444205865782401255584626923
0.00004444205865782401255584626923
0.00004444205865782401255584626923
0.00004451162526536972102146133016
0.00004451162526536972102146133016
0.00004451162526536972102146133016
0.00004451162526536972102146133016
0.00004451162526536972102146133016
0.00004451162526536972102146133016
0.00004451162526536972102146133016
0.00004451162526536972102146133016
0.00004451162526536972102146133016
0.00004451162526536972102146133016
0.00004451162526536972102146133016
0.00004451162526536972102146133016
0.00004451162526536972102146133016
0.00004451162526536972102146133016
0.00004451162526536972102146133016
0.00004451162526536972102146133016
0.00004441827144574596209308403151
0.00004441827144574596209308403151
0.00004441827144574596209308403151
0.00004441827144574596209308403151
0.00004441827144574596209308403151
0.00004441827144574596209308403151
0.00004441827144574596209308403151
0.00004441827144574596209308403151
0.00004441827144574596209308403151
0.00004441827144574596209308403151
0.00004441827144574596209308403151
0.00004441827144574596209308403151
0.00004441827144574596209308403151
0.00004441827144574596209308403151
0.00004441827144574596209308403151
0.00004441827144574596209308403151
0.00004463964795045662147377227909
0.00004463964795045662147377227909
0.00004463964795045662147377227909
0.00004463964795045662147377227909
0.00004463964795045662147377227909
0.00004463964795045662147377227909
0.00004463964795045662147377227909
0.00004463964795045662147377227909
0.00004463964795045662147377227909
0.00004463964795045662147377227909
0.00004463964795045662147377227909
0.00004463964795045662147377227909
0.00004463964795045662147377227909
0.00004463964795045662147377227909
0.00004463964795045662147377227909
0.00004462469490923598309545375748
0.00004462469490923598309545375748
0.00004462469490923598309545375748
0.00004462469490923598309545375748
0.00004462469490923598309545375748
0.00004462469490923598309545375748
0.00004462469490923598309545375748
0.00004462469490923598309545375748
0.00004462469490923598309545375748
0.00004462469490923598309545375748
0.00004462469490923598309545375748
0.00004462469490923598309545375748
0.00004462469490923598309545375748
0.00004462469490923598309545375748
0.00004462469490923598309545375748
0.00004462469490923598309545375748
0.00004455011066388607254317096074
0.00004455011066388607254317096074
0.00004455011066388607254317096074
0.00004455011066388607254317096074
0.00004455011066388607254317096074
0.00004455011066388607254317096074
0.00004455011066388607254317096074
0.00004455011066388607254317096074
0.00004455011066388607254317096074
0.00004455011066388607254317096074
0.00004455011066388607254317096074
0.00004455011066388607254317096074
0.00004455011066388607254317096074
0.00004455011066388607254317096074
0.00004455011066388607254317096074
0.00004435352236104198073732784175
0.00004435352236104198073732784175
0.00004435352236104198073732784175
0.00004435352236104198073732784175
0.00004435352236104198073732784175
0.00004435352236104198073732784175
0.00004435352236104198073732784175
0.00004435352236104198073732784175
0.00004435352236104198073732784175
0.00004435352236104198073732784175
0.00004435352236104198073732784175
0.00004435352236104198073732784175
0.00004435352236104198073732784175
0.00004435352236104198073732784175
0.00004435352236104198073732784175
0.00004435352236104198073732784175
0.00004449287181839945605747400900
0.00004449287181839945605747400900
0.00004449287181839945605747400900
0.00004449287181839945605747400900
0.00004449287181839945605747400900
0.00004449287181839945605747400900
0.00004449287181839945605747400900
0.00004449287181839945605747400900
0.00004449287181839945605747400900
0.00004449287181839945605747400900
0.00004449287181839945605747400900
0.00004449287181839945605747400900
0.00004449287181839945605747400900
0.00004449287181839945605747400900
0.00004449287181839945605747400900
0.00004449287181839945605747400900
0.00004435693865717733652706152239
0.00004435693865717733652706152239
0.00004435693865717733652706152239
0.00004435693865717733652706152239
0.00004435693865717733652706152239
0.00004435693865717733652706152239
0.00004435693865717733652706152239
0.00004435693865717733652706152239
0.00004435693865717733652706152239
0.00004435693865717733652706152239
0.00004435693865717733652706152239
0.00004435693865717733652706152239
0.00004435693865717733652706152239
0.00004435693865717733652706152239
0.00004435693865717733652706152239
0.00004439789586860898588310759218
0.00004439789586860898588310759218
0.00004439789586860898588310759218
0.00004439789586860898588310759218
0.00004439789586860898588310759218
0.00004439789586860898588310759218
0.00004439789586860898588310759218
0.00004439789586860898588310759218
0.00004439789586860898588310759218
0.00004439789586860898588310759218
0.00004439789586860898588310759218
0.00004439789586860898588310759218
0.00004439789586860898588310759218
0.00004439789586860898588310759218
0.00004439789586860898588310759218
0.00004439789586860898588310759218
0.00004440599579153771613157468462
0.00004440599579153771613157468462
0.00004440599579153771613157468462
0.00004440599579153771613157468462
0.00004440599579153771613157468462
0.00004440599579153771613157468462
0.00004440599579153771613157468462
0.00004440599579153771613157468462
0.00004440599579153771613157468462
0.00004440599579153771613157468462
0.00004440599579153771613157468462
0.00004440599579153771613157468462
0.00004440599579153771613157468462
0.00004440599579153771613157468462
0.00004440599579153771613157468462
0.00004440599579153771613157468462
0.00004450934552973551967544888118
0.00004450934552973551967544888118
0.00004450934552973551967544888118
0.00004450934552973551967544888118
0.00004450934552973551967544888118
0.00004450934552973551967544888118
0.00004450934552973551967544888118
0.00004450934552973551967544888118
0.00004450934552973551967544888118
0.00004450934552973551967544888118
0.00004450934552973551967544888118
0.00004450934552973551967544888118
0.00004450934552973551967544888118
0.00004450934552973551967544888118
0.00004450934552973551967544888118
0.00004447831478982485590901800446
0.00004447831478982485590901800446
0.00004447831478982485590901800446
0.00004447831478982485590901800446
0.00004447831478982485590901800446
0.00004447831478982485590901800446
0.00004447831478982485590901800446
0.00004447831478982485590901800446
0.00004447831478982485590901800446
0.00004447831478982485590901800446
0.00004447831478982485590901800446
0.00004447831478982485590901800446
0.00004447831478982485590901800446
0.00004447831478982485590901800446
0.00004447831478982485590901800446
0.00004447831478982485590901800446
0.00004460493729704875645737857852
0.00004460493729704875645737857852
0.00004460493729704875645737857852
0.00004460493729704875645737857852
0.00004460493729704875645737857852
0.00004460493729704875645737857852
0.00004460493729704875645737857852
0.00004460493729704875645737857852
0.00004460493729704875645737857852
0.00004460493729704875645737857852
0.00004460493729704875645737857852
0.00004460493729704875645737857852
0.00004460493729704875645737857852
0.00004460493729704875645737857852
0.00004460493729704875645737857852
0.00004460493729704875645737857852
