0.00005129974344805984786759138929
0.00005129974344805984786759138929
0.00005129974344805984786759138929
0.00005129974344805984786759138929
0.00005129974344805984786759138929
0.00005129974344805984786759138929
0.00005129974344805984786759138929
0.00005129974344805984786759138929
0.00005129974344805984786759138929
0.00005129974344805984786759138929
0.00005129974344805984786759138929
0.00005129974344805984786759138929
0.00005129974344805984786759138929
0.00005129974344805984786759138929
0.00005129974344805984786759138929
0.00004734874019976607768920614931
0.00004734874019976607768920614931
0.00004734874019976607768920614931
0.00004734874019976607768920614931
0.00004734874019976607768920614931
0.00004734874019976607768920614931
0.00004734874019976607768920614931
0.00004734874019976607768920614931
0.00004734874019976607768920614931
0.00004734874019976607768920614931
0.00004734874019976607768920614931
0.00004734874019976607768920614931
0.00004734874019976607768920614931
0.00004734874019976607768920614931
0.00004734874019976607768920614931
0.00004734874019976607768920614931
0.00004674361061675771075525742877
0.00004674361061675771075525742877
0.00004674361061675771075525742877
0.00004674361061675771075525742877
0.00004674361061675771075525742877
0.00004674361061675771075525742877
0.00004674361061675771075525742877
0.00004674361061675771075525742877
0.00004674361061675771075525742877
0.00004674361061675771075525742877
0.00004674361061675771075525742877
0.00004674361061675771075525742877
0.00004674361061675771075525742877
0.00004674361061675771075525742877
0.00004674361061675771075525742877
0.00004541130210810281344025838646
0.00004541130210810281344025838646
0.00004541130210810281344025838646
0.00004541130210810281344025838646
0.00004541130210810281344025838646
0.00004541130210810281344025838646
0.00004541130210810281344025838646
0.00004541130210810281344025838646
0.00004541130210810281344025838646
0.00004541130210810281344025838646
0.00004541130210810281344025838646
0.00004541130210810281344025838646
0.00004541130210810281344025838646
0.00004541130210810281344025838646
0.00004541130210810281344025838646
0.00004541130210810281344025838646
0.00004487338962188830907325747950
0.00004487338962188830907325747950
0.00004487338962188830907325747950
0.00004487338962188830907325747950
0.00004487338962188830907325747950
0.00004487338962188830907325747950
0.00004487338962188830907325747950
0.00004487338962188830907325747950
0.00004487338962188830907325747950
0.00004487338962188830907325747950
0.00004487338962188830907325747950
0.00004487338962188830907325747950
0.00004487338962188830907325747950
0.00004487338962188830907325747950
0.00004487338962188830907325747950
0.00004487338962188830907325747950
0.00004493939006607664207524210023
0.00004493939006607664207524210023
0.00004493939006607664207524210023
0.00004493939006607664207524210023
0.00004493939006607664207524210023
0.00004493939006607664207524210023
0.00004493939006607664207524210023
0.00004493939006607664207524210023
0.00004493939006607664207524210023
0.00004493939006607664207524210023
0.00004493939006607664207524210023
0.00004493939006607664207524210023
0.00004493939006607664207524210023
0.00004493939006607664207524210023
0.00004493939006607664207524210023
0.00004412212787544356811074348944
0.00004412212787544356811074348944
0.00004412212787544356811074348944
0.00004412212787544356811074348944
0.00004412212787544356811074348944
0.00004412212787544356811074348944
0.00004412212787544356811074348944
0.00004412212787544356811074348944
0.00004412212787544356811074348944
0.00004412212787544356811074348944
0.00004412212787544356811074348944
0.00004412212787544356811074348944
0.00004412212787544356811074348944
0.00004412212787544356811074348944
0.00004412212787544356811074348944
0.00004412212787544356811074348944
0.00004444439361601466565878748424
0.00004444439361601466565878748424
0.00004444439361601466565878748424
0.00004444439361601466565878748424
0.00004444439361601466565878748424
0.00004444439361601466565878748424
0.00004444439361601466565878748424
0.00004444439361601466565878748424
0.00004444439361601466565878748424
0.00004444439361601466565878748424
0.00004444439361601466565878748424
0.00004444439361601466565878748424
0.00004444439361601466565878748424
0.00004444439361601466565878748424
0.00004444439361601466565878748424
0.00004495430120309786092662323475
0.00004495430120309786092662323475
0.00004495430120309786092662323475
0.00004495430120309786092662323475
0.00004495430120309786092662323475
0.00004495430120309786092662323475
0.00004495430120309786092662323475
0.00004495430120309786092662323475
0.00004495430120309786092662323475
0.00004495430120309786092662323475
0.00004495430120309786092662323475
0.00004495430120309786092662323475
0.00004495430120309786092662323475
0.00004495430120309786092662323475
0.00004495430120309786092662323475
0.00004495430120309786092662323475
0.00004537124836436949912867151994
0.00004537124836436949912867151994
0.00004537124836436949912867151994
0.00004537124836436949912867151994
0.00004537124836436949912867151994
0.00004537124836436949912867151994
0.00004537124836436949912867151994
0.00004537124836436949912867151994
0.00004537124836436949912867151994
0.00004537124836436949912867151994
0.00004537124836436949912867151994
0.00004537124836436949912867151994
0.00004537124836436949912867151994
0.00004537124836436949912867151994
0.00004537124836436949912867151994
0.00004537124836436949912867151994
0.00004467578924521378690474337770
0.00004467578924521378690474337770
0.00004467578924521378690474337770
0.00004467578924521378690474337770
0.00004467578924521378690474337770
0.00004467578924521378690474337770
0.00004467578924521378690474337770
0.00004467578924521378690474337770
0.00004467578924521378690474337770
0.00004467578924521378690474337770
0.00004467578924521378690474337770
0.00004467578924521378690474337770
0.00004467578924521378690474337770
0.00004467578924521378690474337770
0.00004467578924521378690474337770
0.00004412677839138325232323400615
0.00004412677839138325232323400615
0.00004412677839138325232323400615
0.00004412677839138325232323400615
0.00004412677839138325232323400615
0.00004412677839138325232323400615
0.00004412677839138325232323400615
0.00004412677839138325232323400615
0.00004412677839138325232323400615
0.00004412677839138325232323400615
0.00004412677839138325232323400615
0.00004412677839138325232323400615
0.00004412677839138325232323400615
0.00004412677839138325232323400615
0.00004412677839138325232323400615
0.00004412677839138325232323400615
0.00004394435696742002887666273741
0.00004394435696742002887666273741
0.00004394435696742002887666273741
0.00004394435696742002887666273741
0.00004394435696742002887666273741
0.00004394435696742002887666273741
0.00004394435696742002887666273741
0.00004394435696742002887666273741
0.00004394435696742002887666273741
0.00004394435696742002887666273741
0.00004394435696742002887666273741
0.00004394435696742002887666273741
0.00004394435696742002887666273741
0.00004394435696742002887666273741
0.00004394435696742002887666273741
0.00004394435696742002887666273741
0.00004418630614852804880502088829
0.00004418630614852804880502088829
0.00004418630614852804880502088829
0.00004418630614852804880502088829
0.00004418630614852804880502088829
0.00004418630614852804880502088829
0.00004418630614852804880502088829
0.00004418630614852804880502088829
0.00004418630614852804880502088829
0.00004418630614852804880502088829
0.00004418630614852804880502088829
0.00004418630614852804880502088829
0.00004418630614852804880502088829
0.00004418630614852804880502088829
0.00004418630614852804880502088829
0.00004384526049624576205244762982
0.00004384526049624576205244762982
0.00004384526049624576205244762982
0.00004384526049624576205244762982
0.00004384526049624576205244762982
0.00004384526049624576205244762982
0.00004384526049624576205244762982
0.00004384526049624576205244762982
0.00004384526049624576205244762982
0.00004384526049624576205244762982
0.00004384526049624576205244762982
0.00004384526049624576205244762982
0.00004384526049624576205244762982
0.00004384526049624576205244762982
0.00004384526049624576205244762982
0.00004384526049624576205244762982
0.00004396714129856672988559123675
0.00004396714129856672988559123675
0.00004396714129856672988559123675
0.00004396714129856672988559123675
0.00004396714129856672988559123675
0.00004396714129856672988559123675
0.00004396714129856672988559123675
0.00004396714129856672988559123675
0.00004396714129856672988559123675
0.00004396714129856672988559123675
0.00004396714129856672988559123675
0.00004396714129856672988559123675
0.00004396714129856672988559123675
0.00004396714129856672988559123675
0.00004396714129856672988559123675
0.00004396714129856672988559123675
0.00004438937497961021321516473087
0.00004438937497961021321516473087
0.00004438937497961021321516473087
0.00004438937497961021321516473087
0.00004438937497961021321516473087
0.00004438937497961021321516473087
0.00004438937497961021321516473087
0.00004438937497961021321516473087
0.00004438937497961021321516473087
0.00004438937497961021321516473087
0.00004438937497961021321516473087
0.00004438937497961021321516473087
0.00004438937497961021321516473087
0.00004438937497961021321516473087
0.00004438937497961021321516473087
0.00004436168081690149103456856133
0.00004436168081690149103456856133
0.00004436168081690149103456856133
0.00004436168081690149103456856133
0.00004436168081690149103456856133
0.00004436168081690149103456856133
0.00004436168081690149103456856133
0.00004436168081690149103456856133
0.00004436168081690149103456856133
0.00004436168081690149103456856133
0.00004436168081690149103456856133
0.00004436168081690149103456856133
0.00004436168081690149103456856133
0.00004436168081690149103456856133
0.00004436168081690149103456856133
0.00004436168081690149103456856133
0.00004459412307217596577277932888
0.00004459412307217596577277932888
0.00004459412307217596577277932888
0.00004459412307217596577277932888
0.00004459412307217596577277932888
0.00004459412307217596577277932888
0.00004459412307217596577277932888
0.00004459412307217596577277932888
0.00004459412307217596577277932888
0.00004459412307217596577277932888
0.00004459412307217596577277932888
0.00004459412307217596577277932888
0.00004459412307217596577277932888
0.00004459412307217596577277932888
0.00004459412307217596577277932888
0.00004428369956089260716029270297
0.00004428369956089260716029270297
0.00004428369956089260716029270297
0.00004428369956089260716029270297
0.00004428369956089260716029270297
0.00004428369956089260716029270297
0.00004428369956089260716029270297
0.00004428369956089260716029270297
0.00004428369956089260716029270297
0.00004428369956089260716029270297
0.00004428369956089260716029270297
0.00004428369956089260716029270297
0.00004428369956089260716029270297
0.00004428369956089260716029270297
0.00004428369956089260716029270297
0.00004428369956089260716029270297
0.00004435551336226223255876179191
0.00004435551336226223255876179191
0.00004435551336226223255876179191
0.00004435551336226223255876179191
0.00004435551336226223255876179191
0.00004435551336226223255876179191
0.00004435551336226223255876179191
0.00004435551336226223255876179191
0.00004435551336226223255876179191
0.00004435551336226223255876179191
0.00004435551336226223255876179191
0.00004435551336226223255876179191
0.00004435551336226223255876179191
0.00004435551336226223255876179191
0.00004435551336226223255876179191
0.00004435551336226223255876179191
0.00004444664173462408710844842363
0.00004444664173462408710844842363
0.00004444664173462408710844842363
0.00004444664173462408710844842363
0.00004444664173462408710844842363
0.00004444664173462408710844842363
0.00004444664173462408710844842363
0.00004444664173462408710844842363
0.00004444664173462408710844842363
0.00004444664173462408710844842363
0.00004444664173462408710844842363
0.00004444664173462408710844842363
0.00004444664173462408710844842363
0.00004444664173462408710844842363
0.00004444664173462408710844842363
0.00004455644369064478442838393018
0.00004455644369064478442838393018
0.00004455644369064478442838393018
0.00004455644369064478442838393018
0.00004455644369064478442838393018
0.00004455644369064478442838393018
0.00004455644369064478442838393018
0.00004455644369064478442838393018
0.00004455644369064478442838393018
0.00004455644369064478442838393018
0.00004455644369064478442838393018
0.00004455644369064478442838393018
0.00004455644369064478442838393018
0.00004455644369064478442838393018
0.00004455644369064478442838393018
0.00004455644369064478442838393018
0.00004430656231784950906385033230
0.00004430656231784950906385033230
0.00004430656231784950906385033230
0.00004430656231784950906385033230
0.00004430656231784950906385033230
0.00004430656231784950906385033230
0.00004430656231784950906385033230
0.00004430656231784950906385033230
0.00004430656231784950906385033230
0.00004430656231784950906385033230
0.00004430656231784950906385033230
0.00004430656231784950906385033230
0.00004430656231784950906385033230
0.00004430656231784950906385033230
0.00004430656231784950906385033230
0.00004423295319466007900785111255
0.00004423295319466007900785111255
0.00004423295319466007900785111255
0.00004423295319466007900785111255
0.00004423295319466007900785111255
0.00004423295319466007900785111255
0.00004423295319466007900785111255
0.00004423295319466007900785111255
0.00004423295319466007900785111255
0.00004423295319466007900785111255
0.00004423295319466007900785111255
0.00004423295319466007900785111255
0.00004423295319466007900785111255
0.00004423295319466007900785111255
0.00004423295319466007900785111255
0.00004423295319466007900785111255
0.00004437841310861734267756309838
0.00004437841310861734267756309838
0.00004437841310861734267756309838
0.00004437841310861734267756309838
0.00004437841310861734267756309838
0.00004437841310861734267756309838
0.00004437841310861734267756309838
0.00004437841310861734267756309838
0.00004437841310861734267756309838
0.00004437841310861734267756309838
0.00004437841310861734267756309838
0.00004437841310861734267756309838
0.00004437841310861734267756309838
0.00004437841310861734267756309838
0.00004437841310861734267756309838
0.00004437841310861734267756309838
0.00004448001138314709839487765325
0.00004448001138314709839487765325
0.00004448001138314709839487765325
0.00004448001138314709839487765325
0.00004448001138314709839487765325
0.00004448001138314709839487765325
0.00004448001138314709839487765325
0.00004448001138314709839487765325
0.00004448001138314709839487765325
0.00004448001138314709839487765325
0.00004448001138314709839487765325
0.00004448001138314709839487765325
0.00004448001138314709839487765325
0.00004448001138314709839487765325
0.00004448001138314709839487765325
0.00004433800575193872099440986655
0.00004433800575193872099440986655
0.00004433800575193872099440986655
0.00004433800575193872099440986655
0.00004433800575193872099440986655
0.00004433800575193872099440986655
0.00004433800575193872099440986655
0.00004433800575193872099440986655
0.00004433800575193872099440986655
0.00004433800575193872099440986655
0.00004433800575193872099440986655
0.00004433800575193872099440986655
0.00004433800575193872099440986655
0.00004433800575193872099440986655
0.00004433800575193872099440986655
0.00004433800575193872099440986655
0.00004443315470078934110573578322
0.00004443315470078934110573578322
0.00004443315470078934110573578322
0.00004443315470078934110573578322
0.00004443315470078934110573578322
0.00004443315470078934110573578322
0.00004443315470078934110573578322
0.00004443315470078934110573578322
0.00004443315470078934110573578322
0.00004443315470078934110573578322
0.00004443315470078934110573578322
0.00004443315470078934110573578322
0.00004443315470078934110573578322
0.00004443315470078934110573578322
0.00004443315470078934110573578322
0.00004443315470078934110573578322
0.00004438196958901216510532109510
0.00004438196958901216510532109510
0.00004438196958901216510532109510
0.00004438196958901216510532109510
0.00004438196958901216510532109510
0.00004438196958901216510532109510
0.00004438196958901216510532109510
0.00004438196958901216510532109510
0.00004438196958901216510532109510
0.00004438196958901216510532109510
0.00004438196958901216510532109510
0.00004438196958901216510532109510
0.00004438196958901216510532109510
0.00004438196958901216510532109510
0.00004438196958901216510532109510
0.00004414927477666867580859494953
0.00004414927477666867580859494953
0.00004414927477666867580859494953
0.00004414927477666867580859494953
0.00004414927477666867580859494953
0.00004414927477666867580859494953
0.00004414927477666867580859494953
0.00004414927477666867580859494953
0.00004414927477666867580859494953
0.00004414927477666867580859494953
0.00004414927477666867580859494953
0.00004414927477666867580859494953
0.00004414927477666867580859494953
0.00004414927477666867580859494953
0.00004414927477666867580859494953
0.00004414927477666867580859494953
0.00004401466668314544756525066206
0.00004401466668314544756525066206
0.00004401466668314544756525066206
0.00004401466668314544756525066206
0.00004401466668314544756525066206
0.00004401466668314544756525066206
0.00004401466668314544756525066206
0.00004401466668314544756525066206
0.00004401466668314544756525066206
0.00004401466668314544756525066206
0.00004401466668314544756525066206
0.00004401466668314544756525066206
0.00004401466668314544756525066206
0.00004401466668314544756525066206
0.00004401466668314544756525066206
0.00004401466668314544756525066206
