0.00004679236097245621606834398772
0.00004679236097245621606834398772
0.00004679236097245621606834398772
0.00004679236097245621606834398772
0.00004679236097245621606834398772
0.00004679236097245621606834398772
0.00004679236097245621606834398772
0.00004679236097245621606834398772
0.00004679236097245621606834398772
0.00004679236097245621606834398772
0.00004679236097245621606834398772
0.00004679236097245621606834398772
0.00004679236097245621606834398772
0.00004679236097245621606834398772
0.00004679236097245621606834398772
0.00004434378212417588449514543041
0.00004434378212417588449514543041
0.00004434378212417588449514543041
0.00004434378212417588449514543041
0.00004434378212417588449514543041
0.00004434378212417588449514543041
0.00004434378212417588449514543041
0.00004434378212417588449514543041
0.00004434378212417588449514543041
0.00004434378212417588449514543041
0.00004434378212417588449514543041
0.00004434378212417588449514543041
0.00004434378212417588449514543041
0.00004434378212417588449514543041
0.00004434378212417588449514543041
0.00004434378212417588449514543041
0.00004407167085267255223376219662
0.00004407167085267255223376219662
0.00004407167085267255223376219662
0.00004407167085267255223376219662
0.00004407167085267255223376219662
0.00004407167085267255223376219662
0.00004407167085267255223376219662
0.00004407167085267255223376219662
0.00004407167085267255223376219662
0.00004407167085267255223376219662
0.00004407167085267255223376219662
0.00004407167085267255223376219662
0.00004407167085267255223376219662
0.00004407167085267255223376219662
0.00004407167085267255223376219662
0.00004423271317637783579849256301
0.00004423271317637783579849256301
0.00004423271317637783579849256301
0.00004423271317637783579849256301
0.00004423271317637783579849256301
0.00004423271317637783579849256301
0.00004423271317637783579849256301
0.00004423271317637783579849256301
0.00004423271317637783579849256301
0.00004423271317637783579849256301
0.00004423271317637783579849256301
0.00004423271317637783579849256301
0.00004423271317637783579849256301
0.00004423271317637783579849256301
0.00004423271317637783579849256301
0.00004423271317637783579849256301
0.00004437927463903271060277730318
0.00004437927463903271060277730318
0.00004437927463903271060277730318
0.00004437927463903271060277730318
0.00004437927463903271060277730318
0.00004437927463903271060277730318
0.00004437927463903271060277730318
0.00004437927463903271060277730318
0.00004437927463903271060277730318
0.00004437927463903271060277730318
0.00004437927463903271060277730318
0.00004437927463903271060277730318
0.00004437927463903271060277730318
0.00004437927463903271060277730318
0.00004437927463903271060277730318
0.00004437927463903271060277730318
0.00004331770706193576439287305291
0.00004331770706193576439287305291
0.00004331770706193576439287305291
0.00004331770706193576439287305291
0.00004331770706193576439287305291
0.00004331770706193576439287305291
0.00004331770706193576439287305291
0.00004331770706193576439287305291
0.00004331770706193576439287305291
0.00004331770706193576439287305291
0.00004331770706193576439287305291
0.00004331770706193576439287305291
0.00004331770706193576439287305291
0.00004331770706193576439287305291
0.00004331770706193576439287305291
0.00004356475262770337725603949092
0.00004356475262770337725603949092
0.00004356475262770337725603949092
0.00004356475262770337725603949092
0.00004356475262770337725603949092
0.00004356475262770337725603949092
0.00004356475262770337725603949092
0.00004356475262770337725603949092
0.00004356475262770337725603949092
0.00004356475262770337725603949092
0.00004356475262770337725603949092
0.00004356475262770337725603949092
0.00004356475262770337725603949092
0.00004356475262770337725603949092
0.00004356475262770337725603949092
0.00004356475262770337725603949092
0.00004356062143550369416492526715
0.00004356062143550369416492526715
0.00004356062143550369416492526715
0.00004356062143550369416492526715
0.00004356062143550369416492526715
0.00004356062143550369416492526715
0.00004356062143550369416492526715
0.00004356062143550369416492526715
0.00004356062143550369416492526715
0.00004356062143550369416492526715
0.00004356062143550369416492526715
0.00004356062143550369416492526715
0.00004356062143550369416492526715
0.00004356062143550369416492526715
0.00004356062143550369416492526715
0.00004391700743998804743308008973
0.00004391700743998804743308008973
0.00004391700743998804743308008973
0.00004391700743998804743308008973
0.00004391700743998804743308008973
0.00004391700743998804743308008973
0.00004391700743998804743308008973
0.00004391700743998804743308008973
0.00004391700743998804743308008973
0.00004391700743998804743308008973
0.00004391700743998804743308008973
0.00004391700743998804743308008973
0.00004391700743998804743308008973
0.00004391700743998804743308008973
0.00004391700743998804743308008973
0.00004391700743998804743308008973
0.00004347032124589679885574728849
0.00004347032124589679885574728849
0.00004347032124589679885574728849
0.00004347032124589679885574728849
0.00004347032124589679885574728849
0.00004347032124589679885574728849
0.00004347032124589679885574728849
0.00004347032124589679885574728849
0.00004347032124589679885574728849
0.00004347032124589679885574728849
0.00004347032124589679885574728849
0.00004347032124589679885574728849
0.00004347032124589679885574728849
0.00004347032124589679885574728849
0.00004347032124589679885574728849
0.00004347032124589679885574728849
0.00004370523917580548139777909807
0.00004370523917580548139777909807
0.00004370523917580548139777909807
0.00004370523917580548139777909807
0.00004370523917580548139777909807
0.00004370523917580548139777909807
0.00004370523917580548139777909807
0.00004370523917580548139777909807
0.00004370523917580548139777909807
0.00004370523917580548139777909807
0.00004370523917580548139777909807
0.00004370523917580548139777909807
0.00004370523917580548139777909807
0.00004370523917580548139777909807
0.00004370523917580548139777909807
0.00004336704320541233559436216668
0.00004336704320541233559436216668
0.00004336704320541233559436216668
0.00004336704320541233559436216668
0.00004336704320541233559436216668
0.00004336704320541233559436216668
0.00004336704320541233559436216668
0.00004336704320541233559436216668
0.00004336704320541233559436216668
0.00004336704320541233559436216668
0.00004336704320541233559436216668
0.00004336704320541233559436216668
0.00004336704320541233559436216668
0.00004336704320541233559436216668
0.00004336704320541233559436216668
0.00004336704320541233559436216668
0.00004309321026241180863477506481
0.00004309321026241180863477506481
0.00004309321026241180863477506481
0.00004309321026241180863477506481
0.00004309321026241180863477506481
0.00004309321026241180863477506481
0.00004309321026241180863477506481
0.00004309321026241180863477506481
0.00004309321026241180863477506481
0.00004309321026241180863477506481
0.00004309321026241180863477506481
0.00004309321026241180863477506481
0.00004309321026241180863477506481
0.00004309321026241180863477506481
0.00004309321026241180863477506481
0.00004309321026241180863477506481
0.00004317934240346252363068605545
0.00004317934240346252363068605545
0.00004317934240346252363068605545
0.00004317934240346252363068605545
0.00004317934240346252363068605545
0.00004317934240346252363068605545
0.00004317934240346252363068605545
0.00004317934240346252363068605545
0.00004317934240346252363068605545
0.00004317934240346252363068605545
0.00004317934240346252363068605545
0.00004317934240346252363068605545
0.00004317934240346252363068605545
0.00004317934240346252363068605545
0.00004317934240346252363068605545
0.00004331522557847832150704834767
0.00004331522557847832150704834767
0.00004331522557847832150704834767
0.00004331522557847832150704834767
0.00004331522557847832150704834767
0.00004331522557847832150704834767
0.00004331522557847832150704834767
0.00004331522557847832150704834767
0.00004331522557847832150704834767
0.00004331522557847832150704834767
0.00004331522557847832150704834767
0.00004331522557847832150704834767
0.00004331522557847832150704834767
0.00004331522557847832150704834767
0.00004331522557847832150704834767
0.00004331522557847832150704834767
0.00004359032607567914604607595628
0.00004359032607567914604607595628
0.00004359032607567914604607595628
0.00004359032607567914604607595628
0.00004359032607567914604607595628
0.00004359032607567914604607595628
0.00004359032607567914604607595628
0.00004359032607567914604607595628
0.00004359032607567914604607595628
0.00004359032607567914604607595628
0.00004359032607567914604607595628
0.00004359032607567914604607595628
0.00004359032607567914604607595628
0.00004359032607567914604607595628
0.00004359032607567914604607595628
0.00004359032607567914604607595628
0.00004339957994243914424165548405
0.00004339957994243914424165548405
0.00004339957994243914424165548405
0.00004339957994243914424165548405
0.00004339957994243914424165548405
0.00004339957994243914424165548405
0.00004339957994243914424165548405
0.00004339957994243914424165548405
0.00004339957994243914424165548405
0.00004339957994243914424165548405
0.00004339957994243914424165548405
0.00004339957994243914424165548405
0.00004339957994243914424165548405
0.00004339957994243914424165548405
0.00004339957994243914424165548405
0.00004299784541582005859871360519
0.00004299784541582005859871360519
0.00004299784541582005859871360519
0.00004299784541582005859871360519
0.00004299784541582005859871360519
0.00004299784541582005859871360519
0.00004299784541582005859871360519
0.00004299784541582005859871360519
0.00004299784541582005859871360519
0.00004299784541582005859871360519
0.00004299784541582005859871360519
0.00004299784541582005859871360519
0.00004299784541582005859871360519
0.00004299784541582005859871360519
0.00004299784541582005859871360519
0.00004299784541582005859871360519
0.00004300614543084725226158949582
0.00004300614543084725226158949582
0.00004300614543084725226158949582
0.00004300614543084725226158949582
0.00004300614543084725226158949582
0.00004300614543084725226158949582
0.00004300614543084725226158949582
0.00004300614543084725226158949582
0.00004300614543084725226158949582
0.00004300614543084725226158949582
0.00004300614543084725226158949582
0.00004300614543084725226158949582
0.00004300614543084725226158949582
0.00004300614543084725226158949582
0.00004300614543084725226158949582
0.00004315671011843199901396548208
0.00004315671011843199901396548208
0.00004315671011843199901396548208
0.00004315671011843199901396548208
0.00004315671011843199901396548208
0.00004315671011843199901396548208
0.00004315671011843199901396548208
0.00004315671011843199901396548208
0.00004315671011843199901396548208
0.00004315671011843199901396548208
0.00004315671011843199901396548208
0.00004315671011843199901396548208
0.00004315671011843199901396548208
0.00004315671011843199901396548208
0.00004315671011843199901396548208
0.00004315671011843199901396548208
0.00004355512991960681430842346018
0.00004355512991960681430842346018
0.00004355512991960681430842346018
0.00004355512991960681430842346018
0.00004355512991960681430842346018
0.00004355512991960681430842346018
0.00004355512991960681430842346018
0.00004355512991960681430842346018
0.00004355512991960681430842346018
0.00004355512991960681430842346018
0.00004355512991960681430842346018
0.00004355512991960681430842346018
0.00004355512991960681430842346018
0.00004355512991960681430842346018
0.00004355512991960681430842346018
0.00004355512991960681430842346018
0.00004351969702880081261375167985
0.00004351969702880081261375167985
0.00004351969702880081261375167985
0.00004351969702880081261375167985
0.00004351969702880081261375167985
0.00004351969702880081261375167985
0.00004351969702880081261375167985
0.00004351969702880081261375167985
0.00004351969702880081261375167985
0.00004351969702880081261375167985
0.00004351969702880081261375167985
0.00004351969702880081261375167985
0.00004351969702880081261375167985
0.00004351969702880081261375167985
0.00004351969702880081261375167985
0.00004351047781806048787756902683
0.00004351047781806048787756902683
0.00004351047781806048787756902683
0.00004351047781806048787756902683
0.00004351047781806048787756902683
0.00004351047781806048787756902683
0.00004351047781806048787756902683
0.00004351047781806048787756902683
0.00004351047781806048787756902683
0.00004351047781806048787756902683
0.00004351047781806048787756902683
0.00004351047781806048787756902683
0.00004351047781806048787756902683
0.00004351047781806048787756902683
0.00004351047781806048787756902683
0.00004351047781806048787756902683
0.00004358947571815252371283875309
0.00004358947571815252371283875309
0.00004358947571815252371283875309
0.00004358947571815252371283875309
0.00004358947571815252371283875309
0.00004358947571815252371283875309
0.00004358947571815252371283875309
0.00004358947571815252371283875309
0.00004358947571815252371283875309
0.00004358947571815252371283875309
0.00004358947571815252371283875309
0.00004358947571815252371283875309
0.00004358947571815252371283875309
0.00004358947571815252371283875309
0.00004358947571815252371283875309
0.00004391905318034631434582116087
0.00004391905318034631434582116087
0.00004391905318034631434582116087
0.00004391905318034631434582116087
0.00004391905318034631434582116087
0.00004391905318034631434582116087
0.00004391905318034631434582116087
0.00004391905318034631434582116087
0.00004391905318034631434582116087
0.00004391905318034631434582116087
0.00004391905318034631434582116087
0.00004391905318034631434582116087
0.00004391905318034631434582116087
0.00004391905318034631434582116087
0.00004391905318034631434582116087
0.00004391905318034631434582116087
0.00004380655066324056031691002149
0.00004380655066324056031691002149
0.00004380655066324056031691002149
0.00004380655066324056031691002149
0.00004380655066324056031691002149
0.00004380655066324056031691002149
0.00004380655066324056031691002149
0.00004380655066324056031691002149
0.00004380655066324056031691002149
0.00004380655066324056031691002149
0.00004380655066324056031691002149
0.00004380655066324056031691002149
0.00004380655066324056031691002149
0.00004380655066324056031691002149
0.00004380655066324056031691002149
0.00004380655066324056031691002149
0.00004410387517311485563458632384
0.00004410387517311485563458632384
0.00004410387517311485563458632384
0.00004410387517311485563458632384
0.00004410387517311485563458632384
0.00004410387517311485563458632384
0.00004410387517311485563458632384
0.00004410387517311485563458632384
0.00004410387517311485563458632384
0.00004410387517311485563458632384
0.00004410387517311485563458632384
0.00004410387517311485563458632384
0.00004410387517311485563458632384
0.00004410387517311485563458632384
0.00004410387517311485563458632384
0.00004412367231235414127157061932
0.00004412367231235414127157061932
0.00004412367231235414127157061932
0.00004412367231235414127157061932
0.00004412367231235414127157061932
0.00004412367231235414127157061932
0.00004412367231235414127157061932
0.00004412367231235414127157061932
0.00004412367231235414127157061932
0.00004412367231235414127157061932
0.00004412367231235414127157061932
0.00004412367231235414127157061932
0.00004412367231235414127157061932
0.00004412367231235414127157061932
0.00004412367231235414127157061932
0.00004412367231235414127157061932
0.00004383757785793818047915184142
0.00004383757785793818047915184142
0.00004383757785793818047915184142
0.00004383757785793818047915184142
0.00004383757785793818047915184142
0.00004383757785793818047915184142
0.00004383757785793818047915184142
0.00004383757785793818047915184142
0.00004383757785793818047915184142
0.00004383757785793818047915184142
0.00004383757785793818047915184142
0.00004383757785793818047915184142
0.00004383757785793818047915184142
0.00004383757785793818047915184142
0.00004383757785793818047915184142
0.00004383757785793818047915184142
0.00004387086759722624705953562776
0.00004387086759722624705953562776
0.00004387086759722624705953562776
0.00004387086759722624705953562776
0.00004387086759722624705953562776
0.00004387086759722624705953562776
0.00004387086759722624705953562776
0.00004387086759722624705953562776
0.00004387086759722624705953562776
0.00004387086759722624705953562776
0.00004387086759722624705953562776
0.00004387086759722624705953562776
0.00004387086759722624705953562776
0.00004387086759722624705953562776
0.00004387086759722624705953562776
0.00004399720661894849346984059828
0.00004399720661894849346984059828
0.00004399720661894849346984059828
0.00004399720661894849346984059828
0.00004399720661894849346984059828
0.00004399720661894849346984059828
0.00004399720661894849346984059828
0.00004399720661894849346984059828
0.00004399720661894849346984059828
0.00004399720661894849346984059828
0.00004399720661894849346984059828
0.00004399720661894849346984059828
0.00004399720661894849346984059828
0.00004399720661894849346984059828
0.00004399720661894849346984059828
0.00004399720661894849346984059828
0.00004393086409459444775374716611
0.00004393086409459444775374716611
0.00004393086409459444775374716611
0.00004393086409459444775374716611
0.00004393086409459444775374716611
0.00004393086409459444775374716611
0.00004393086409459444775374716611
0.00004393086409459444775374716611
0.00004393086409459444775374716611
0.00004393086409459444775374716611
0.00004393086409459444775374716611
0.00004393086409459444775374716611
0.00004393086409459444775374716611
0.00004393086409459444775374716611
0.00004393086409459444775374716611
0.00004393086409459444775374716611
