0.2499997666461102231248103462
0.2499997666461102231248103462
0.2499997666461102231248103462
0.2499997666461102231248103462
0.2499997666461102231248103462
0.2499997666461102231248103462
0.2499997666461102231248103462
0.2499997666461102231248103462
0.2499997666461102231248103462
0.2499997666461102231248103462
0.2499997666461102231248103462
0.2499997666461102231248103462
0.2499997666461102231248103462
0.2499997666461102231248103462
0.2499997666461102231248103462
0.2513310691518867476678329376
0.2513310691518867476678329376
0.2513310691518867476678329376
0.2513310691518867476678329376
0.2513310691518867476678329376
0.2513310691518867476678329376
0.2513310691518867476678329376
0.2513310691518867476678329376
0.2513310691518867476678329376
0.2513310691518867476678329376
0.2513310691518867476678329376
0.2513310691518867476678329376
0.2513310691518867476678329376
0.2513310691518867476678329376
0.2513310691518867476678329376
0.2513310691518867476678329376
0.2565299117809489023644505143
0.2565299117809489023644505143
0.2565299117809489023644505143
0.2565299117809489023644505143
0.2565299117809489023644505143
0.2565299117809489023644505143
0.2565299117809489023644505143
0.2565299117809489023644505143
0.2565299117809489023644505143
0.2565299117809489023644505143
0.2565299117809489023644505143
0.2565299117809489023644505143
0.2565299117809489023644505143
0.2565299117809489023644505143
0.2565299117809489023644505143
0.2529332241251808199471662087
0.2529332241251808199471662087
0.2529332241251808199471662087
0.2529332241251808199471662087
0.2529332241251808199471662087
0.2529332241251808199471662087
0.2529332241251808199471662087
0.2529332241251808199471662087
0.2529332241251808199471662087
0.2529332241251808199471662087
0.2529332241251808199471662087
0.2529332241251808199471662087
0.2529332241251808199471662087
0.2529332241251808199471662087
0.2529332241251808199471662087
0.2529332241251808199471662087
0.2540824285511920889785940207
0.2540824285511920889785940207
0.2540824285511920889785940207
0.2540824285511920889785940207
0.2540824285511920889785940207
0.2540824285511920889785940207
0.2540824285511920889785940207
0.2540824285511920889785940207
0.2540824285511920889785940207
0.2540824285511920889785940207
0.2540824285511920889785940207
0.2540824285511920889785940207
0.2540824285511920889785940207
0.2540824285511920889785940207
0.2540824285511920889785940207
0.2540824285511920889785940207
0.2513002814785383170593877189
0.2513002814785383170593877189
0.2513002814785383170593877189
0.2513002814785383170593877189
0.2513002814785383170593877189
0.2513002814785383170593877189
0.2513002814785383170593877189
0.2513002814785383170593877189
0.2513002814785383170593877189
0.2513002814785383170593877189
0.2513002814785383170593877189
0.2513002814785383170593877189
0.2513002814785383170593877189
0.2513002814785383170593877189
0.2513002814785383170593877189
0.2497160600586577523997577130
0.2497160600586577523997577130
0.2497160600586577523997577130
0.2497160600586577523997577130
0.2497160600586577523997577130
0.2497160600586577523997577130
0.2497160600586577523997577130
0.2497160600586577523997577130
0.2497160600586577523997577130
0.2497160600586577523997577130
0.2497160600586577523997577130
0.2497160600586577523997577130
0.2497160600586577523997577130
0.2497160600586577523997577130
0.2497160600586577523997577130
0.2497160600586577523997577130
0.2496511490695385250812342683
0.2496511490695385250812342683
0.2496511490695385250812342683
0.2496511490695385250812342683
0.2496511490695385250812342683
0.2496511490695385250812342683
0.2496511490695385250812342683
0.2496511490695385250812342683
0.2496511490695385250812342683
0.2496511490695385250812342683
0.2496511490695385250812342683
0.2496511490695385250812342683
0.2496511490695385250812342683
0.2496511490695385250812342683
0.2496511490695385250812342683
0.2491295932882035547987608202
0.2491295932882035547987608202
0.2491295932882035547987608202
0.2491295932882035547987608202
0.2491295932882035547987608202
0.2491295932882035547987608202
0.2491295932882035547987608202
0.2491295932882035547987608202
0.2491295932882035547987608202
0.2491295932882035547987608202
0.2491295932882035547987608202
0.2491295932882035547987608202
0.2491295932882035547987608202
0.2491295932882035547987608202
0.2491295932882035547987608202
0.2491295932882035547987608202
0.2484157316109386662411680108
0.2484157316109386662411680108
0.2484157316109386662411680108
0.2484157316109386662411680108
0.2484157316109386662411680108
0.2484157316109386662411680108
0.2484157316109386662411680108
0.2484157316109386662411680108
0.2484157316109386662411680108
0.2484157316109386662411680108
0.2484157316109386662411680108
0.2484157316109386662411680108
0.2484157316109386662411680108
0.2484157316109386662411680108
0.2484157316109386662411680108
0.2484157316109386662411680108
0.2495121201869563070419153605
0.2495121201869563070419153605
0.2495121201869563070419153605
0.2495121201869563070419153605
0.2495121201869563070419153605
0.2495121201869563070419153605
0.2495121201869563070419153605
0.2495121201869563070419153605
0.2495121201869563070419153605
0.2495121201869563070419153605
0.2495121201869563070419153605
0.2495121201869563070419153605
0.2495121201869563070419153605
0.2495121201869563070419153605
0.2495121201869563070419153605
0.2495477633620646662278631276
0.2495477633620646662278631276
0.2495477633620646662278631276
0.2495477633620646662278631276
0.2495477633620646662278631276
0.2495477633620646662278631276
0.2495477633620646662278631276
0.2495477633620646662278631276
0.2495477633620646662278631276
0.2495477633620646662278631276
0.2495477633620646662278631276
0.2495477633620646662278631276
0.2495477633620646662278631276
0.2495477633620646662278631276
0.2495477633620646662278631276
0.2495477633620646662278631276
0.2498346671639113157556485570
0.2498346671639113157556485570
0.2498346671639113157556485570
0.2498346671639113157556485570
0.2498346671639113157556485570
0.2498346671639113157556485570
0.2498346671639113157556485570
0.2498346671639113157556485570
0.2498346671639113157556485570
0.2498346671639113157556485570
0.2498346671639113157556485570
0.2498346671639113157556485570
0.2498346671639113157556485570
0.2498346671639113157556485570
0.2498346671639113157556485570
0.2498346671639113157556485570
0.2495549781091254000713292269
0.2495549781091254000713292269
0.2495549781091254000713292269
0.2495549781091254000713292269
0.2495549781091254000713292269
0.2495549781091254000713292269
0.2495549781091254000713292269
0.2495549781091254000713292269
0.2495549781091254000713292269
0.2495549781091254000713292269
0.2495549781091254000713292269
0.2495549781091254000713292269
0.2495549781091254000713292269
0.2495549781091254000713292269
0.2495549781091254000713292269
0.2487694676963827430681322557
0.2487694676963827430681322557
0.2487694676963827430681322557
0.2487694676963827430681322557
0.2487694676963827430681322557
0.2487694676963827430681322557
0.2487694676963827430681322557
0.2487694676963827430681322557
0.2487694676963827430681322557
0.2487694676963827430681322557
0.2487694676963827430681322557
0.2487694676963827430681322557
0.2487694676963827430681322557
0.2487694676963827430681322557
0.2487694676963827430681322557
0.2487694676963827430681322557
0.2486905150268014275062027226
0.2486905150268014275062027226
0.2486905150268014275062027226
0.2486905150268014275062027226
0.2486905150268014275062027226
0.2486905150268014275062027226
0.2486905150268014275062027226
0.2486905150268014275062027226
0.2486905150268014275062027226
0.2486905150268014275062027226
0.2486905150268014275062027226
0.2486905150268014275062027226
0.2486905150268014275062027226
0.2486905150268014275062027226
0.2486905150268014275062027226
0.2486905150268014275062027226
0.2492976076221357628708363068
0.2492976076221357628708363068
0.2492976076221357628708363068
0.2492976076221357628708363068
0.2492976076221357628708363068
0.2492976076221357628708363068
0.2492976076221357628708363068
0.2492976076221357628708363068
0.2492976076221357628708363068
0.2492976076221357628708363068
0.2492976076221357628708363068
0.2492976076221357628708363068
0.2492976076221357628708363068
0.2492976076221357628708363068
0.2492976076221357628708363068
0.2492047601091740788066301264
0.2492047601091740788066301264
0.2492047601091740788066301264
0.2492047601091740788066301264
0.2492047601091740788066301264
0.2492047601091740788066301264
0.2492047601091740788066301264
0.2492047601091740788066301264
0.2492047601091740788066301264
0.2492047601091740788066301264
0.2492047601091740788066301264
0.2492047601091740788066301264
0.2492047601091740788066301264
0.2492047601091740788066301264
0.2492047601091740788066301264
0.2492047601091740788066301264
0.2488842451580325802479091715
0.2488842451580325802479091715
0.2488842451580325802479091715
0.2488842451580325802479091715
0.2488842451580325802479091715
0.2488842451580325802479091715
0.2488842451580325802479091715
0.2488842451580325802479091715
0.2488842451580325802479091715
0.2488842451580325802479091715
0.2488842451580325802479091715
0.2488842451580325802479091715
0.2488842451580325802479091715
0.2488842451580325802479091715
0.2488842451580325802479091715
0.2490953959802806435946685705
0.2490953959802806435946685705
0.2490953959802806435946685705
0.2490953959802806435946685705
0.2490953959802806435946685705
0.2490953959802806435946685705
0.2490953959802806435946685705
0.2490953959802806435946685705
0.2490953959802806435946685705
0.2490953959802806435946685705
0.2490953959802806435946685705
0.2490953959802806435946685705
0.2490953959802806435946685705
0.2490953959802806435946685705
0.2490953959802806435946685705
0.2490953959802806435946685705
0.2490913536465975156628606956
0.2490913536465975156628606956
0.2490913536465975156628606956
0.2490913536465975156628606956
0.2490913536465975156628606956
0.2490913536465975156628606956
0.2490913536465975156628606956
0.2490913536465975156628606956
0.2490913536465975156628606956
0.2490913536465975156628606956
0.2490913536465975156628606956
0.2490913536465975156628606956
0.2490913536465975156628606956
0.2490913536465975156628606956
0.2490913536465975156628606956
0.2490913536465975156628606956
0.2488989129535061415887344191
0.2488989129535061415887344191
0.2488989129535061415887344191
0.2488989129535061415887344191
0.2488989129535061415887344191
0.2488989129535061415887344191
0.2488989129535061415887344191
0.2488989129535061415887344191
0.2488989129535061415887344191
0.2488989129535061415887344191
0.2488989129535061415887344191
0.2488989129535061415887344191
0.2488989129535061415887344191
0.2488989129535061415887344191
0.2488989129535061415887344191
0.2487095906527186115714873730
0.2487095906527186115714873730
0.2487095906527186115714873730
0.2487095906527186115714873730
0.2487095906527186115714873730
0.2487095906527186115714873730
0.2487095906527186115714873730
0.2487095906527186115714873730
0.2487095906527186115714873730
0.2487095906527186115714873730
0.2487095906527186115714873730
0.2487095906527186115714873730
0.2487095906527186115714873730
0.2487095906527186115714873730
0.2487095906527186115714873730
0.2487095906527186115714873730
0.2486322976948940395062171372
0.2486322976948940395062171372
0.2486322976948940395062171372
0.2486322976948940395062171372
0.2486322976948940395062171372
0.2486322976948940395062171372
0.2486322976948940395062171372
0.2486322976948940395062171372
0.2486322976948940395062171372
0.2486322976948940395062171372
0.2486322976948940395062171372
0.2486322976948940395062171372
0.2486322976948940395062171372
0.2486322976948940395062171372
0.2486322976948940395062171372
0.2486499055923013626059915923
0.2486499055923013626059915923
0.2486499055923013626059915923
0.2486499055923013626059915923
0.2486499055923013626059915923
0.2486499055923013626059915923
0.2486499055923013626059915923
0.2486499055923013626059915923
0.2486499055923013626059915923
0.2486499055923013626059915923
0.2486499055923013626059915923
0.2486499055923013626059915923
0.2486499055923013626059915923
0.2486499055923013626059915923
0.2486499055923013626059915923
0.2486499055923013626059915923
0.2483471110976322514049388865
0.2483471110976322514049388865
0.2483471110976322514049388865
0.2483471110976322514049388865
0.2483471110976322514049388865
0.2483471110976322514049388865
0.2483471110976322514049388865
0.2483471110976322514049388865
0.2483471110976322514049388865
0.2483471110976322514049388865
0.2483471110976322514049388865
0.2483471110976322514049388865
0.2483471110976322514049388865
0.2483471110976322514049388865
0.2483471110976322514049388865
0.2483471110976322514049388865
0.2483168113868530731247519047
0.2483168113868530731247519047
0.2483168113868530731247519047
0.2483168113868530731247519047
0.2483168113868530731247519047
0.2483168113868530731247519047
0.2483168113868530731247519047
0.2483168113868530731247519047
0.2483168113868530731247519047
0.2483168113868530731247519047
0.2483168113868530731247519047
0.2483168113868530731247519047
0.2483168113868530731247519047
0.2483168113868530731247519047
0.2483168113868530731247519047
0.2486911383848697640224973214
0.2486911383848697640224973214
0.2486911383848697640224973214
0.2486911383848697640224973214
0.2486911383848697640224973214
0.2486911383848697640224973214
0.2486911383848697640224973214
0.2486911383848697640224973214
0.2486911383848697640224973214
0.2486911383848697640224973214
0.2486911383848697640224973214
0.2486911383848697640224973214
0.2486911383848697640224973214
0.2486911383848697640224973214
0.2486911383848697640224973214
0.2486911383848697640224973214
0.2493758614571061939501780983
0.2493758614571061939501780983
0.2493758614571061939501780983
0.2493758614571061939501780983
0.2493758614571061939501780983
0.2493758614571061939501780983
0.2493758614571061939501780983
0.2493758614571061939501780983
0.2493758614571061939501780983
0.2493758614571061939501780983
0.2493758614571061939501780983
0.2493758614571061939501780983
0.2493758614571061939501780983
0.2493758614571061939501780983
0.2493758614571061939501780983
0.2493758614571061939501780983
0.2493347639519490588401071220
0.2493347639519490588401071220
0.2493347639519490588401071220
0.2493347639519490588401071220
0.2493347639519490588401071220
0.2493347639519490588401071220
0.2493347639519490588401071220
0.2493347639519490588401071220
0.2493347639519490588401071220
0.2493347639519490588401071220
0.2493347639519490588401071220
0.2493347639519490588401071220
0.2493347639519490588401071220
0.2493347639519490588401071220
0.2493347639519490588401071220
0.2492241469487262012519645939
0.2492241469487262012519645939
0.2492241469487262012519645939
0.2492241469487262012519645939
0.2492241469487262012519645939
0.2492241469487262012519645939
0.2492241469487262012519645939
0.2492241469487262012519645939
0.2492241469487262012519645939
0.2492241469487262012519645939
0.2492241469487262012519645939
0.2492241469487262012519645939
0.2492241469487262012519645939
0.2492241469487262012519645939
0.2492241469487262012519645939
0.2492241469487262012519645939
0.2489587615938020483168070913
0.2489587615938020483168070913
0.2489587615938020483168070913
0.2489587615938020483168070913
0.2489587615938020483168070913
0.2489587615938020483168070913
0.2489587615938020483168070913
0.2489587615938020483168070913
0.2489587615938020483168070913
0.2489587615938020483168070913
0.2489587615938020483168070913
0.2489587615938020483168070913
0.2489587615938020483168070913
0.2489587615938020483168070913
0.2489587615938020483168070913
0.2489587615938020483168070913
