0.2559686403641819923980835690
0.2559686403641819923980835690
0.2559686403641819923980835690
0.2559686403641819923980835690
0.2559686403641819923980835690
0.2559686403641819923980835690
0.2559686403641819923980835690
0.2559686403641819923980835690
0.2559686403641819923980835690
0.2559686403641819923980835690
0.2559686403641819923980835690
0.2559686403641819923980835690
0.2559686403641819923980835690
0.2559686403641819923980835690
0.2559686403641819923980835690
0.2462746084517700779190514633
0.2462746084517700779190514633
0.2462746084517700779190514633
0.2462746084517700779190514633
0.2462746084517700779190514633
0.2462746084517700779190514633
0.2462746084517700779190514633
0.2462746084517700779190514633
0.2462746084517700779190514633
0.2462746084517700779190514633
0.2462746084517700779190514633
0.2462746084517700779190514633
0.2462746084517700779190514633
0.2462746084517700779190514633
0.2462746084517700779190514633
0.2462746084517700779190514633
0.2518613208318662600099329762
0.2518613208318662600099329762
0.2518613208318662600099329762
0.2518613208318662600099329762
0.2518613208318662600099329762
0.2518613208318662600099329762
0.2518613208318662600099329762
0.2518613208318662600099329762
0.2518613208318662600099329762
0.2518613208318662600099329762
0.2518613208318662600099329762
0.2518613208318662600099329762
0.2518613208318662600099329762
0.2518613208318662600099329762
0.2518613208318662600099329762
0.2509367063322112122925308836
0.2509367063322112122925308836
0.2509367063322112122925308836
0.2509367063322112122925308836
0.2509367063322112122925308836
0.2509367063322112122925308836
0.2509367063322112122925308836
0.2509367063322112122925308836
0.2509367063322112122925308836
0.2509367063322112122925308836
0.2509367063322112122925308836
0.2509367063322112122925308836
0.2509367063322112122925308836
0.2509367063322112122925308836
0.2509367063322112122925308836
0.2509367063322112122925308836
0.2525163260524821606812492298
0.2525163260524821606812492298
0.2525163260524821606812492298
0.2525163260524821606812492298
0.2525163260524821606812492298
0.2525163260524821606812492298
0.2525163260524821606812492298
0.2525163260524821606812492298
0.2525163260524821606812492298
0.2525163260524821606812492298
0.2525163260524821606812492298
0.2525163260524821606812492298
0.2525163260524821606812492298
0.2525163260524821606812492298
0.2525163260524821606812492298
0.2525163260524821606812492298
0.2532966700977036987575127353
0.2532966700977036987575127353
0.2532966700977036987575127353
0.2532966700977036987575127353
0.2532966700977036987575127353
0.2532966700977036987575127353
0.2532966700977036987575127353
0.2532966700977036987575127353
0.2532966700977036987575127353
0.2532966700977036987575127353
0.2532966700977036987575127353
0.2532966700977036987575127353
0.2532966700977036987575127353
0.2532966700977036987575127353
0.2532966700977036987575127353
0.2529039925923414326583323422
0.2529039925923414326583323422
0.2529039925923414326583323422
0.2529039925923414326583323422
0.2529039925923414326583323422
0.2529039925923414326583323422
0.2529039925923414326583323422
0.2529039925923414326583323422
0.2529039925923414326583323422
0.2529039925923414326583323422
0.2529039925923414326583323422
0.2529039925923414326583323422
0.2529039925923414326583323422
0.2529039925923414326583323422
0.2529039925923414326583323422
0.2529039925923414326583323422
0.2496649838092085493745664650
0.2496649838092085493745664650
0.2496649838092085493745664650
0.2496649838092085493745664650
0.2496649838092085493745664650
0.2496649838092085493745664650
0.2496649838092085493745664650
0.2496649838092085493745664650
0.2496649838092085493745664650
0.2496649838092085493745664650
0.2496649838092085493745664650
0.2496649838092085493745664650
0.2496649838092085493745664650
0.2496649838092085493745664650
0.2496649838092085493745664650
0.2488402428821698879845048415
0.2488402428821698879845048415
0.2488402428821698879845048415
0.2488402428821698879845048415
0.2488402428821698879845048415
0.2488402428821698879845048415
0.2488402428821698879845048415
0.2488402428821698879845048415
0.2488402428821698879845048415
0.2488402428821698879845048415
0.2488402428821698879845048415
0.2488402428821698879845048415
0.2488402428821698879845048415
0.2488402428821698879845048415
0.2488402428821698879845048415
0.2488402428821698879845048415
0.2496980463684116630164802079
0.2496980463684116630164802079
0.2496980463684116630164802079
0.2496980463684116630164802079
0.2496980463684116630164802079
0.2496980463684116630164802079
0.2496980463684116630164802079
0.2496980463684116630164802079
0.2496980463684116630164802079
0.2496980463684116630164802079
0.2496980463684116630164802079
0.2496980463684116630164802079
0.2496980463684116630164802079
0.2496980463684116630164802079
0.2496980463684116630164802079
0.2496980463684116630164802079
0.2494416053197667558573561086
0.2494416053197667558573561086
0.2494416053197667558573561086
0.2494416053197667558573561086
0.2494416053197667558573561086
0.2494416053197667558573561086
0.2494416053197667558573561086
0.2494416053197667558573561086
0.2494416053197667558573561086
0.2494416053197667558573561086
0.2494416053197667558573561086
0.2494416053197667558573561086
0.2494416053197667558573561086
0.2494416053197667558573561086
0.2494416053197667558573561086
0.2487990245943270038669235316
0.2487990245943270038669235316
0.2487990245943270038669235316
0.2487990245943270038669235316
0.2487990245943270038669235316
0.2487990245943270038669235316
0.2487990245943270038669235316
0.2487990245943270038669235316
0.2487990245943270038669235316
0.2487990245943270038669235316
0.2487990245943270038669235316
0.2487990245943270038669235316
0.2487990245943270038669235316
0.2487990245943270038669235316
0.2487990245943270038669235316
0.2487990245943270038669235316
0.2498001400998406037396430802
0.2498001400998406037396430802
0.2498001400998406037396430802
0.2498001400998406037396430802
0.2498001400998406037396430802
0.2498001400998406037396430802
0.2498001400998406037396430802
0.2498001400998406037396430802
0.2498001400998406037396430802
0.2498001400998406037396430802
0.2498001400998406037396430802
0.2498001400998406037396430802
0.2498001400998406037396430802
0.2498001400998406037396430802
0.2498001400998406037396430802
0.2498001400998406037396430802
0.2499932350900626596563097824
0.2499932350900626596563097824
0.2499932350900626596563097824
0.2499932350900626596563097824
0.2499932350900626596563097824
0.2499932350900626596563097824
0.2499932350900626596563097824
0.2499932350900626596563097824
0.2499932350900626596563097824
0.2499932350900626596563097824
0.2499932350900626596563097824
0.2499932350900626596563097824
0.2499932350900626596563097824
0.2499932350900626596563097824
0.2499932350900626596563097824
0.2509020074613097609218431314
0.2509020074613097609218431314
0.2509020074613097609218431314
0.2509020074613097609218431314
0.2509020074613097609218431314
0.2509020074613097609218431314
0.2509020074613097609218431314
0.2509020074613097609218431314
0.2509020074613097609218431314
0.2509020074613097609218431314
0.2509020074613097609218431314
0.2509020074613097609218431314
0.2509020074613097609218431314
0.2509020074613097609218431314
0.2509020074613097609218431314
0.2509020074613097609218431314
0.2501819800387834194373385394
0.2501819800387834194373385394
0.2501819800387834194373385394
0.2501819800387834194373385394
0.2501819800387834194373385394
0.2501819800387834194373385394
0.2501819800387834194373385394
0.2501819800387834194373385394
0.2501819800387834194373385394
0.2501819800387834194373385394
0.2501819800387834194373385394
0.2501819800387834194373385394
0.2501819800387834194373385394
0.2501819800387834194373385394
0.2501819800387834194373385394
0.2501819800387834194373385394
0.2500921017475980274518185016
0.2500921017475980274518185016
0.2500921017475980274518185016
0.2500921017475980274518185016
0.2500921017475980274518185016
0.2500921017475980274518185016
0.2500921017475980274518185016
0.2500921017475980274518185016
0.2500921017475980274518185016
0.2500921017475980274518185016
0.2500921017475980274518185016
0.2500921017475980274518185016
0.2500921017475980274518185016
0.2500921017475980274518185016
0.2500921017475980274518185016
0.2498535948200862150154258498
0.2498535948200862150154258498
0.2498535948200862150154258498
0.2498535948200862150154258498
0.2498535948200862150154258498
0.2498535948200862150154258498
0.2498535948200862150154258498
0.2498535948200862150154258498
0.2498535948200862150154258498
0.2498535948200862150154258498
0.2498535948200862150154258498
0.2498535948200862150154258498
0.2498535948200862150154258498
0.2498535948200862150154258498
0.2498535948200862150154258498
0.2498535948200862150154258498
0.2500744817014691123374944487
0.2500744817014691123374944487
0.2500744817014691123374944487
0.2500744817014691123374944487
0.2500744817014691123374944487
0.2500744817014691123374944487
0.2500744817014691123374944487
0.2500744817014691123374944487
0.2500744817014691123374944487
0.2500744817014691123374944487
0.2500744817014691123374944487
0.2500744817014691123374944487
0.2500744817014691123374944487
0.2500744817014691123374944487
0.2500744817014691123374944487
0.2504127008127335984051658035
0.2504127008127335984051658035
0.2504127008127335984051658035
0.2504127008127335984051658035
0.2504127008127335984051658035
0.2504127008127335984051658035
0.2504127008127335984051658035
0.2504127008127335984051658035
0.2504127008127335984051658035
0.2504127008127335984051658035
0.2504127008127335984051658035
0.2504127008127335984051658035
0.2504127008127335984051658035
0.2504127008127335984051658035
0.2504127008127335984051658035
0.2504127008127335984051658035
0.2506798061341368682756529337
0.2506798061341368682756529337
0.2506798061341368682756529337
0.2506798061341368682756529337
0.2506798061341368682756529337
0.2506798061341368682756529337
0.2506798061341368682756529337
0.2506798061341368682756529337
0.2506798061341368682756529337
0.2506798061341368682756529337
0.2506798061341368682756529337
0.2506798061341368682756529337
0.2506798061341368682756529337
0.2506798061341368682756529337
0.2506798061341368682756529337
0.2506798061341368682756529337
0.2505781179942590901951451515
0.2505781179942590901951451515
0.2505781179942590901951451515
0.2505781179942590901951451515
0.2505781179942590901951451515
0.2505781179942590901951451515
0.2505781179942590901951451515
0.2505781179942590901951451515
0.2505781179942590901951451515
0.2505781179942590901951451515
0.2505781179942590901951451515
0.2505781179942590901951451515
0.2505781179942590901951451515
0.2505781179942590901951451515
0.2505781179942590901951451515
0.2502370850038931385546216363
0.2502370850038931385546216363
0.2502370850038931385546216363
0.2502370850038931385546216363
0.2502370850038931385546216363
0.2502370850038931385546216363
0.2502370850038931385546216363
0.2502370850038931385546216363
0.2502370850038931385546216363
0.2502370850038931385546216363
0.2502370850038931385546216363
0.2502370850038931385546216363
0.2502370850038931385546216363
0.2502370850038931385546216363
0.2502370850038931385546216363
0.2502370850038931385546216363
0.2508231609454983448223327041
0.2508231609454983448223327041
0.2508231609454983448223327041
0.2508231609454983448223327041
0.2508231609454983448223327041
0.2508231609454983448223327041
0.2508231609454983448223327041
0.2508231609454983448223327041
0.2508231609454983448223327041
0.2508231609454983448223327041
0.2508231609454983448223327041
0.2508231609454983448223327041
0.2508231609454983448223327041
0.2508231609454983448223327041
0.2508231609454983448223327041
0.2501021546240559003095133573
0.2501021546240559003095133573
0.2501021546240559003095133573
0.2501021546240559003095133573
0.2501021546240559003095133573
0.2501021546240559003095133573
0.2501021546240559003095133573
0.2501021546240559003095133573
0.2501021546240559003095133573
0.2501021546240559003095133573
0.2501021546240559003095133573
0.2501021546240559003095133573
0.2501021546240559003095133573
0.2501021546240559003095133573
0.2501021546240559003095133573
0.2501021546240559003095133573
0.2506130894981871092227331534
0.2506130894981871092227331534
0.2506130894981871092227331534
0.2506130894981871092227331534
0.2506130894981871092227331534
0.2506130894981871092227331534
0.2506130894981871092227331534
0.2506130894981871092227331534
0.2506130894981871092227331534
0.2506130894981871092227331534
0.2506130894981871092227331534
0.2506130894981871092227331534
0.2506130894981871092227331534
0.2506130894981871092227331534
0.2506130894981871092227331534
0.2506130894981871092227331534
0.2504026638440777855967374764
0.2504026638440777855967374764
0.2504026638440777855967374764
0.2504026638440777855967374764
0.2504026638440777855967374764
0.2504026638440777855967374764
0.2504026638440777855967374764
0.2504026638440777855967374764
0.2504026638440777855967374764
0.2504026638440777855967374764
0.2504026638440777855967374764
0.2504026638440777855967374764
0.2504026638440777855967374764
0.2504026638440777855967374764
0.2504026638440777855967374764
0.2510648064786043447379584859
0.2510648064786043447379584859
0.2510648064786043447379584859
0.2510648064786043447379584859
0.2510648064786043447379584859
0.2510648064786043447379584859
0.2510648064786043447379584859
0.2510648064786043447379584859
0.2510648064786043447379584859
0.2510648064786043447379584859
0.2510648064786043447379584859
0.2510648064786043447379584859
0.2510648064786043447379584859
0.2510648064786043447379584859
0.2510648064786043447379584859
0.2510648064786043447379584859
0.2506671197082917074805281253
0.2506671197082917074805281253
0.2506671197082917074805281253
0.2506671197082917074805281253
0.2506671197082917074805281253
0.2506671197082917074805281253
0.2506671197082917074805281253
0.2506671197082917074805281253
0.2506671197082917074805281253
0.2506671197082917074805281253
0.2506671197082917074805281253
0.2506671197082917074805281253
0.2506671197082917074805281253
0.2506671197082917074805281253
0.2506671197082917074805281253
0.2506671197082917074805281253
0.2510255482843251060217669714
0.2510255482843251060217669714
0.2510255482843251060217669714
0.2510255482843251060217669714
0.2510255482843251060217669714
0.2510255482843251060217669714
0.2510255482843251060217669714
0.2510255482843251060217669714
0.2510255482843251060217669714
0.2510255482843251060217669714
0.2510255482843251060217669714
0.2510255482843251060217669714
0.2510255482843251060217669714
0.2510255482843251060217669714
0.2510255482843251060217669714
0.2509059505944218891892655463
0.2509059505944218891892655463
0.2509059505944218891892655463
0.2509059505944218891892655463
0.2509059505944218891892655463
0.2509059505944218891892655463
0.2509059505944218891892655463
0.2509059505944218891892655463
0.2509059505944218891892655463
0.2509059505944218891892655463
0.2509059505944218891892655463
0.2509059505944218891892655463
0.2509059505944218891892655463
0.2509059505944218891892655463
0.2509059505944218891892655463
0.2509059505944218891892655463
0.2508103156323497571878582921
0.2508103156323497571878582921
0.2508103156323497571878582921
0.2508103156323497571878582921
0.2508103156323497571878582921
0.2508103156323497571878582921
0.2508103156323497571878582921
0.2508103156323497571878582921
0.2508103156323497571878582921
0.2508103156323497571878582921
0.2508103156323497571878582921
0.2508103156323497571878582921
0.2508103156323497571878582921
0.2508103156323497571878582921
0.2508103156323497571878582921
0.2508103156323497571878582921
