0.2370467342536779776524951619
0.2370467342536779776524951619
0.2370467342536779776524951619
0.2370467342536779776524951619
0.2370467342536779776524951619
0.2370467342536779776524951619
0.2370467342536779776524951619
0.2370467342536779776524951619
0.2370467342536779776524951619
0.2370467342536779776524951619
0.2370467342536779776524951619
0.2370467342536779776524951619
0.2370467342536779776524951619
0.2370467342536779776524951619
0.2370467342536779776524951619
0.2495942462772330465272850665
0.2495942462772330465272850665
0.2495942462772330465272850665
0.2495942462772330465272850665
0.2495942462772330465272850665
0.2495942462772330465272850665
0.2495942462772330465272850665
0.2495942462772330465272850665
0.2495942462772330465272850665
0.2495942462772330465272850665
0.2495942462772330465272850665
0.2495942462772330465272850665
0.2495942462772330465272850665
0.2495942462772330465272850665
0.2495942462772330465272850665
0.2495942462772330465272850665
0.2516870830146020089472685293
0.2516870830146020089472685293
0.2516870830146020089472685293
0.2516870830146020089472685293
0.2516870830146020089472685293
0.2516870830146020089472685293
0.2516870830146020089472685293
0.2516870830146020089472685293
0.2516870830146020089472685293
0.2516870830146020089472685293
0.2516870830146020089472685293
0.2516870830146020089472685293
0.2516870830146020089472685293
0.2516870830146020089472685293
0.2516870830146020089472685293
0.2529353607448852359368298530
0.2529353607448852359368298530
0.2529353607448852359368298530
0.2529353607448852359368298530
0.2529353607448852359368298530
0.2529353607448852359368298530
0.2529353607448852359368298530
0.2529353607448852359368298530
0.2529353607448852359368298530
0.2529353607448852359368298530
0.2529353607448852359368298530
0.2529353607448852359368298530
0.2529353607448852359368298530
0.2529353607448852359368298530
0.2529353607448852359368298530
0.2529353607448852359368298530
0.2523560906752343768823282205
0.2523560906752343768823282205
0.2523560906752343768823282205
0.2523560906752343768823282205
0.2523560906752343768823282205
0.2523560906752343768823282205
0.2523560906752343768823282205
0.2523560906752343768823282205
0.2523560906752343768823282205
0.2523560906752343768823282205
0.2523560906752343768823282205
0.2523560906752343768823282205
0.2523560906752343768823282205
0.2523560906752343768823282205
0.2523560906752343768823282205
0.2523560906752343768823282205
0.2521295041692121807393227605
0.2521295041692121807393227605
0.2521295041692121807393227605
0.2521295041692121807393227605
0.2521295041692121807393227605
0.2521295041692121807393227605
0.2521295041692121807393227605
0.2521295041692121807393227605
0.2521295041692121807393227605
0.2521295041692121807393227605
0.2521295041692121807393227605
0.2521295041692121807393227605
0.2521295041692121807393227605
0.2521295041692121807393227605
0.2521295041692121807393227605
0.2536061601372992726689352031
0.2536061601372992726689352031
0.2536061601372992726689352031
0.2536061601372992726689352031
0.2536061601372992726689352031
0.2536061601372992726689352031
0.2536061601372992726689352031
0.2536061601372992726689352031
0.2536061601372992726689352031
0.2536061601372992726689352031
0.2536061601372992726689352031
0.2536061601372992726689352031
0.2536061601372992726689352031
0.2536061601372992726689352031
0.2536061601372992726689352031
0.2536061601372992726689352031
0.2526034128617574757014723452
0.2526034128617574757014723452
0.2526034128617574757014723452
0.2526034128617574757014723452
0.2526034128617574757014723452
0.2526034128617574757014723452
0.2526034128617574757014723452
0.2526034128617574757014723452
0.2526034128617574757014723452
0.2526034128617574757014723452
0.2526034128617574757014723452
0.2526034128617574757014723452
0.2526034128617574757014723452
0.2526034128617574757014723452
0.2526034128617574757014723452
0.2532907838510737249140705246
0.2532907838510737249140705246
0.2532907838510737249140705246
0.2532907838510737249140705246
0.2532907838510737249140705246
0.2532907838510737249140705246
0.2532907838510737249140705246
0.2532907838510737249140705246
0.2532907838510737249140705246
0.2532907838510737249140705246
0.2532907838510737249140705246
0.2532907838510737249140705246
0.2532907838510737249140705246
0.2532907838510737249140705246
0.2532907838510737249140705246
0.2532907838510737249140705246
0.2530395153489123182794979775
0.2530395153489123182794979775
0.2530395153489123182794979775
0.2530395153489123182794979775
0.2530395153489123182794979775
0.2530395153489123182794979775
0.2530395153489123182794979775
0.2530395153489123182794979775
0.2530395153489123182794979775
0.2530395153489123182794979775
0.2530395153489123182794979775
0.2530395153489123182794979775
0.2530395153489123182794979775
0.2530395153489123182794979775
0.2530395153489123182794979775
0.2530395153489123182794979775
0.2527361029109884605273958863
0.2527361029109884605273958863
0.2527361029109884605273958863
0.2527361029109884605273958863
0.2527361029109884605273958863
0.2527361029109884605273958863
0.2527361029109884605273958863
0.2527361029109884605273958863
0.2527361029109884605273958863
0.2527361029109884605273958863
0.2527361029109884605273958863
0.2527361029109884605273958863
0.2527361029109884605273958863
0.2527361029109884605273958863
0.2527361029109884605273958863
0.2527643551577627444745403505
0.2527643551577627444745403505
0.2527643551577627444745403505
0.2527643551577627444745403505
0.2527643551577627444745403505
0.2527643551577627444745403505
0.2527643551577627444745403505
0.2527643551577627444745403505
0.2527643551577627444745403505
0.2527643551577627444745403505
0.2527643551577627444745403505
0.2527643551577627444745403505
0.2527643551577627444745403505
0.2527643551577627444745403505
0.2527643551577627444745403505
0.2527643551577627444745403505
0.2525627236348752819217142211
0.2525627236348752819217142211
0.2525627236348752819217142211
0.2525627236348752819217142211
0.2525627236348752819217142211
0.2525627236348752819217142211
0.2525627236348752819217142211
0.2525627236348752819217142211
0.2525627236348752819217142211
0.2525627236348752819217142211
0.2525627236348752819217142211
0.2525627236348752819217142211
0.2525627236348752819217142211
0.2525627236348752819217142211
0.2525627236348752819217142211
0.2525627236348752819217142211
0.2520492967586429224013888698
0.2520492967586429224013888698
0.2520492967586429224013888698
0.2520492967586429224013888698
0.2520492967586429224013888698
0.2520492967586429224013888698
0.2520492967586429224013888698
0.2520492967586429224013888698
0.2520492967586429224013888698
0.2520492967586429224013888698
0.2520492967586429224013888698
0.2520492967586429224013888698
0.2520492967586429224013888698
0.2520492967586429224013888698
0.2520492967586429224013888698
0.2518489233221582959788995508
0.2518489233221582959788995508
0.2518489233221582959788995508
0.2518489233221582959788995508
0.2518489233221582959788995508
0.2518489233221582959788995508
0.2518489233221582959788995508
0.2518489233221582959788995508
0.2518489233221582959788995508
0.2518489233221582959788995508
0.2518489233221582959788995508
0.2518489233221582959788995508
0.2518489233221582959788995508
0.2518489233221582959788995508
0.2518489233221582959788995508
0.2518489233221582959788995508
0.2506762883248648507187649328
0.2506762883248648507187649328
0.2506762883248648507187649328
0.2506762883248648507187649328
0.2506762883248648507187649328
0.2506762883248648507187649328
0.2506762883248648507187649328
0.2506762883248648507187649328
0.2506762883248648507187649328
0.2506762883248648507187649328
0.2506762883248648507187649328
0.2506762883248648507187649328
0.2506762883248648507187649328
0.2506762883248648507187649328
0.2506762883248648507187649328
0.2506762883248648507187649328
0.2501402014417243637097427498
0.2501402014417243637097427498
0.2501402014417243637097427498
0.2501402014417243637097427498
0.2501402014417243637097427498
0.2501402014417243637097427498
0.2501402014417243637097427498
0.2501402014417243637097427498
0.2501402014417243637097427498
0.2501402014417243637097427498
0.2501402014417243637097427498
0.2501402014417243637097427498
0.2501402014417243637097427498
0.2501402014417243637097427498
0.2501402014417243637097427498
0.2499702426266742666140332648
0.2499702426266742666140332648
0.2499702426266742666140332648
0.2499702426266742666140332648
0.2499702426266742666140332648
0.2499702426266742666140332648
0.2499702426266742666140332648
0.2499702426266742666140332648
0.2499702426266742666140332648
0.2499702426266742666140332648
0.2499702426266742666140332648
0.2499702426266742666140332648
0.2499702426266742666140332648
0.2499702426266742666140332648
0.2499702426266742666140332648
0.2499702426266742666140332648
0.2503218176657940062163722638
0.2503218176657940062163722638
0.2503218176657940062163722638
0.2503218176657940062163722638
0.2503218176657940062163722638
0.2503218176657940062163722638
0.2503218176657940062163722638
0.2503218176657940062163722638
0.2503218176657940062163722638
0.2503218176657940062163722638
0.2503218176657940062163722638
0.2503218176657940062163722638
0.2503218176657940062163722638
0.2503218176657940062163722638
0.2503218176657940062163722638
0.2497476097868458299927213543
0.2497476097868458299927213543
0.2497476097868458299927213543
0.2497476097868458299927213543
0.2497476097868458299927213543
0.2497476097868458299927213543
0.2497476097868458299927213543
0.2497476097868458299927213543
0.2497476097868458299927213543
0.2497476097868458299927213543
0.2497476097868458299927213543
0.2497476097868458299927213543
0.2497476097868458299927213543
0.2497476097868458299927213543
0.2497476097868458299927213543
0.2497476097868458299927213543
0.2502540263422980428412846609
0.2502540263422980428412846609
0.2502540263422980428412846609
0.2502540263422980428412846609
0.2502540263422980428412846609
0.2502540263422980428412846609
0.2502540263422980428412846609
0.2502540263422980428412846609
0.2502540263422980428412846609
0.2502540263422980428412846609
0.2502540263422980428412846609
0.2502540263422980428412846609
0.2502540263422980428412846609
0.2502540263422980428412846609
0.2502540263422980428412846609
0.2502540263422980428412846609
0.2499582534486767579885354956
0.2499582534486767579885354956
0.2499582534486767579885354956
0.2499582534486767579885354956
0.2499582534486767579885354956
0.2499582534486767579885354956
0.2499582534486767579885354956
0.2499582534486767579885354956
0.2499582534486767579885354956
0.2499582534486767579885354956
0.2499582534486767579885354956
0.2499582534486767579885354956
0.2499582534486767579885354956
0.2499582534486767579885354956
0.2499582534486767579885354956
0.2501128552452968622340759463
0.2501128552452968622340759463
0.2501128552452968622340759463
0.2501128552452968622340759463
0.2501128552452968622340759463
0.2501128552452968622340759463
0.2501128552452968622340759463
0.2501128552452968622340759463
0.2501128552452968622340759463
0.2501128552452968622340759463
0.2501128552452968622340759463
0.2501128552452968622340759463
0.2501128552452968622340759463
0.2501128552452968622340759463
0.2501128552452968622340759463
0.2501128552452968622340759463
0.2500526261320784609791447468
0.2500526261320784609791447468
0.2500526261320784609791447468
0.2500526261320784609791447468
0.2500526261320784609791447468
0.2500526261320784609791447468
0.2500526261320784609791447468
0.2500526261320784609791447468
0.2500526261320784609791447468
0.2500526261320784609791447468
0.2500526261320784609791447468
0.2500526261320784609791447468
0.2500526261320784609791447468
0.2500526261320784609791447468
0.2500526261320784609791447468
0.2494916203869073175009059659
0.2494916203869073175009059659
0.2494916203869073175009059659
0.2494916203869073175009059659
0.2494916203869073175009059659
0.2494916203869073175009059659
0.2494916203869073175009059659
0.2494916203869073175009059659
0.2494916203869073175009059659
0.2494916203869073175009059659
0.2494916203869073175009059659
0.2494916203869073175009059659
0.2494916203869073175009059659
0.2494916203869073175009059659
0.2494916203869073175009059659
0.2494916203869073175009059659
0.2492612211987728035927352382
0.2492612211987728035927352382
0.2492612211987728035927352382
0.2492612211987728035927352382
0.2492612211987728035927352382
0.2492612211987728035927352382
0.2492612211987728035927352382
0.2492612211987728035927352382
0.2492612211987728035927352382
0.2492612211987728035927352382
0.2492612211987728035927352382
0.2492612211987728035927352382
0.2492612211987728035927352382
0.2492612211987728035927352382
0.2492612211987728035927352382
0.2492612211987728035927352382
0.2493375105785588162282293101
0.2493375105785588162282293101
0.2493375105785588162282293101
0.2493375105785588162282293101
0.2493375105785588162282293101
0.2493375105785588162282293101
0.2493375105785588162282293101
0.2493375105785588162282293101
0.2493375105785588162282293101
0.2493375105785588162282293101
0.2493375105785588162282293101
0.2493375105785588162282293101
0.2493375105785588162282293101
0.2493375105785588162282293101
0.2493375105785588162282293101
0.2492175523887352225375963519
0.2492175523887352225375963519
0.2492175523887352225375963519
0.2492175523887352225375963519
0.2492175523887352225375963519
0.2492175523887352225375963519
0.2492175523887352225375963519
0.2492175523887352225375963519
0.2492175523887352225375963519
0.2492175523887352225375963519
0.2492175523887352225375963519
0.2492175523887352225375963519
0.2492175523887352225375963519
0.2492175523887352225375963519
0.2492175523887352225375963519
0.2492175523887352225375963519
0.2488519362419808537473352748
0.2488519362419808537473352748
0.2488519362419808537473352748
0.2488519362419808537473352748
0.2488519362419808537473352748
0.2488519362419808537473352748
0.2488519362419808537473352748
0.2488519362419808537473352748
0.2488519362419808537473352748
0.2488519362419808537473352748
0.2488519362419808537473352748
0.2488519362419808537473352748
0.2488519362419808537473352748
0.2488519362419808537473352748
0.2488519362419808537473352748
0.2488519362419808537473352748
0.2487572499590521676364462650
0.2487572499590521676364462650
0.2487572499590521676364462650
0.2487572499590521676364462650
0.2487572499590521676364462650
0.2487572499590521676364462650
0.2487572499590521676364462650
0.2487572499590521676364462650
0.2487572499590521676364462650
0.2487572499590521676364462650
0.2487572499590521676364462650
0.2487572499590521676364462650
0.2487572499590521676364462650
0.2487572499590521676364462650
0.2487572499590521676364462650
0.2486556467997247383753787585
0.2486556467997247383753787585
0.2486556467997247383753787585
0.2486556467997247383753787585
0.2486556467997247383753787585
0.2486556467997247383753787585
0.2486556467997247383753787585
0.2486556467997247383753787585
0.2486556467997247383753787585
0.2486556467997247383753787585
0.2486556467997247383753787585
0.2486556467997247383753787585
0.2486556467997247383753787585
0.2486556467997247383753787585
0.2486556467997247383753787585
0.2486556467997247383753787585
0.2485746758984351545872257622
0.2485746758984351545872257622
0.2485746758984351545872257622
0.2485746758984351545872257622
0.2485746758984351545872257622
0.2485746758984351545872257622
0.2485746758984351545872257622
0.2485746758984351545872257622
0.2485746758984351545872257622
0.2485746758984351545872257622
0.2485746758984351545872257622
0.2485746758984351545872257622
0.2485746758984351545872257622
0.2485746758984351545872257622
0.2485746758984351545872257622
0.2485746758984351545872257622
