0.00001976193221391300708883842075
0.00005716604854799008286757408232
0.00004329670797360949144169394042
0.00003867228188097308369559782619
0.00003740891007969977600169582026
0.00003510074362065199001582507704
0.00004049850928506341854028899399
0.00004085246264784691397942491868
0.00004003412302403352474523162233
0.00004288336727202365224553023867
0.00004154847010185807221825243067
0.00004030509878744531081645575244
0.00003910100530744466564244513019
0.00004127541798531508616157258802
0.00004047620853244345666128880693
0.00004005814504785208852454256546
0.00004166603599728507723557626077
0.00004075533936271925405404837432
0.00003966851644721994406043566345
0.00003904413263960557191774966468
0.00003937958857906662332666052777
0.00003931391734164611988021833366
0.00004054583366203970536727312562
0.00004006244019211684150821942067
0.00004081939507981291277739277511
0.00004145992808970360394825028652
0.00004143401301326006856367019878
0.00004200982480439806304950738604
0.00004152960471819127019799988046
0.00004171573381662878268779979833
0.00004129193855052071966509875686
0.00004077194713483243679953387182
0.00004173586925172097157181533596
0.00004156573095107224020770462071
0.00004125814766367372494589040453
0.00004078356954631661806447337197
0.00004039253838689236838699512580
0.00004050082794369682860263957530
0.00004043777413876984437975291936
0.00004020456597691504330173134088
0.00004073904221592843698343120974
0.00004063013516137892753362122262
0.00004113873523424796157897304305
0.00004124342188381068208478053523
