0.1259969558153611929098865290
0.1259969558153611929098865290
0.1107401907360115597911587340
0.1107401907360115597911587340
0.1107401907360115597911587340
0.1052829310544021897466982718
0.1052829310544021897466982718
0.1029983500946377087409387760
0.1029983500946377087409387760
0.1029983500946377087409387760
0.09958698030021109244340109907
0.09958698030021109244340109907
0.09752300921048810402407020855
0.09752300921048810402407020855
0.09752300921048810402407020855
0.09840040097592664538598445977
0.09840040097592664538598445977
0.09938159096303717758676202099
0.09938159096303717758676202099
0.09938159096303717758676202099
0.1010364392209820615995495281
0.1010364392209820615995495281
0.1010364392209820615995495281
0.1011081329972951383449319960
0.1011081329972951383449319960
0.1009280884851932908867377283
0.1009280884851932908867377283
0.1009280884851932908867377283
0.09982723237818700449131634636
0.09982723237818700449131634636
0.09897505957251187136989806476
0.09897505957251187136989806476
0.09897505957251187136989806476
0.09788846213707330178178657786
0.09788846213707330178178657786
0.09747310060896083856072161634
0.09747310060896083856072161634
0.09747310060896083856072161634
0.09659449673024083782608436083
0.09659449673024083782608436083
0.09542099146469167527907164757
0.09542099146469167527907164757
0.09542099146469167527907164757
0.09477559831268191069070303456
0.09477559831268191069070303456
0.09477559831268191069070303456
0.09509164771752724293695731035
0.09509164771752724293695731035
0.09510015609375094457821851283
0.09510015609375094457821851283
0.09510015609375094457821851283
0.09552201719070491070315115426
0.09552201719070491070315115426
0.09608605566937491904150631691
0.09608605566937491904150631691
0.09608605566937491904150631691
0.09549771312852812582688464067
0.09549771312852812582688464067
0.09549771312852812582688464067
0.09492448910171862740896308123
0.09492448910171862740896308123
0.09461300348344010271987833949
0.09461300348344010271987833949
0.09461300348344010271987833949
0.09545591621948944677095136284
0.09545591621948944677095136284
0.09513217002299178649809683676
0.09513217002299178649809683676
0.09513217002299178649809683676
0.09557542090230711056727859755
0.09557542090230711056727859755
0.09568584423020858241449709500
0.09568584423020858241449709500
0.09568584423020858241449709500
0.09632698525804850158040505018
0.09632698525804850158040505018
0.09685142358328620889903958321
0.09685142358328620889903958321
0.09685142358328620889903958321
0.09664152727893140613140563149
0.09664152727893140613140563149
0.09664152727893140613140563149
0.09665929641199221120991030953
0.09665929641199221120991030953
0.09675210756513245824805682136
0.09675210756513245824805682136
0.09675210756513245824805682136
0.09671470931637833276377650574
0.09671470931637833276377650574
0.09685798496368326173903905603
0.09685798496368326173903905603
0.09685798496368326173903905603
0.09692163560936323227163424770
0.09692163560936323227163424770
0.09695951125528228879989370729
0.09695951125528228879989370729
0.09695951125528228879989370729
0.09695709996606929072162134314
0.09695709996606929072162134314
0.09695709996606929072162134314
0.09725434938836485028978914406
0.09725434938836485028978914406
0.09734325210577561297870203068
0.09734325210577561297870203068
0.09734325210577561297870203068
0.09826076240909491799207232517
0.09826076240909491799207232517
0.09808735560976111898270750209
0.09808735560976111898270750209
0.09808735560976111898270750209
0.09787935259398572854582601957
0.09787935259398572854582601957
0.09791078637462087402141352907
0.09791078637462087402141352907
0.09791078637462087402141352907
0.09722256723459360738677361337
0.09722256723459360738677361337
0.09793145987455532352119281176
0.09793145987455532352119281176
0.09793145987455532352119281176
0.09807557162055059834663535149
0.09807557162055059834663535149
0.09807557162055059834663535149
0.09766624154308502547175810664
0.09766624154308502547175810664
0.09812311308184210935834398277
0.09812311308184210935834398277
0.09812311308184210935834398277
0.09789946295101543961909137106
0.09789946295101543961909137106
0.09823675456070404416536975385
0.09823675456070404416536975385
0.09823675456070404416536975385
0.09803803457138897675477209251
0.09803803457138897675477209251
0.09781596749241942658885201435
0.09781596749241942658885201435
0.09781596749241942658885201435
0.09731495940464468205335892284
0.09731495940464468205335892284
0.09747731152821103481743112410
0.09747731152821103481743112410
0.09747731152821103481743112410
0.09703716009359573348330296923
0.09703716009359573348330296923
0.09703716009359573348330296923
0.09683204558602961994676966432
0.09683204558602961994676966432
0.09645046206292639278468663912
0.09645046206292639278468663912
0.09645046206292639278468663912
0.09699078942405263435728688357
0.09699078942405263435728688357
0.09730217825279146335903242088
0.09730217825279146335903242088
0.09730217825279146335903242088
0.09720410308759548971850121188
0.09720410308759548971850121188
0.09720410308759548971850121188
0.09755450866890360812585818874
0.09755450866890360812585818874
0.09745187760894719792769245701
0.09745187760894719792769245701
0.09745187760894719792769245701
0.09735220351940896132303023304
0.09735220351940896132303023304
0.09740423814271061263563649389
0.09740423814271061263563649389
0.09740423814271061263563649389
0.09747876537337212687098483100
0.09747876537337212687098483100
0.09761344153526809374796185810
0.09761344153526809374796185810
0.09761344153526809374796185810
0.09705436307168150422688271783
0.09705436307168150422688271783
0.09724747100248389361533396861
0.09724747100248389361533396861
0.09724747100248389361533396861
0.09727178437166511869417069585
0.09727178437166511869417069585
0.09727178437166511869417069585
0.09760200715363658389457585485
0.09760200715363658389457585485
0.09779832581601181071760325771
0.09779832581601181071760325771
0.09779832581601181071760325771
0.09773215667637934639928918873
0.09773215667637934639928918873
0.09781664335475772559741574986
0.09781664335475772559741574986
0.09781664335475772559741574986
0.09755660143476108641272117162
0.09755660143476108641272117162
0.09756306477269163695355335137
0.09756306477269163695355335137
0.09756306477269163695355335137
0.09775616397493088157733797836
0.09775616397493088157733797836
0.09775616397493088157733797836
