0.1090087575377504328600475739
0.1090087575377504328600475739
0.1054828265097520131302077442
0.1054828265097520131302077442
0.1054828265097520131302077442
0.1020790301376379546314148101
0.1020790301376379546314148101
0.1002224669816088614553402726
0.1002224669816088614553402726
0.1002224669816088614553402726
0.09679398988425958178605194241
0.09679398988425958178605194241
0.09557868899631463346590561992
0.09557868899631463346590561992
0.09557868899631463346590561992
0.09590655704658580991388453850
0.09590655704658580991388453850
0.09407726104523546051854557516
0.09407726104523546051854557516
0.09407726104523546051854557516
0.09497169209467260084664961036
0.09497169209467260084664961036
0.09497169209467260084664961036
0.09334546005577357552135967314
0.09334546005577357552135967314
0.09470066189291711475385602426
0.09470066189291711475385602426
0.09470066189291711475385602426
0.09691151736096580235829689394
0.09691151736096580235829689394
0.09818968999441370869000596676
0.09818968999441370869000596676
0.09818968999441370869000596676
0.09763473360705328629375412923
0.09763473360705328629375412923
0.09845619219176730275159209009
0.09845619219176730275159209009
0.09845619219176730275159209009
0.09825002982795269566752033387
0.09825002982795269566752033387
0.09694367250312967241778463696
0.09694367250312967241778463696
0.09694367250312967241778463696
0.09649377154532973648896179395
0.09649377154532973648896179395
0.09649377154532973648896179395
0.09692351183560841064936155060
0.09692351183560841064936155060
0.09669271932919477702503086237
0.09669271932919477702503086237
0.09669271932919477702503086237
0.09705779036853183297936989202
0.09705779036853183297936989202
0.09827513838443171925719713377
0.09827513838443171925719713377
0.09827513838443171925719713377
0.09921184291369613928301935622
0.09921184291369613928301935622
0.09921184291369613928301935622
0.1000192856529718267686126777
0.1000192856529718267686126777
0.09980473841582117930325276153
0.09980473841582117930325276153
0.09980473841582117930325276153
0.09938789437751816593995893667
0.09938789437751816593995893667
0.09911905862228576631038180444
0.09911905862228576631038180444
0.09911905862228576631038180444
0.09936171091204786848301189882
0.09936171091204786848301189882
0.09953703124843232265441156538
0.09953703124843232265441156538
0.09953703124843232265441156538
0.09913538221960421044845194515
0.09913538221960421044845194515
0.09918862191714826046304776751
0.09918862191714826046304776751
0.09918862191714826046304776751
0.09928604824259531418676513087
0.09928604824259531418676513087
0.09928604824259531418676513087
0.09936296645801429169018766605
0.09936296645801429169018766605
0.09839395916872801225260194835
0.09839395916872801225260194835
0.09839395916872801225260194835
0.09767652560896569508340649625
0.09767652560896569508340649625
0.09724762886836534635133109327
0.09724762886836534635133109327
0.09724762886836534635133109327
0.09715401366637948682258937889
0.09715401366637948682258937889
0.09733389498074889055101489307
0.09733389498074889055101489307
0.09733389498074889055101489307
0.09752106600911617790384341200
0.09752106600911617790384341200
0.09752106600911617790384341200
0.09759480825354751749223810204
0.09759480825354751749223810204
0.09844976139540574299886440379
0.09844976139540574299886440379
0.09844976139540574299886440379
0.09833779741796703482365229320
0.09833779741796703482365229320
0.09816512667154906911116824474
0.09816512667154906911116824474
0.09816512667154906911116824474
0.09763330103352418360891874323
0.09763330103352418360891874323
0.09808057049105929291739370124
0.09808057049105929291739370124
0.09808057049105929291739370124
0.09859990823906950444421298610
0.09859990823906950444421298610
0.09903145260820223349970055000
0.09903145260820223349970055000
0.09903145260820223349970055000
0.09925695243471685831428643954
0.09925695243471685831428643954
0.09925695243471685831428643954
0.09914317662095903842389097108
0.09914317662095903842389097108
0.09926883353294812375864633267
0.09926883353294812375864633267
0.09926883353294812375864633267
0.09906294900557904272559693829
0.09906294900557904272559693829
0.09980922497176690779896314629
0.09980922497176690779896314629
0.09980922497176690779896314629
0.1000253356054003024731083146
0.1000253356054003024731083146
0.09991323220283750329015262060
0.09991323220283750329015262060
0.09991323220283750329015262060
0.09979058312741870852287761063
0.09979058312741870852287761063
0.09988749102543024290929217323
0.09988749102543024290929217323
0.09988749102543024290929217323
0.09938831797962548689468818367
0.09938831797962548689468818367
0.09938831797962548689468818367
0.09913568040069169063517886814
0.09913568040069169063517886814
0.09948611658728942601516440582
0.09948611658728942601516440582
0.09948611658728942601516440582
0.09986356904694825941790470433
0.09986356904694825941790470433
0.09995574690104461146812619037
0.09995574690104461146812619037
0.09995574690104461146812619037
0.09975528162527995676081311873
0.09975528162527995676081311873
0.09975528162527995676081311873
0.09966301270682047823201847052
0.09966301270682047823201847052
0.09987996137815008191157092086
0.09987996137815008191157092086
0.09987996137815008191157092086
0.09925847576629021629893115073
0.09925847576629021629893115073
0.09884976863882270158147453822
0.09884976863882270158147453822
0.09884976863882270158147453822
0.09869063917034897004378785430
0.09869063917034897004378785430
0.09865676343078562524374121210
0.09865676343078562524374121210
0.09865676343078562524374121210
0.09847890828476097231406632098
0.09847890828476097231406632098
0.09863836418647489929356597833
0.09863836418647489929356597833
0.09863836418647489929356597833
0.09835668353293088303232946802
0.09835668353293088303232946802
0.09835668353293088303232946802
0.09867127657929986013351632549
0.09867127657929986013351632549
0.09899981836469382618200129471
0.09899981836469382618200129471
0.09899981836469382618200129471
0.09870284881498763462815893260
0.09870284881498763462815893260
0.09822695049155474324208355666
0.09822695049155474324208355666
0.09822695049155474324208355666
0.09808023775724417240781365410
0.09808023775724417240781365410
0.09835376044245967044131685032
0.09835376044245967044131685032
0.09835376044245967044131685032
0.09803576382693928730566202720
0.09803576382693928730566202720
0.09803576382693928730566202720
