0.1190790741701488421363820337
0.1190790741701488421363820337
0.09496170435775713024061657606
0.09496170435775713024061657606
0.09496170435775713024061657606
0.1022985482161524745399051206
0.1022985482161524745399051206
0.09635330686472978935618588362
0.09635330686472978935618588362
0.09635330686472978935618588362
0.09284666828148772269420235403
0.09284666828148772269420235403
0.09268147989602166480978660114
0.09268147989602166480978660114
0.09268147989602166480978660114
0.09225408723196234208291727771
0.09225408723196234208291727771
0.09286472311216211751532398077
0.09286472311216211751532398077
0.09286472311216211751532398077
0.09201513501126969498664436948
0.09201513501126969498664436948
0.09201513501126969498664436948
0.09372191999278733390228385085
0.09372191999278733390228385085
0.09414059175511856778466599145
0.09414059175511856778466599145
0.09414059175511856778466599145
0.09247960031002233474201354877
0.09247960031002233474201354877
0.09129071375877711341170047764
0.09129071375877711341170047764
0.09129071375877711341170047764
0.08950799263429063049825447378
0.08950799263429063049825447378
0.08879030278625007139388967802
0.08879030278625007139388967802
0.08879030278625007139388967802
0.08997669149699049455805668050
0.08997669149699049455805668050
0.09026784238445378635193581341
0.09026784238445378635193581341
0.09026784238445378635193581341
0.08936752441767665957974439708
0.08936752441767665957974439708
0.08936752441767665957974439708
0.08892530348770873962158595138
0.08892530348770873962158595138
0.08872434009272667398346629226
0.08872434009272667398346629226
0.08872434009272667398346629226
0.09073540239272752320782075093
0.09073540239272752320782075093
0.09064581148177844267224430750
0.09064581148177844267224430750
0.09064581148177844267224430750
0.09108347826653815756792104510
0.09108347826653815756792104510
0.09108347826653815756792104510
0.09129635298188407513660924618
0.09129635298188407513660924618
0.09116692639395296037977397639
0.09116692639395296037977397639
0.09116692639395296037977397639
0.09088103194151266513676319280
0.09088103194151266513676319280
0.09106543638267854670583566719
0.09106543638267854670583566719
0.09106543638267854670583566719
0.09127741834065548928070856611
0.09127741834065548928070856611
0.09103032610709064222618689053
0.09103032610709064222618689053
0.09103032610709064222618689053
0.09106103489884358451021633858
0.09106103489884358451021633858
0.09146297465953623734522471363
0.09146297465953623734522471363
0.09146297465953623734522471363
0.09197339699438147640884696994
0.09197339699438147640884696994
0.09197339699438147640884696994
0.09215429001433929109661804042
0.09215429001433929109661804042
0.09210342657351795495690171881
0.09210342657351795495690171881
0.09210342657351795495690171881
0.09234003812398149162428616897
0.09234003812398149162428616897
0.09245779859541439195583944914
0.09245779859541439195583944914
0.09245779859541439195583944914
0.09312966991386685402609537826
0.09312966991386685402609537826
0.09270459999330732365938156098
0.09270459999330732365938156098
0.09270459999330732365938156098
0.09282946354490534035861499996
0.09282946354490534035861499996
0.09282946354490534035861499996
0.09258132542813941956340421108
0.09258132542813941956340421108
0.09320376490511337654059263393
0.09320376490511337654059263393
0.09320376490511337654059263393
0.09293428596913498348890225088
0.09293428596913498348890225088
0.09376834743154930496744892454
0.09376834743154930496744892454
0.09376834743154930496744892454
0.09424638110588425302304955881
0.09424638110588425302304955881
0.09428031643506050722079676874
0.09428031643506050722079676874
0.09428031643506050722079676874
0.09432684452838003747566713459
0.09432684452838003747566713459
0.09446752562257695640532259221
0.09446752562257695640532259221
0.09446752562257695640532259221
0.09470700665723167470018295798
0.09470700665723167470018295798
0.09470700665723167470018295798
0.09491293606107914459281020242
0.09491293606107914459281020242
0.09457826812068619069048582395
0.09457826812068619069048582395
0.09457826812068619069048582395
0.09452596397164421075804365170
0.09452596397164421075804365170
0.09445760190970918182217579371
0.09445760190970918182217579371
0.09445760190970918182217579371
0.09415956842057263808404056326
0.09415956842057263808404056326
0.09429216765393054857381721623
0.09429216765393054857381721623
0.09429216765393054857381721623
0.09403291126225083911602903027
0.09403291126225083911602903027
0.09390842281504180719270899216
0.09390842281504180719270899216
0.09390842281504180719270899216
0.09372931212021757229934477744
0.09372931212021757229934477744
0.09372931212021757229934477744
0.09362801236039950388446852195
0.09362801236039950388446852195
0.09327046473436233440620566557
0.09327046473436233440620566557
0.09327046473436233440620566557
0.09310355924365361019159576639
0.09310355924365361019159576639
0.09295321240395890521647587834
0.09295321240395890521647587834
0.09295321240395890521647587834
0.09310071970403484295203353669
0.09310071970403484295203353669
0.09310071970403484295203353669
0.09316179808994430778743480061
0.09316179808994430778743480061
0.09297919916502334882054858507
0.09297919916502334882054858507
0.09297919916502334882054858507
0.09288260738338585112176344892
0.09288260738338585112176344892
0.09291891111203512929774362566
0.09291891111203512929774362566
0.09291891111203512929774362566
0.09310661526836100764256301853
0.09310661526836100764256301853
0.09362353813451282867948950679
0.09362353813451282867948950679
0.09362353813451282867948950679
0.09370319451497679915220533415
0.09370319451497679915220533415
0.09371364080861997911779525910
0.09371364080861997911779525910
0.09371364080861997911779525910
0.09369058549070363722327701210
0.09369058549070363722327701210
0.09369058549070363722327701210
0.09381490551764215335788847944
0.09381490551764215335788847944
0.09384575486449004943847264087
0.09384575486449004943847264087
0.09384575486449004943847264087
0.09352299516877406829796581744
0.09352299516877406829796581744
0.09351938355296757785625023834
0.09351938355296757785625023834
0.09351938355296757785625023834
0.09375231804923488588506349482
0.09375231804923488588506349482
0.09383092606079285123477721318
0.09383092606079285123477721318
0.09383092606079285123477721318
0.09380195530753862740599102958
0.09380195530753862740599102958
0.09380195530753862740599102958
