0.002234358419374727813746689968
0.002234358419374727813746689968
0.002845633354003581143481284305
0.002845633354003581143481284305
0.002845633354003581143481284305
0.003212928793538366475291473653
0.003212928793538366475291473653
0.003353356924762901328304438990
0.003353356924762901328304438990
0.003353356924762901328304438990
0.003408943194960833041076293718
0.003408943194960833041076293718
0.003318084565941424747363078981
0.003318084565941424747363078981
0.003318084565941424747363078981
0.003464857655082608582214268834
0.003464857655082608582214268834
0.003366329228531908026115829040
0.003366329228531908026115829040
0.003366329228531908026115829040
0.003485364702358201699433974483
0.003485364702358201699433974483
0.003485364702358201699433974483
0.003588026458825856294852869877
0.003588026458825856294852869877
0.003503502972360093215523484446
0.003503502972360093215523484446
0.003503502972360093215523484446
0.003484069036104715833151976289
0.003484069036104715833151976289
0.003628460038656828263373940081
0.003628460038656828263373940081
0.003628460038656828263373940081
0.003604129696785318247183737180
0.003604129696785318247183737180
0.003624065620006911291078189564
0.003624065620006911291078189564
0.003624065620006911291078189564
0.003604005244722918490135662405
0.003604005244722918490135662405
0.003589507559055903152904397854
0.003589507559055903152904397854
0.003589507559055903152904397854
0.003510966569466509150239906648
0.003510966569466509150239906648
0.003510966569466509150239906648
0.003568375931523340408712763842
0.003568375931523340408712763842
0.003629277517723587033949970364
0.003629277517723587033949970364
0.003629277517723587033949970364
0.003636614513516357856404899924
0.003636614513516357856404899924
0.003691447622902987619023437798
0.003691447622902987619023437798
0.003691447622902987619023437798
0.003644721709758257890883376641
0.003644721709758257890883376641
0.003644721709758257890883376641
0.003630906538564527628129877100
0.003630906538564527628129877100
0.003714492869833211247649462050
0.003714492869833211247649462050
0.003714492869833211247649462050
0.003759463084942141653455631629
0.003759463084942141653455631629
0.003764158903666530395644735234
0.003764158903666530395644735234
0.003764158903666530395644735234
0.003768636178950880476475163764
0.003768636178950880476475163764
0.003703612610051238155665761363
0.003703612610051238155665761363
0.003703612610051238155665761363
0.003727491645943147860702245552
0.003727491645943147860702245552
0.003753477513230189220570405272
0.003753477513230189220570405272
0.003753477513230189220570405272
0.003661641449226444294018609621
0.003661641449226444294018609621
0.003661641449226444294018609621
0.003641022465584422987612305020
0.003641022465584422987612305020
0.003645740311071198707644416366
0.003645740311071198707644416366
0.003645740311071198707644416366
0.003670600767670201648110796834
0.003670600767670201648110796834
0.003673016312854652452155751244
0.003673016312854652452155751244
0.003673016312854652452155751244
0.003678545613787573205547546844
0.003678545613787573205547546844
0.003652065759976526742768484161
0.003652065759976526742768484161
0.003652065759976526742768484161
0.003637602720714469150404718855
0.003637602720714469150404718855
0.003637602720714469150404718855
0.003673575444803308456872511652
0.003673575444803308456872511652
0.003674233906468889416293296619
0.003674233906468889416293296619
0.003674233906468889416293296619
0.003642585786547329323557571547
0.003642585786547329323557571547
0.003634178600540235124024494277
0.003634178600540235124024494277
0.003634178600540235124024494277
0.003651930803634654439582788714
0.003651930803634654439582788714
0.003630993451356999697767809627
0.003630993451356999697767809627
0.003630993451356999697767809627
0.003633006268535282085755779589
0.003633006268535282085755779589
0.003666682497652959852146320674
0.003666682497652959852146320674
0.003666682497652959852146320674
0.003681700369202694989567633909
0.003681700369202694989567633909
0.003681700369202694989567633909
0.003716631332777507088178738448
0.003716631332777507088178738448
0.003728338362311497234321246732
0.003728338362311497234321246732
0.003728338362311497234321246732
0.003721105193271211884465555667
0.003721105193271211884465555667
0.003721031170588718937761275681
0.003721031170588718937761275681
0.003721031170588718937761275681
0.003702938939629394550733907538
0.003702938939629394550733907538
0.003712705595038839459670655230
0.003712705595038839459670655230
0.003712705595038839459670655230
0.003681640880434915556720910201
0.003681640880434915556720910201
0.003688742291910550333742172857
0.003688742291910550333742172857
0.003688742291910550333742172857
0.003690433341198317084606068913
0.003690433341198317084606068913
0.003690433341198317084606068913
0.003707095157007193078104532768
0.003707095157007193078104532768
0.003709154375629483451757052869
0.003709154375629483451757052869
0.003709154375629483451757052869
0.003689543072812484807251499006
0.003689543072812484807251499006
0.003713776851612859346341620678
0.003713776851612859346341620678
0.003713776851612859346341620678
0.003705857012774153008718161384
0.003705857012774153008718161384
0.003705857012774153008718161384
0.003709242089593590039053266231
0.003709242089593590039053266231
0.003714431675217201058097411605
0.003714431675217201058097411605
0.003714431675217201058097411605
0.003715342476770299271146050195
0.003715342476770299271146050195
0.003711000974489087797616614944
0.003711000974489087797616614944
0.003711000974489087797616614944
0.003700231220975379367988091214
0.003700231220975379367988091214
0.003713803705523617159004102296
0.003713803705523617159004102296
0.003713803705523617159004102296
0.003717717430399861838696515552
0.003717717430399861838696515552
0.003722672510515301961979985776
0.003722672510515301961979985776
0.003722672510515301961979985776
0.003715013309937258393328629004
0.003715013309937258393328629004
0.003715013309937258393328629004
0.003737482073005612932614219486
0.003737482073005612932614219486
0.003726380913693760957440161266
0.003726380913693760957440161266
0.003726380913693760957440161266
0.003717114584583495790419844521
0.003717114584583495790419844521
0.003709317534349278666273512710
0.003709317534349278666273512710
0.003709317534349278666273512710
0.003710011308954033590436671557
0.003710011308954033590436671557
0.003710375912461530681174880914
0.003710375912461530681174880914
0.003710375912461530681174880914
0.003734429966593429439835399235
0.003734429966593429439835399235
0.003734429966593429439835399235
0.003724059200763687101337451851
0.003724059200763687101337451851
0.003719512149723194229619087310
0.003719512149723194229619087310
0.003719512149723194229619087310
0.003709560483816490100292771923
0.003709560483816490100292771923
0.003727173456823566544029335923
0.003727173456823566544029335923
0.003727173456823566544029335923
0.003740791487548917500785592958
0.003740791487548917500785592958
0.003736240175630811317137074428
0.003736240175630811317137074428
0.003736240175630811317137074428
0.003747183219858859263301784074
0.003747183219858859263301784074
0.003776798963617965362504732826
0.003776798963617965362504732826
0.003776798963617965362504732826
0.003785511407556932567510496210
0.003785511407556932567510496210
0.003785511407556932567510496210
0.003796643433020523472524517275
0.003796643433020523472524517275
0.003801561329034814785776513603
0.003801561329034814785776513603
0.003801561329034814785776513603
0.003793025371770560634940650274
0.003793025371770560634940650274
0.003792114730842855566246699450
0.003792114730842855566246699450
0.003792114730842855566246699450
0.003779471424099467295419219122
0.003779471424099467295419219122
0.003780702726903946373593952871
0.003780702726903946373593952871
0.003780702726903946373593952871
0.003767198883751885399294907689
0.003767198883751885399294907689
0.003758213476753646920633705593
0.003758213476753646920633705593
0.003758213476753646920633705593
0.003747698737269621108526894935
0.003747698737269621108526894935
0.003747698737269621108526894935
0.003752411521081323946925093248
0.003752411521081323946925093248
0.003745288705247493914204923239
0.003745288705247493914204923239
0.003745288705247493914204923239
0.003758140052180545237651541603
0.003758140052180545237651541603
0.003744156467034391491728660275
0.003744156467034391491728660275
0.003744156467034391491728660275
0.003745861014545587883649058543
0.003745861014545587883649058543
0.003745861014545587883649058543
0.003750181527137330713417996587
0.003750181527137330713417996587
0.003761734549266609225511401450
0.003761734549266609225511401450
0.003761734549266609225511401450
0.003758441957953797282427612163
0.003758441957953797282427612163
0.003761516923946606910617656050
0.003761516923946606910617656050
0.003761516923946606910617656050
0.003774560330297145045448331205
0.003774560330297145045448331205
0.003773034065958516125583929860
0.003773034065958516125583929860
0.003773034065958516125583929860
0.003790081973530334613457775150
0.003790081973530334613457775150
0.003790998270785167729395557814
0.003790998270785167729395557814
0.003790998270785167729395557814
0.003789491414039766919563147536
0.003789491414039766919563147536
0.003789491414039766919563147536
0.003789786777241948473961547902
0.003789786777241948473961547902
0.003790887993250764021719871705
0.003790887993250764021719871705
0.003790887993250764021719871705
0.003786185392770535730363580013
0.003786185392770535730363580013
0.003774661232086207629071641694
0.003774661232086207629071641694
0.003774661232086207629071641694
0.003775522787673856139666982646
0.003775522787673856139666982646
0.003781261304479627407579471407
0.003781261304479627407579471407
0.003781261304479627407579471407
0.003763619872263594767349919120
0.003763619872263594767349919120
0.003763619872263594767349919120
