0.004439532808166197861460480903
0.004439532808166197861460480903
0.003535683164720996476686836908
0.003535683164720996476686836908
0.003535683164720996476686836908
0.003654774135706146978234636234
0.003654774135706146978234636234
0.003747502222508231295546225064
0.003747502222508231295546225064
0.003747502222508231295546225064
0.003591967083271399521825890188
0.003591967083271399521825890188
0.003505191837959037397324867424
0.003505191837959037397324867424
0.003505191837959037397324867424
0.003490334637680784510089197858
0.003490334637680784510089197858
0.003478381020092766698818893891
0.003478381020092766698818893891
0.003478381020092766698818893891
0.003373617151122713791891889311
0.003373617151122713791891889311
0.003373617151122713791891889311
0.003414158603938579788187740965
0.003414158603938579788187740965
0.003319897791753147652717123405
0.003319897791753147652717123405
0.003319897791753147652717123405
0.003398965174307599943163183725
0.003398965174307599943163183725
0.003485083459892972416296618584
0.003485083459892972416296618584
0.003485083459892972416296618584
0.003398005344831648065210975849
0.003398005344831648065210975849
0.003380892114218161177912437365
0.003380892114218161177912437365
0.003380892114218161177912437365
0.003396726563303463733561718734
0.003396726563303463733561718734
0.003341561572012306677561623612
0.003341561572012306677561623612
0.003341561572012306677561623612
0.003347222628557977672439441983
0.003347222628557977672439441983
0.003347222628557977672439441983
0.003402270939168634509751386252
0.003402270939168634509751386252
0.003491072887388233257509915000
0.003491072887388233257509915000
0.003491072887388233257509915000
0.003541044527562689924062560995
0.003541044527562689924062560995
0.003587469133352009429403260925
0.003587469133352009429403260925
0.003587469133352009429403260925
0.003646780971252413375787645971
0.003646780971252413375787645971
0.003646780971252413375787645971
0.003627022943293602525045599401
0.003627022943293602525045599401
0.003612982595957196396260144051
0.003612982595957196396260144051
0.003612982595957196396260144051
0.003630654343461366186953581933
0.003630654343461366186953581933
0.003610033943401524422863341264
0.003610033943401524422863341264
0.003610033943401524422863341264
0.003586929240526540529101647642
0.003586929240526540529101647642
0.003686332369451220243761749709
0.003686332369451220243761749709
0.003686332369451220243761749709
0.003708732290604465202256083254
0.003708732290604465202256083254
0.003726439069745964349386474591
0.003726439069745964349386474591
0.003726439069745964349386474591
0.003724517023865524186045397888
0.003724517023865524186045397888
0.003724517023865524186045397888
0.003768631717430386391932068663
0.003768631717430386391932068663
0.003769840947075656526992981849
0.003769840947075656526992981849
0.003769840947075656526992981849
0.003768138614561562120948648045
0.003768138614561562120948648045
0.003817331512576720368239534553
0.003817331512576720368239534553
0.003817331512576720368239534553
0.003803060515896851196539772757
0.003803060515896851196539772757
0.003756830773906125169713892541
0.003756830773906125169713892541
0.003756830773906125169713892541
0.003739885090271403912814473381
0.003739885090271403912814473381
0.003739885090271403912814473381
0.003749694533563895256451811565
0.003749694533563895256451811565
0.003747413341220426579888685905
0.003747413341220426579888685905
0.003747413341220426579888685905
0.003734875296149569491793609681
0.003734875296149569491793609681
0.003723342125413625367187593509
0.003723342125413625367187593509
0.003723342125413625367187593509
0.003716894134170815807839061353
0.003716894134170815807839061353
0.003711777122415649431725153679
0.003711777122415649431725153679
0.003711777122415649431725153679
0.003743970016535036516674579861
0.003743970016535036516674579861
0.003752741448676427014900064693
0.003752741448676427014900064693
0.003752741448676427014900064693
0.003753156970770208473698561378
0.003753156970770208473698561378
0.003753156970770208473698561378
0.003719288111365721625674273244
0.003719288111365721625674273244
0.003787872552490527245645736693
0.003787872552490527245645736693
0.003787872552490527245645736693
0.003776228542487947458081817728
0.003776228542487947458081817728
0.003790422400242877237841791259
0.003790422400242877237841791259
0.003790422400242877237841791259
0.003795297384609760569283667436
0.003795297384609760569283667436
0.003802351635143895980537095144
0.003802351635143895980537095144
0.003802351635143895980537095144
0.003777372396793104965920670971
0.003777372396793104965920670971
0.003768185076482347464118826441
0.003768185076482347464118826441
0.003768185076482347464118826441
0.003768500659398897143113696972
0.003768500659398897143113696972
0.003768500659398897143113696972
0.003755930648856123610174870313
0.003755930648856123610174870313
0.003774351934854972530933481314
0.003774351934854972530933481314
0.003774351934854972530933481314
0.003781534780982445012707657549
0.003781534780982445012707657549
0.003776396109878524086168787626
0.003776396109878524086168787626
0.003776396109878524086168787626
0.003774374375688434806649407883
0.003774374375688434806649407883
0.003774374375688434806649407883
0.003740410355057933289862333557
0.003740410355057933289862333557
0.003730912794601744651829371798
0.003730912794601744651829371798
0.003730912794601744651829371798
0.003727667844910212610361272885
0.003727667844910212610361272885
0.003724501471018988073219032757
0.003724501471018988073219032757
0.003724501471018988073219032757
0.003763185158170264013685517503
0.003763185158170264013685517503
0.003735382342772702794185687364
0.003735382342772702794185687364
0.003735382342772702794185687364
0.003733357928684993613006252261
0.003733357928684993613006252261
0.003743061274887642016346642903
0.003743061274887642016346642903
0.003743061274887642016346642903
0.003767350541740403979482168473
0.003767350541740403979482168473
0.003767350541740403979482168473
0.003790724063769621158272008925
0.003790724063769621158272008925
0.003793886572477351711996166382
0.003793886572477351711996166382
0.003793886572477351711996166382
0.003794640317243115698815554150
0.003794640317243115698815554150
0.003780433045255094299987740481
0.003780433045255094299987740481
0.003780433045255094299987740481
0.003784375283799533115277580693
0.003784375283799533115277580693
0.003784705751742657307462757563
0.003784705751742657307462757563
0.003784705751742657307462757563
0.003772667358839040925401328124
0.003772667358839040925401328124
0.003772667358839040925401328124
0.003780179346547172063671451460
0.003780179346547172063671451460
0.003779419701004104287945503605
0.003779419701004104287945503605
0.003779419701004104287945503605
0.003776019608148664199464562723
0.003776019608148664199464562723
0.003756046116898535862283836333
0.003756046116898535862283836333
0.003756046116898535862283836333
0.003750117948706573161951540064
0.003750117948706573161951540064
0.003749524635643764899362891471
0.003749524635643764899362891471
0.003749524635643764899362891471
0.003738503654199042122693121517
0.003738503654199042122693121517
0.003734834276039387829814408492
0.003734834276039387829814408492
0.003734834276039387829814408492
0.003732880924693896452831458437
0.003732880924693896452831458437
0.003732880924693896452831458437
0.003728663482385860307897795848
0.003728663482385860307897795848
0.003730218228175399489096036771
0.003730218228175399489096036771
0.003730218228175399489096036771
0.003718740345969352613954960457
0.003718740345969352613954960457
0.003711416128453892732557433417
0.003711416128453892732557433417
0.003711416128453892732557433417
0.003718788073922742845537081380
0.003718788073922742845537081380
0.003729052042101994919000251260
0.003729052042101994919000251260
0.003729052042101994919000251260
0.003720773972003144011061219763
0.003720773972003144011061219763
0.003725242897543247764936514469
0.003725242897543247764936514469
0.003725242897543247764936514469
0.003728160013001102440690896277
0.003728160013001102440690896277
0.003728160013001102440690896277
0.003727398397154322971297887642
0.003727398397154322971297887642
0.003724342123002634835548859698
0.003724342123002634835548859698
0.003724342123002634835548859698
0.003712071555584607418307876984
0.003712071555584607418307876984
0.003717346032333324313231398211
0.003717346032333324313231398211
0.003717346032333324313231398211
0.003736688939482944104573389228
0.003736688939482944104573389228
0.003736688939482944104573389228
0.003728439749307112564494086268
0.003728439749307112564494086268
0.003732179189866825420616952760
0.003732179189866825420616952760
0.003732179189866825420616952760
0.003722264576779114422862069703
0.003722264576779114422862069703
0.003711809367408213875184386495
0.003711809367408213875184386495
0.003711809367408213875184386495
0.003719695127893516971688846430
0.003719695127893516971688846430
0.003717910352931453749824376047
0.003717910352931453749824376047
0.003717910352931453749824376047
0.003709576544196402466279174482
0.003709576544196402466279174482
0.003702727585671685391783236286
0.003702727585671685391783236286
0.003702727585671685391783236286
0.003698386439095076309511450972
0.003698386439095076309511450972
0.003698386439095076309511450972
0.003695565709535027805906288082
0.003695565709535027805906288082
0.003697077257061182649829583995
0.003697077257061182649829583995
0.003697077257061182649829583995
0.003689004147396517261245351563
0.003689004147396517261245351563
0.003690711747705993288657213730
0.003690711747705993288657213730
0.003690711747705993288657213730
0.003698122636228137890674504641
0.003698122636228137890674504641
0.003709823762000381214542503581
0.003709823762000381214542503581
0.003709823762000381214542503581
0.003704509117079053330431999865
0.003704509117079053330431999865
0.003704509117079053330431999865
