0.003446168127328100067349125507
0.003446168127328100067349125507
0.003123951049908634165762667909
0.003123951049908634165762667909
0.003123951049908634165762667909
0.003351897313401754143838249324
0.003351897313401754143838249324
0.003550286777672782507796920781
0.003550286777672782507796920781
0.003550286777672782507796920781
0.003957386415605266421058194677
0.003957386415605266421058194677
0.004502633217826705461517480329
0.004502633217826705461517480329
0.004502633217826705461517480329
0.004747925886536783953722417930
0.004747925886536783953722417930
0.004572790475869679851506232990
0.004572790475869679851506232990
0.004572790475869679851506232990
0.004503746640866863171015534152
0.004503746640866863171015534152
0.004503746640866863171015534152
0.004330080357780988068218267601
0.004330080357780988068218267601
0.004301938545619727586007237042
0.004301938545619727586007237042
0.004301938545619727586007237042
0.004223810374864399773478760107
0.004223810374864399773478760107
0.004205663630762649180035137646
0.004205663630762649180035137646
0.004205663630762649180035137646
0.004108467202369781551938641709
0.004108467202369781551938641709
0.004153759777607478166078522762
0.004153759777607478166078522762
0.004153759777607478166078522762
0.004205221173623195453733527910
0.004205221173623195453733527910
0.004146902001773516071745183854
0.004146902001773516071745183854
0.004146902001773516071745183854
0.004126983365638169948325337735
0.004126983365638169948325337735
0.004126983365638169948325337735
0.004138595064656745797018189931
0.004138595064656745797018189931
0.004151903509095033575521775761
0.004151903509095033575521775761
0.004151903509095033575521775761
0.004119605471748112754337706005
0.004119605471748112754337706005
0.004008438879949744043592788875
0.004008438879949744043592788875
0.004008438879949744043592788875
0.003961558611686258394071322480
0.003961558611686258394071322480
0.003961558611686258394071322480
0.004049847146646857457068322888
0.004049847146646857457068322888
0.004003735376997624550686502060
0.004003735376997624550686502060
0.004003735376997624550686502060
0.003951174802185480728948484885
0.003951174802185480728948484885
0.003966031732061321167633529401
0.003966031732061321167633529401
0.003966031732061321167633529401
0.003977373184139997840987069373
0.003977373184139997840987069373
0.003969761533897857349832358987
0.003969761533897857349832358987
0.003969761533897857349832358987
0.003938870255927832482630477505
0.003938870255927832482630477505
0.003973082745991166448408138061
0.003973082745991166448408138061
0.003973082745991166448408138061
0.003959281550481946871082172652
0.003959281550481946871082172652
0.003959281550481946871082172652
0.003995099734073801762509158391
0.003995099734073801762509158391
0.004017246357733280458716433194
0.004017246357733280458716433194
0.004017246357733280458716433194
0.003978085263085374508268784739
0.003978085263085374508268784739
0.003987541519222591081095888143
0.003987541519222591081095888143
0.003987541519222591081095888143
0.003942634918429860078735661997
0.003942634918429860078735661997
0.003934050538020718730322988108
0.003934050538020718730322988108
0.003934050538020718730322988108
0.003942524113529691857517870972
0.003942524113529691857517870972
0.003942524113529691857517870972
0.003923667549651606756881963987
0.003923667549651606756881963987
0.003902076077771960240380803516
0.003902076077771960240380803516
0.003902076077771960240380803516
0.003891663649772793053027675593
0.003891663649772793053027675593
0.003865768027130112988030137316
0.003865768027130112988030137316
0.003865768027130112988030137316
0.003900832151412641778126081464
0.003900832151412641778126081464
0.003878936500370526855716754270
0.003878936500370526855716754270
0.003878936500370526855716754270
0.003860451179139275464896831018
0.003860451179139275464896831018
0.003859191346635524383189898934
0.003859191346635524383189898934
0.003859191346635524383189898934
0.003840450527291000445789579745
0.003840450527291000445789579745
0.003840450527291000445789579745
0.003798539131856022915555046272
0.003798539131856022915555046272
0.003794157336975985162608065345
0.003794157336975985162608065345
0.003794157336975985162608065345
0.003798149144601451707403331369
0.003798149144601451707403331369
0.003807007575821930131130839442
0.003807007575821930131130839442
0.003807007575821930131130839442
0.003827944920082141048046401420
0.003827944920082141048046401420
0.003810496672641074930684327449
0.003810496672641074930684327449
0.003810496672641074930684327449
0.003802794764334368245505036939
0.003802794764334368245505036939
0.003823927313804877933279433068
0.003823927313804877933279433068
0.003823927313804877933279433068
0.003850500861541405703977733075
0.003850500861541405703977733075
0.003850500861541405703977733075
0.003833776044522472877764860694
0.003833776044522472877764860694
0.003853868347224169408844704336
0.003853868347224169408844704336
0.003853868347224169408844704336
0.003839628218250462313118328831
0.003839628218250462313118328831
0.003829170921556915264444094871
0.003829170921556915264444094871
0.003829170921556915264444094871
0.003836890399129354921098764012
0.003836890399129354921098764012
0.003836890399129354921098764012
0.003817869722383327325202682723
0.003817869722383327325202682723
0.003814890756796143750747441853
0.003814890756796143750747441853
0.003814890756796143750747441853
0.003805481208079237812829998485
0.003805481208079237812829998485
0.003797777504548961987481482590
0.003797777504548961987481482590
0.003797777504548961987481482590
0.003790089303038021726606302629
0.003790089303038021726606302629
0.003792662117836584464246593173
0.003792662117836584464246593173
0.003792662117836584464246593173
0.003781753227946504402065487162
0.003781753227946504402065487162
0.003782125391055903284231425166
0.003782125391055903284231425166
0.003782125391055903284231425166
0.003802608740051408426323518346
0.003802608740051408426323518346
0.003802608740051408426323518346
0.003794432552547807899038660521
0.003794432552547807899038660521
0.003791472147416638544074084247
0.003791472147416638544074084247
0.003791472147416638544074084247
0.003803377458334690886318863293
0.003803377458334690886318863293
0.003791120019909494496140597621
0.003791120019909494496140597621
0.003791120019909494496140597621
0.003800026170122420967381581291
0.003800026170122420967381581291
0.003785212215204522578838027076
0.003785212215204522578838027076
0.003785212215204522578838027076
0.003786176190574132049141064467
0.003786176190574132049141064467
0.003786176190574132049141064467
0.003796702593014322037752922658
0.003796702593014322037752922658
0.003792244852267978885893989576
0.003792244852267978885893989576
0.003792244852267978885893989576
0.003820122092652757549955542038
0.003820122092652757549955542038
0.003828524529842376924646648986
0.003828524529842376924646648986
0.003828524529842376924646648986
0.003812311021883535535047754947
0.003812311021883535535047754947
0.003821791987066961698914803614
0.003821791987066961698914803614
0.003821791987066961698914803614
0.003853015931414816341034541667
0.003853015931414816341034541667
0.003839252343653675007927336447
0.003839252343653675007927336447
0.003839252343653675007927336447
0.003842344676600358521841290734
0.003842344676600358521841290734
0.003842344676600358521841290734
0.003839025469860436514486233122
0.003839025469860436514486233122
0.003842512744841051590938560188
0.003842512744841051590938560188
0.003842512744841051590938560188
0.003845018394053214974825150720
0.003845018394053214974825150720
0.003835357954339233859452821917
0.003835357954339233859452821917
0.003835357954339233859452821917
0.003833234797335759058190743850
0.003833234797335759058190743850
0.003821813743233902659657095288
0.003821813743233902659657095288
0.003821813743233902659657095288
0.003826533757696649914227660907
0.003826533757696649914227660907
0.003828822421713533154964996421
0.003828822421713533154964996421
0.003828822421713533154964996421
0.003814691604750803964729788373
0.003814691604750803964729788373
0.003814691604750803964729788373
0.003802312658852762854517734192
0.003802312658852762854517734192
0.003790867445263054171703092706
0.003790867445263054171703092706
0.003790867445263054171703092706
0.003804337655728087728735059636
0.003804337655728087728735059636
0.003815237483553553438677820000
0.003815237483553553438677820000
0.003815237483553553438677820000
0.003813251467941094389015856371
0.003813251467941094389015856371
0.003813251467941094389015856371
0.003813687721404903191738755807
0.003813687721404903191738755807
0.003821501219515207799154080951
0.003821501219515207799154080951
0.003821501219515207799154080951
0.003805115778402585498697112640
0.003805115778402585498697112640
0.003816388680639550124324627320
0.003816388680639550124324627320
0.003816388680639550124324627320
0.003808555078193596842870180379
0.003808555078193596842870180379
0.003826242782283235104635756617
0.003826242782283235104635756617
0.003826242782283235104635756617
0.003830639505518042243274143885
0.003830639505518042243274143885
0.003823359021060009901076848613
0.003823359021060009901076848613
0.003823359021060009901076848613
0.003815733865034051509474694014
0.003815733865034051509474694014
0.003815733865034051509474694014
0.003819977669951113390868088976
0.003819977669951113390868088976
0.003825161293494670723983229700
0.003825161293494670723983229700
0.003825161293494670723983229700
0.003818684313830939449643170648
0.003818684313830939449643170648
0.003820285141560767591201342180
0.003820285141560767591201342180
0.003820285141560767591201342180
0.003819196045368570343672991842
0.003819196045368570343672991842
0.003816235234396325268922064792
0.003816235234396325268922064792
0.003816235234396325268922064792
0.003828527228920096837743192096
0.003828527228920096837743192096
0.003828527228920096837743192096
