0.08844616551458990524885948009
0.08844616551458990524885948009
0.08692126322878161542379387639
0.08692126322878161542379387639
0.08692126322878161542379387639
0.09914918659738647596675378801
0.09914918659738647596675378801
0.09803674135076837931378466077
0.09803674135076837931378466077
0.09803674135076837931378466077
0.09598710999500069456442609316
0.09598710999500069456442609316
0.09584787917483777707381724129
0.09584787917483777707381724129
0.09584787917483777707381724129
0.09630595409471171388182080953
0.09630595409471171388182080953
0.09688655872227721185523784468
0.09688655872227721185523784468
0.09688655872227721185523784468
0.09626924524073804950917204060
0.09626924524073804950917204060
0.09626924524073804950917204060
0.09686030507535889397103854532
0.09686030507535889397103854532
0.09592540627421076007164076985
0.09592540627421076007164076985
0.09592540627421076007164076985
0.09453818149881524505907503790
0.09453818149881524505907503790
0.09535709918100257201732348562
0.09535709918100257201732348562
0.09535709918100257201732348562
0.09522876269222818898828007963
0.09522876269222818898828007963
0.09617952957573582781457275210
0.09617952957573582781457275210
0.09617952957573582781457275210
0.09648349953485041394808271448
0.09648349953485041394808271448
0.09662309383648465019846282079
0.09662309383648465019846282079
0.09662309383648465019846282079
0.09671666253719717268136010913
0.09671666253719717268136010913
0.09671666253719717268136010913
0.09612246567548542361389297133
0.09612246567548542361389297133
0.09655363717178677645696677911
0.09655363717178677645696677911
0.09655363717178677645696677911
0.09708538622540451880230028704
0.09708538622540451880230028704
0.09670683173314680799052133295
0.09670683173314680799052133295
0.09670683173314680799052133295
0.09639407641796139669582639332
0.09639407641796139669582639332
0.09639407641796139669582639332
0.09613047377101887852316637315
0.09613047377101887852316637315
0.09645057143285338324964283208
0.09645057143285338324964283208
0.09645057143285338324964283208
0.09627150983699823582841719209
0.09627150983699823582841719209
0.09611805619724531973307777349
0.09611805619724531973307777349
0.09611805619724531973307777349
0.09567332874737611867691932587
0.09567332874737611867691932587
0.09586667688991086004064629820
0.09586667688991086004064629820
0.09586667688991086004064629820
0.09583316052125438312043574178
0.09583316052125438312043574178
0.09570613432063275513569967937
0.09570613432063275513569967937
0.09570613432063275513569967937
0.09527630415112460799219096177
0.09527630415112460799219096177
0.09527630415112460799219096177
0.09616742281583916129213332534
0.09616742281583916129213332534
0.09634346934601738525221955648
0.09634346934601738525221955648
0.09634346934601738525221955648
0.09571667391632148419274232294
0.09571667391632148419274232294
0.09585300345817147919291273063
0.09585300345817147919291273063
0.09585300345817147919291273063
0.09546516417886773786874485332
0.09546516417886773786874485332
0.09519101903808168623460161370
0.09519101903808168623460161370
0.09519101903808168623460161370
0.09576230861856910140214905928
0.09576230861856910140214905928
0.09576230861856910140214905928
0.09615342720356895210482667388
0.09615342720356895210482667388
0.09628592294267007315402802256
0.09628592294267007315402802256
0.09628592294267007315402802256
0.09633030888372451614197485634
0.09633030888372451614197485634
0.09647514241304438499352925297
0.09647514241304438499352925297
0.09647514241304438499352925297
0.09690294847617741119237094942
0.09690294847617741119237094942
0.09720715708388386789989669140
0.09720715708388386789989669140
0.09720715708388386789989669140
0.09708779057170899630239562167
0.09708779057170899630239562167
0.09711610900916500256142689421
0.09711610900916500256142689421
0.09711610900916500256142689421
0.09684813227866362534596150198
0.09684813227866362534596150198
0.09684813227866362534596150198
0.09694502873939068462456592552
0.09694502873939068462456592552
0.09630860780547069910832715431
0.09630860780547069910832715431
0.09630860780547069910832715431
0.09685934522452135376577459554
0.09685934522452135376577459554
0.09652566738940727462370695933
0.09652566738940727462370695933
0.09652566738940727462370695933
0.09694659188996071054628761992
0.09694659188996071054628761992
0.09689143486412136267372137707
0.09689143486412136267372137707
0.09689143486412136267372137707
0.09681130912700273348667363894
0.09681130912700273348667363894
0.09666712844932513107743711237
0.09666712844932513107743711237
0.09666712844932513107743711237
0.09633508513320869576155204125
0.09633508513320869576155204125
0.09633508513320869576155204125
0.09664706701695375029430106876
0.09664706701695375029430106876
0.09648718580812803190135943617
0.09648718580812803190135943617
0.09648718580812803190135943617
0.09662497247964856054355782958
0.09662497247964856054355782958
0.09654838579458328766475621527
0.09654838579458328766475621527
0.09654838579458328766475621527
0.09690702241914324456451617648
0.09690702241914324456451617648
0.09691495257252547899660047118
0.09692198530332078588573760767
0.09692198530332078588573760767
0.09690313508978812320827957357
0.09690313508978812320827957357
0.09690313508978812320827957357
0.09720053117246283928752910768
0.09720053117246283928752910768
0.09761840009069568649431206872
0.09761840009069568649431206872
0.09761840009069568649431206872
0.09736573939821011334921242458
0.09736573939821011334921242458
0.09730022232414358791178176400
0.09730022232414358791178176400
0.09730022232414358791178176400
0.09743368285468917844317577125
0.09743368285468917844317577125
0.09726454010195197809754705175
0.09726454010195197809754705175
0.09726454010195197809754705175
0.09695776006528059765454314711
0.09695776006528059765454314711
0.09695776006528059765454314711
0.09698527176453234220545677720
0.09698527176453234220545677720
0.09689522885252407198733439238
0.09689522885252407198733439238
0.09689522885252407198733439238
0.09702274593426913014397843480
0.09702274593426913014397843480
0.09693040927473783006587518402
0.09693040927473783006587518402
0.09693040927473783006587518402
0.09674113080357732163951887477
0.09674113080357732163951887477
0.09667127898784841189500595354
0.09667127898784841189500595354
0.09667127898784841189500595354
0.09668023879332428599963344481
0.09668023879332428599963344481
0.09668023879332428599963344481
