0.0002026908775539417814965935695
0.0002026908775539417814965935695
0.0001895933408257918107303178645
0.0001895933408257918107303178645
0.0001895933408257918107303178645
0.0001654508883338301265533169450
0.0001654508883338301265533169450
0.0001708296193158056698526835099
0.0001708296193158056698526835099
0.0001708296193158056698526835099
0.0001739804783856646306364332073
0.0001739804783856646306364332073
0.0001787264593255038214847040418
0.0001787264593255038214847040418
0.0001787264593255038214847040418
0.0001823120285617386393743716533
0.0001823120285617386393743716533
0.0001807684884513558560353995284
0.0001807684884513558560353995284
0.0001807684884513558560353995284
0.0001793061243188659012280825208
0.0001793061243188659012280825208
0.0001793061243188659012280825208
0.0001824006666835391448214552467
0.0001824006666835391448214552467
0.0001832035393423223522703282808
0.0001832035393423223522703282808
0.0001832035393423223522703282808
0.0001837168404592197989578129127
0.0001837168404592197989578129127
0.0001808254506548766958373269636
0.0001808254506548766958373269636
0.0001808254506548766958373269636
0.0001796035299063831422685840186
0.0001796035299063831422685840186
0.0001799212956403460832429280675
0.0001799212956403460832429280675
0.0001799212956403460832429280675
0.0001815013890377906580772196117
0.0001815013890377906580772196117
0.0001807739028714625152431118599
0.0001807739028714625152431118599
0.0001807739028714625152431118599
0.0001811157673506259361838935375
0.0001811157673506259361838935375
0.0001811157673506259361838935375
0.0001799025336734782636342341757
0.0001799025336734782636342341757
0.0001800694495831174102036102301
0.0001800694495831174102036102301
0.0001800694495831174102036102301
0.0001810294492095906841202269275
0.0001810294492095906841202269275
0.0001796571302605776147914270856
0.0001796571302605776147914270856
0.0001796571302605776147914270856
0.0001804191952933066238928624966
0.0001804191952933066238928624966
0.0001803829359737181898789468292
0.0001803829359737181898789468292
0.0001803829359737181898789468292
0.0001808019544128966823952775702
0.0001808019544128966823952775702
0.0001808019544128966823952775702
0.0001794993289715197537172750295
0.0001794993289715197537172750295
0.0001788937049931909389436627648
0.0001788937049931909389436627648
0.0001788937049931909389436627648
0.0001777082755358758530231449044
0.0001777082755358758530231449044
0.0001795736843790207168934949755
0.0001795736843790207168934949755
0.0001795736843790207168934949755
0.0001794554547474884344149235436
0.0001794554547474884344149235436
0.0001795506886629246181030542747
0.0001795506886629246181030542747
0.0001795506886629246181030542747
0.0001792549971799319771055826060
0.0001792549971799319771055826060
0.0001792549971799319771055826060
0.0001795433564480538734868142120
0.0001795433564480538734868142120
0.0001804282098379756470427267026
0.0001804282098379756470427267026
0.0001804282098379756470427267026
0.0001814619551005135678724230139
0.0001814619551005135678724230139
0.0001806186596786262774677624757
0.0001806186596786262774677624757
0.0001806186596786262774677624757
0.0001802942145828456430105768636
0.0001802942145828456430105768636
0.0001798795694238886314985047976
0.0001798795694238886314985047976
0.0001798795694238886314985047976
0.0001807291617438411965052548846
0.0001807291617438411965052548846
0.0001807291617438411965052548846
0.0001815679357666564371022323797
0.0001815679357666564371022323797
0.0001823028643050220546057732724
0.0001823028643050220546057732724
0.0001823028643050220546057732724
0.0001848739889423337300898977579
0.0001848739889423337300898977579
0.0001836550745275582020870583172
0.0001836550745275582020870583172
0.0001836550745275582020870583172
0.0001834115474431115970027493003
0.0001834115474431115970027493003
0.0001828089228381883967601544878
0.0001828089228381883967601544878
0.0001828089228381883967601544878
0.0001836442367612130914698543783
0.0001836442367612130914698543783
0.0001829645853118120004862406859
0.0001829645853118120004862406859
0.0001829645853118120004862406859
0.0001823712248714236069811026838
0.0001823712248714236069811026838
0.0001823712248714236069811026838
0.0001830272402510826730287451487
0.0001830272402510826730287451487
0.0001834835117216496169735472377
0.0001834835117216496169735472377
0.0001834835117216496169735472377
0.0001831403468767315686608638895
0.0001831403468767315686608638895
0.0001835724733616352669490443672
0.0001835724733616352669490443672
0.0001835724733616352669490443672
0.0001838931285710716777096434933
0.0001838931285710716777096434933
0.0001839728134526985699988920814
0.0001839728134526985699988920814
0.0001839728134526985699988920814
0.0001836775882747290935377584599
0.0001836775882747290935377584599
0.0001830484571879153499722440989
0.0001830484571879153499722440989
0.0001830484571879153499722440989
0.0001824054222594868111151385956
0.0001824054222594868111151385956
0.0001824054222594868111151385956
0.0001822737676346178217718945259
0.0001822737676346178217718945259
0.0001826614939158200025123704694
0.0001826614939158200025123704694
0.0001826614939158200025123704694
0.0001829375541361403726145129464
0.0001829375541361403726145129464
0.0001830394319853575891867640708
0.0001830394319853575891867640708
0.0001830394319853575891867640708
0.0001831446816939780555933964736
0.0001831446816939780555933964736
0.0001831446816939780555933964736
0.0001838715600987861840722123337
0.0001838715600987861840722123337
0.0001833323546273578729129340270
0.0001833323546273578729129340270
0.0001833323546273578729129340270
0.0001828186211019270415549389134
0.0001828186211019270415549389134
0.0001828580608125666275784723768
0.0001828580608125666275784723768
0.0001828580608125666275784723768
0.0001824420263572062172409383167
0.0001824420263572062172409383167
0.0001831726370208881525017952949
0.0001831726370208881525017952949
0.0001831726370208881525017952949
0.0001834549948397566801360675479
0.0001834549948397566801360675479
0.0001837494164285821223073802782
0.0001837494164285821223073802782
0.0001837494164285821223073802782
0.0001843600527443572807897054522
0.0001843600527443572807897054522
0.0001843600527443572807897054522
0.0001845905423482947887734666444
0.0001845905423482947887734666444
0.0001851416397521138684117595499
0.0001851416397521138684117595499
0.0001851416397521138684117595499
0.0001851311983929967354253215256
0.0001851311983929967354253215256
0.0001854447676987336206579211696
0.0001854447676987336206579211696
0.0001854447676987336206579211696
0.0001853042626877275169509837622
0.0001853042626877275169509837622
0.0001853002913427419278682214629
0.0001853002913427419278682214629
0.0001853002913427419278682214629
0.0001850546716557401443522470026
0.0001850546716557401443522470026
0.0001850546716557401443522470026
