0.0001641346427545177905747441355
0.0001641346427545177905747441355
0.0001840160262765323026391879866
0.0001840160262765323026391879866
0.0001840160262765323026391879866
0.0001835570990822858872106173880
0.0001835570990822858872106173880
0.0001743731352557839231819969008
0.0001743731352557839231819969008
0.0001743731352557839231819969008
0.0001782205491102954700004506931
0.0001782205491102954700004506931
0.0001765972489551866744267233967
0.0001765972489551866744267233967
0.0001765972489551866744267233967
0.0001803119534339140647117918181
0.0001803119534339140647117918181
0.0001799709889171050674482488231
0.0001799709889171050674482488231
0.0001799709889171050674482488231
0.0001798425113971489992451402789
0.0001798425113971489992451402789
0.0001798425113971489992451402789
0.0001799985965126704054802612948
0.0001799985965126704054802612948
0.0001821036436218095070117675294
0.0001821036436218095070117675294
0.0001821036436218095070117675294
0.0001815946337554190953944247307
0.0001815946337554190953944247307
0.0001817730075650197692087224625
0.0001817730075650197692087224625
0.0001817730075650197692087224625
0.0001832788004969532408595819661
0.0001832788004969532408595819661
0.0001829537702196206978751141110
0.0001829537702196206978751141110
0.0001829537702196206978751141110
0.0001823653191679298814372752961
0.0001823653191679298814372752961
0.0001844092914066184305597645406
0.0001844092914066184305597645406
0.0001844092914066184305597645406
0.0001837178740738469484212170273
0.0001837178740738469484212170273
0.0001837178740738469484212170273
0.0001853223102367638848590806880
0.0001853223102367638848590806880
0.0001867446464038014366293382471
0.0001867446464038014366293382471
0.0001867446464038014366293382471
0.0001886795135751779225969112551
0.0001886795135751779225969112551
0.0001867253820545988171208002845
0.0001867253820545988171208002845
0.0001867253820545988171208002845
0.0001867733973385130449098129639
0.0001867733973385130449098129639
0.0001867733973385130449098129639
0.0001865545986097632034211495535
0.0001865545986097632034211495535
0.0001871579980733525478262632943
0.0001871579980733525478262632943
0.0001871579980733525478262632943
0.0001871441468000062223861105826
0.0001871441468000062223861105826
0.0001859519117608065118132472836
0.0001859519117608065118132472836
0.0001859519117608065118132472836
0.0001876517863592980217650232058
0.0001876517863592980217650232058
0.0001868396554788442045233058598
0.0001868396554788442045233058598
0.0001868396554788442045233058598
0.0001856323657246386255418909648
0.0001856323657246386255418909648
0.0001865073698607469510559965389
0.0001865073698607469510559965389
0.0001865073698607469510559965389
0.0001862355152156524790461347630
0.0001862355152156524790461347630
0.0001862355152156524790461347630
0.0001867533469577705017150959435
0.0001867533469577705017150959435
0.0001867301001294544492794104833
0.0001867301001294544492794104833
0.0001867301001294544492794104833
0.0001865362446625963443605543558
0.0001865362446625963443605543558
0.0001882949552735371972926640104
0.0001882949552735371972926640104
0.0001882949552735371972926640104
0.0001866124041770427590251409620
0.0001866124041770427590251409620
0.0001880070516494989715744021531
0.0001880070516494989715744021531
0.0001880070516494989715744021531
0.0001880088942024455713244767347
0.0001880088942024455713244767347
0.0001880088942024455713244767347
0.0001885970080961536995393511127
0.0001885970080961536995393511127
0.0001889269160932713785453853769
0.0001889269160932713785453853769
0.0001889269160932713785453853769
0.0001890291098214301121061648843
0.0001890291098214301121061648843
0.0001888398388285173509987090779
0.0001888398388285173509987090779
0.0001888398388285173509987090779
0.0001882603713258944724053150585
0.0001882603713258944724053150585
0.0001880498603056769987308888629
0.0001880498603056769987308888629
0.0001880498603056769987308888629
0.0001886747770922133398214254179
0.0001886747770922133398214254179
0.0001886448703863992412657265431
0.0001886448703863992412657265431
0.0001886448703863992412657265431
0.0001888356006699652822350808849
0.0001888356006699652822350808849
0.0001888356006699652822350808849
0.0001892510353514974467943049626
0.0001892510353514974467943049626
0.0001891779186127659247473979365
0.0001891779186127659247473979365
0.0001891779186127659247473979365
0.0001899370487081222801758369873
0.0001899370487081222801758369873
0.0001899345161010888251284064173
0.0001899345161010888251284064173
0.0001899345161010888251284064173
0.0001893622181929309217705813308
0.0001893622181929309217705813308
0.0001893458847068139469117123413
0.0001893458847068139469117123413
0.0001893458847068139469117123413
0.0001897831223180177240620941201
0.0001897831223180177240620941201
0.0001895618525349027707635428820
0.0001895618525349027707635428820
0.0001895618525349027707635428820
0.0001894284895586804854079450962
0.0001894284895586804854079450962
0.0001894284895586804854079450962
0.0001898179127253320391795228175
0.0001898179127253320391795228175
0.0001896468369157210360978580511
0.0001896468369157210360978580511
0.0001896468369157210360978580511
0.0001900588402429691648161392011
0.0001900588402429691648161392011
0.0001903746114432735382565235656
0.0001903746114432735382565235656
0.0001903746114432735382565235656
0.0001899367254084430057697068766
0.0001899367254084430057697068766
0.0001899367254084430057697068766
0.0001902368739741479539107817918
0.0001902368739741479539107817918
0.0001900881010942562052682063031
0.0001900881010942562052682063031
0.0001900881010942562052682063031
0.0001898092068964336117296421495
0.0001898092068964336117296421495
0.0001901304380086636186960139769
0.0001901304380086636186960139769
0.0001901304380086636186960139769
0.0001895783188390530165309521197
0.0001895783188390530165309521197
0.0001902696612587296727375461931
0.0001902696612587296727375461931
0.0001902696612587296727375461931
0.0001898079976276979166591260188
0.0001898079976276979166591260188
0.0001902677760653429551921068271
0.0001902677760653429551921068271
0.0001902677760653429551921068271
0.0001900564354469580371084402178
0.0001900564354469580371084402178
0.0001900564354469580371084402178
0.0001901330913343435145779457180
0.0001901330913343435145779457180
0.0001901100351258562141267529504
0.0001901100351258562141267529504
0.0001901100351258562141267529504
0.0001894578243185324683166596101
0.0001894578243185324683166596101
0.0001895003977811829389498256109
0.0001895003977811829389498256109
0.0001895003977811829389498256109
0.0001894876373281297894873047206
0.0001894876373281297894873047206
0.0001894509224438325596647067086
0.0001894509224438325596647067086
0.0001894509224438325596647067086
0.0001882586544941484496662755281
0.0001882586544941484496662755281
0.0001882586544941484496662755281
