0.09798101682727036437155741452
0.09798101682727036437155741452
0.1061396836946634287720733683
0.1061396836946634287720733683
0.1061396836946634287720733683
0.1014849858735999464455395151
0.1014849858735999464455395151
0.09810241150579385099204356378
0.09810241150579385099204356378
0.09810241150579385099204356378
0.09385634429250328847423063651
0.09385634429250328847423063651
0.09622115692451882614144143034
0.09622115692451882614144143034
0.09622115692451882614144143034
0.09356565454333320756668099821
0.09356565454333320756668099821
0.09391072592252180237418472551
0.09391072592252180237418472551
0.09391072592252180237418472551
0.09333759441728484524094745216
0.09333759441728484524094745216
0.09333759441728484524094745216
0.09562290480862761240606578049
0.09562290480862761240606578049
0.09579767549356279922015374442
0.09579767549356279922015374442
0.09579767549356279922015374442
0.09616464775605007037008495829
0.09616464775605007037008495829
0.09786958768114117710802151654
0.09786958768114117710802151654
0.09786958768114117710802151654
0.09704925074450527982730049237
0.09704925074450527982730049237
0.09632379383484535696060245793
0.09632379383484535696060245793
0.09632379383484535696060245793
0.09602997495824215484764979397
0.09602997495824215484764979397
0.09506935673764146445952990145
0.09506935673764146445952990145
0.09506935673764146445952990145
0.09534418456933104274046610689
0.09534418456933104274046610689
0.09534418456933104274046610689
0.09569192518350530950674378358
0.09569192518350530950674378358
0.09520590304175221509314592085
0.09520590304175221509314592085
0.09520590304175221509314592085
0.09576489408142054996314315561
0.09576489408142054996314315561
0.09740087172826771320357054282
0.09740087172826771320357054282
0.09740087172826771320357054282
0.09689918364979030875898266398
0.09689918364979030875898266398
0.09644269024970808398701935075
0.09644269024970808398701935075
0.09644269024970808398701935075
0.09651932330914768899249981879
0.09651932330914768899249981879
0.09651932330914768899249981879
0.09654609990580051267069102795
0.09654609990580051267069102795
0.09667040782702615287101464553
0.09667040782702615287101464553
0.09667040782702615287101464553
0.09660257805384185917463033548
0.09660257805384185917463033548
0.09715126670834896408304886324
0.09715126670834896408304886324
0.09715126670834896408304886324
0.09745502473753923572917080888
0.09745502473753923572917080888
0.09809860412634050173172269911
0.09809860412634050173172269911
0.09809860412634050173172269911
0.09798066983361722078631295644
0.09798066983361722078631295644
0.09798066983361722078631295644
0.09771113117937339990616761417
0.09771113117937339990616761417
0.09808109140892680675900238896
0.09808109140892680675900238896
0.09808109140892680675900238896
0.09834959169111585055822324240
0.09834959169111585055822324240
0.09820817868295031174812974188
0.09820817868295031174812974188
0.09820817868295031174812974188
0.09818041374709856390906127722
0.09818041374709856390906127722
0.09778697565808541359911547477
0.09778697565808541359911547477
0.09778697565808541359911547477
0.09765631153904804627901910740
0.09765631153904804627901910740
0.09765631153904804627901910740
0.09794872913677637331037417514
0.09794872913677637331037417514
0.09791929476009244544626352997
0.09791929476009244544626352997
0.09791929476009244544626352997
0.09781099174176473749586799884
0.09781099174176473749586799884
0.09794055406922076470265765927
0.09794055406922076470265765927
0.09794055406922076470265765927
0.09784356512693316161190923988
0.09784356512693316161190923988
0.09797960938453992300425775302
0.09797960938453992300425775302
0.09797960938453992300425775302
0.09788261049914442451621003446
0.09788261049914442451621003446
0.09765283158907088731304157513
0.09765283158907088731304157513
0.09765283158907088731304157513
0.09761505974884410421356769693
0.09761505974884410421356769693
0.09761505974884410421356769693
0.09780609810815572729864523608
0.09780609810815572729864523608
0.09760267019302650027118344658
0.09760267019302650027118344658
0.09760267019302650027118344658
0.09783885682182198425481734582
0.09783885682182198425481734582
0.09742828751996030595215038553
0.09742828751996030595215038553
0.09742828751996030595215038553
0.09763741190261669486069787252
0.09763741190261669486069787252
0.09726260769953194604975908774
0.09726260769953194604975908774
0.09726260769953194604975908774
0.09732694421393999990515023717
0.09732694421393999990515023717
0.09755759411945032434081055168
0.09755759411945032434081055168
0.09755759411945032434081055168
0.09761971046040187737132538518
0.09761971046040187737132538518
0.09761971046040187737132538518
0.09801432405570619385484537014
0.09801432405570619385484537014
0.09801791107177745850575457094
0.09801791107177745850575457094
0.09801791107177745850575457094
0.09805889602395440598490662522
0.09805889602395440598490662522
0.09802864367141021395590536136
0.09802864367141021395590536136
0.09802864367141021395590536136
0.09813511239655134476146539084
0.09813511239655134476146539084
0.09811077067917781935152733679
0.09795353430787852484469485709
0.09795353430787852484469485709
0.09812255816828461974988295017
0.09812255816828461974988295017
0.09812255816828461974988295017
0.09794556080513492450614935621
0.09794556080513492450614935621
0.09785968299952698911661668247
0.09785968299952698911661668247
0.09785968299952698911661668247
0.09796255161004247261168025337
0.09796255161004247261168025337
0.09776826054893677082327175421
0.09776826054893677082327175421
0.09776826054893677082327175421
0.09811759764412702220520484697
0.09811759764412702220520484697
0.09752179696004547720317204467
0.09752179696004547720317204467
0.09752179696004547720317204467
0.09755377694248947746558494240
0.09755377694248947746558494240
0.09755377694248947746558494240
0.09773156495396631225074489485
0.09773156495396631225074489485
0.09765322847468948093546851217
0.09765322847468948093546851217
0.09765322847468948093546851217
0.09779343728124614661271982467
0.09779343728124614661271982467
0.09796102555972225988364149244
0.09796102555972225988364149244
0.09796102555972225988364149244
0.09746170594629493991079844432
0.09746170594629493991079844432
0.09729129754689784821279639153
0.09729129754689784821279639153
0.09729129754689784821279639153
0.09685907876910408488589882030
0.09685907876910408488589882030
0.09685907876910408488589882030
