0.0001609219158447958642592076126
0.0001609219158447958642592076126
0.0001596838776259767682842202525
0.0001596838776259767682842202525
0.0001596838776259767682842202525
0.0001622995862119589154055636107
0.0001622995862119589154055636107
0.0001554649259518224440204270801
0.0001554649259518224440204270801
0.0001554649259518224440204270801
0.0001550338353768225093715287533
0.0001550338353768225093715287533
0.0001615801628260130905976552994
0.0001615801628260130905976552994
0.0001615801628260130905976552994
0.0001705407719762336793073261332
0.0001705407719762336793073261332
0.0001740632090664594366595529565
0.0001740632090664594366595529565
0.0001740632090664594366595529565
0.0001784602911015346672517156406
0.0001784602911015346672517156406
0.0001784602911015346672517156406
0.0001798229318200211761621203537
0.0001798229318200211761621203537
0.0001810138848820249376277978150
0.0001810138848820249376277978150
0.0001810138848820249376277978150
0.0001806295271189677987541130779
0.0001806295271189677987541130779
0.0001837866208915507907111222549
0.0001837866208915507907111222549
0.0001837866208915507907111222549
0.0001856180456933879319263809510
0.0001856180456933879319263809510
0.0001856689741365919276359328825
0.0001856689741365919276359328825
0.0001856689741365919276359328825
0.0001865816227723317907311509739
0.0001865816227723317907311509739
0.0001839347614459240066116159439
0.0001839347614459240066116159439
0.0001839347614459240066116159439
0.0001834982071162642938041559161
0.0001834982071162642938041559161
0.0001834982071162642938041559161
0.0001824692484454978425628752087
0.0001824692484454978425628752087
0.0001845055518380828083515363901
0.0001845055518380828083515363901
0.0001845055518380828083515363901
0.0001848860263103724826065779083
0.0001848860263103724826065779083
0.0001867682878866820009200444348
0.0001867682878866820009200444348
0.0001867682878866820009200444348
0.0001885438799704214418230765889
0.0001885438799704214418230765889
0.0001885438799704214418230765889
0.0001876134581657289046641440572
0.0001876134581657289046641440572
0.0001865198110248101811353602959
0.0001865198110248101811353602959
0.0001865198110248101811353602959
0.0001860932463421160912088526736
0.0001860932463421160912088526736
0.0001866390912218017135064929072
0.0001866390912218017135064929072
0.0001866390912218017135064929072
0.0001857203773069081561291883525
0.0001857203773069081561291883525
0.0001859392859015146808183666316
0.0001859392859015146808183666316
0.0001859392859015146808183666316
0.0001854521780361490861772928463
0.0001854521780361490861772928463
0.0001868888782874370264980131038
0.0001868888782874370264980131038
0.0001868888782874370264980131038
0.0001864347175584718314903687113
0.0001864347175584718314903687113
0.0001864347175584718314903687113
0.0001870164555016352951243321120
0.0001870164555016352951243321120
0.0001873649173181106406524043079
0.0001873649173181106406524043079
0.0001873649173181106406524043079
0.0001869133893828496813157465586
0.0001869133893828496813157465586
0.0001860120898405802892315918851
0.0001860120898405802892315918851
0.0001860120898405802892315918851
0.0001861679390809284714629534018
0.0001861679390809284714629534018
0.0001855913957579745039435795488
0.0001855913957579745039435795488
0.0001855913957579745039435795488
0.0001854131822984087230618198246
0.0001854131822984087230618198246
0.0001854131822984087230618198246
0.0001854805178560160749060568667
0.0001854805178560160749060568667
0.0001853900491650249625210491506
0.0001853900491650249625210491506
0.0001853900491650249625210491506
0.0001856673588561160111386927098
0.0001856673588561160111386927098
0.0001851222021015187294278447026
0.0001851222021015187294278447026
0.0001851222021015187294278447026
0.0001850199176889409445981233033
0.0001850199176889409445981233033
0.0001852608391831836045517815749
0.0001852608391831836045517815749
0.0001852608391831836045517815749
0.0001845648453970980380447435030
0.0001845648453970980380447435030
0.0001837479005758017752293160653
0.0001837479005758017752293160653
0.0001837479005758017752293160653
0.0001841507174956441938274716155
0.0001841507174956441938274716155
0.0001841507174956441938274716155
0.0001848101161560510293260667155
0.0001848101161560510293260667155
0.0001851374592585679181729434736
0.0001851374592585679181729434736
0.0001851374592585679181729434736
0.0001850349827427569413799718246
0.0001850349827427569413799718246
0.0001851148618862229102057449521
0.0001851148618862229102057449521
0.0001851148618862229102057449521
0.0001849624749272762481634530125
0.0001849624749272762481634530125
0.0001847259759037592931408097727
0.0001847259759037592931408097727
0.0001847259759037592931408097727
0.0001849463121050324004855911918
0.0001849463121050324004855911918
0.0001848558442101677564736978334
0.0001848558442101677564736978334
0.0001848558442101677564736978334
0.0001846460591477146564114872576
0.0001846460591477146564114872576
0.0001846460591477146564114872576
0.0001851311763659486888674875882
0.0001851311763659486888674875882
0.0001856078497115447561670777773
0.0001856078497115447561670777773
0.0001856078497115447561670777773
0.0001855424573158519763395107091
0.0001855424573158519763395107091
0.0001857147105463740211193460500
0.0001857147105463740211193460500
0.0001857147105463740211193460500
0.0001852587455067483521568375109
0.0001852587455067483521568375109
0.0001852587455067483521568375109
0.0001855822732228416571962874710
0.0001855822732228416571962874710
0.0001847952003653067723322068269
0.0001847952003653067723322068269
0.0001847952003653067723322068269
0.0001852927836666833340691302319
0.0001852927836666833340691302319
0.0001849359730937856953482718860
0.0001849359730937856953482718860
0.0001849359730937856953482718860
0.0001847509929746576901360335315
0.0001847509929746576901360335315
0.0001844420686909695262374729458
0.0001844420686909695262374729458
0.0001844420686909695262374729458
0.0001841656033058510157508429886
0.0001841656033058510157508429886
0.0001841991749671599622419761014
0.0001841991749671599622419761014
0.0001841991749671599622419761014
0.0001850824162069157819446692575
0.0001850824162069157819446692575
0.0001850824162069157819446692575
0.0001849997296325334593974548784
0.0001849997296325334593974548784
0.0001845522200988837482099831233
0.0001845522200988837482099831233
0.0001845522200988837482099831233
0.0001843068858219560772839219923
0.0001843068858219560772839219923
0.0001840676565721483024699883090
0.0001840676565721483024699883090
0.0001840676565721483024699883090
0.0001839383573412235612124854170
0.0001839383573412235612124854170
0.0001840153514253141839511889293
0.0001840153514253141839511889293
0.0001840153514253141839511889293
0.0001839797272911329769033683955
0.0001839797272911329769033683955
0.0001839797272911329769033683955
