0.08620253071867887608573611017
0.08620253071867887608573611017
0.09270406611984266473458906473
0.09270406611984266473458906473
0.09270406611984266473458906473
0.09803416751677839184161931548
0.09803416751677839184161931548
0.09166666752039020109037271389
0.09166666752039020109037271389
0.09166666752039020109037271389
0.09101674579597323092568427749
0.09101674579597323092568427749
0.09606095460183471393308166225
0.09606095460183471393308166225
0.09606095460183471393308166225
0.09695896562102469433111707967
0.09695896562102469433111707967
0.09660738071787294947677556312
0.09660738071787294947677556312
0.09660738071787294947677556312
0.09723910387985916535147210160
0.09723910387985916535147210160
0.09723910387985916535147210160
0.09874589722854209917935099360
0.09874589722854209917935099360
0.09988284713098505926422128597
0.09988284713098505926422128597
0.09988284713098505926422128597
0.09878368998254283035264408837
0.09878368998254283035264408837
0.09858557707659294144517094434
0.09858557707659294144517094434
0.09858557707659294144517094434
0.09780000154449684721964055559
0.09780000154449684721964055559
0.09751312287532678051600821891
0.09751312287532678051600821891
0.09751312287532678051600821891
0.09870246527801460843931374904
0.09870246527801460843931374904
0.09778691487546976141976524215
0.09778691487546976141976524215
0.09778691487546976141976524215
0.09721940053543047077292275960
0.09721940053543047077292275960
0.09721940053543047077292275960
0.09689766412319809529521308640
0.09689766412319809529521308640
0.09716466791019993349372760565
0.09716466791019993349372760565
0.09716466791019993349372760565
0.09628798428275968495281659962
0.09628798428275968495281659962
0.09608384196281258708311696754
0.09608384196281258708311696754
0.09608384196281258708311696754
0.09654503663599736891026587578
0.09654503663599736891026587578
0.09626790953214786548694641473
0.09612999943930517662154992284
0.09612999943930517662154992284
0.09649333314380972132237447561
0.09649333314380972132237447561
0.09649333314380972132237447561
0.09660819418507368977719341905
0.09660819418507368977719341905
0.09658276653206886260403029649
0.09658276653206886260403029649
0.09658276653206886260403029649
0.09639610639092003804797199010
0.09639610639092003804797199010
0.09588586891801511454467275547
0.09588586891801511454467275547
0.09588586891801511454467275547
0.09595147348568835727032509752
0.09595147348568835727032509752
0.09607891998376525137972370874
0.09607891998376525137972370874
0.09607891998376525137972370874
0.09635279307999988690721403543
0.09635279307999988690721403543
0.09635279307999988690721403543
0.09657131602196814684077783247
0.09657131602196814684077783247
0.09661204542660549199806882458
0.09661204542660549199806882458
0.09661204542660549199806882458
0.09596753419077523483760964241
0.09596753419077523483760964241
0.09580846660786357157153851316
0.09580846660786357157153851316
0.09580846660786357157153851316
0.09613083330020822433438346089
0.09613083330020822433438346089
0.09614700166575811789363816414
0.09614700166575811789363816414
0.09614700166575811789363816414
0.09629861614947776116966967583
0.09629861614947776116966967583
0.09629861614947776116966967583
0.09667649855449306366147409269
0.09667649855449306366147409269
0.09644469727435810199447035665
0.09644469727435810199447035665
0.09644469727435810199447035665
0.09611591365282826799310522673
0.09611591365282826799310522673
0.09592826830181833188409437663
0.09592826830181833188409437663
0.09592826830181833188409437663
0.09587901434230354198262125964
0.09587901434230354198262125964
0.09601648287434787256805932997
0.09601648287434787256805932997
0.09601648287434787256805932997
0.09580486839400156654337034567
0.09580486839400156654337034567
0.09572423936204031017240267981
0.09572423936204031017240267981
0.09572423936204031017240267981
0.09574157925223882373777999218
0.09574157925223882373777999218
0.09574157925223882373777999218
0.09604149868002120823899963146
0.09604149868002120823899963146
0.09603123995234095668229403980
0.09603123995234095668229403980
0.09603123995234095668229403980
0.09597921350307473156644682554
0.09597921350307473156644682554
0.09629738755037929975996529081
0.09629738755037929975996529081
0.09629738755037929975996529081
0.09646948832496869588324232128
0.09646948832496869588324232128
0.09636322610175350944540652489
0.09636322610175350944540652489
0.09636322610175350944540652489
0.09638705469227853941701772648
0.09638705469227853941701772648
0.09617531653211017560014807758
0.09617531653211017560014807758
0.09617531653211017560014807758
0.09621407670077957127730701917
0.09621407670077957127730701917
0.09621407670077957127730701917
0.09581892816136856788369813429
0.09581892816136856788369813429
0.09606986685844498942276801075
0.09606986685844498942276801075
0.09606986685844498942276801075
0.09600703022745517530975630424
0.09600703022745517530975630424
0.09576918349638136331488584423
0.09576918349638136331488584423
0.09576918349638136331488584423
0.09542016215972629241442596684
0.09542016215972629241442596684
0.09536825496085431168226029395
0.09586297227401118599089093306
0.09586297227401118599089093306
0.09551577534893377219496662745
0.09551577534893377219496662745
0.09551577534893377219496662745
0.09554895721831034262612859555
0.09554895721831034262612859555
0.09534134517401968195230948100
0.09534134517401968195230948100
0.09534134517401968195230948100
0.09553607472964265249194810757
0.09553607472964265249194810757
0.09588876310370780789078267177
0.09588876310370780789078267177
0.09588876310370780789078267177
0.09579350999503406653578386143
0.09579350999503406653578386143
0.09593185045484810041184589567
0.09593185045484810041184589567
0.09593185045484810041184589567
0.09608662930325313066435805624
0.09608662930325313066435805624
0.09608662930325313066435805624
0.09563645115276006596088779754
0.09563645115276006596088779754
0.09541360134916719330031630977
0.09541360134916719330031630977
0.09541360134916719330031630977
0.09536497288762601477509825519
0.09536497288762601477509825519
0.09527600818835008078597505358
0.09527600818835008078597505358
0.09527600818835008078597505358
0.09523998950090555834474153827
0.09523998950090555834474153827
0.09539068074084852902798346574
0.09539068074084852902798346574
0.09539068074084852902798346574
0.09551807301410867389619059506
0.09551807301410867389619059506
0.09551807301410867389619059506
