0.001066641878867563708699514850
0.001066641878867563708699514850
0.0007591929698286713465011538207
0.0007591929698286713465011538207
0.0007591929698286713465011538207
0.0007533974769070927005015447771
0.0007533974769070927005015447771
0.0006310779019795239962691247879
0.0006310779019795239962691247879
0.0006310779019795239962691247879
0.0006042450566727519659019707982
0.0006042450566727519659019707982
0.0005685504571514780462098741269
0.0005685504571514780462098741269
0.0005685504571514780462098741269
0.0005990665465856964956958614079
0.0005990665465856964956958614079
0.0006245230183271796854623972136
0.0006245230183271796854623972136
0.0006245230183271796854623972136
0.0005641010123171682535748916606
0.0005641010123171682535748916606
0.0005641010123171682535748916606
0.0006026000196802770667602583851
0.0006026000196802770667602583851
0.0005991137825487609448658194881
0.0005991137825487609448658194881
0.0005991137825487609448658194881
0.0005615312857286737723290972701
0.0005615312857286737723290972701
0.0005346966366448817306661223247
0.0005346966366448817306661223247
0.0005346966366448817306661223247
0.0005546832056006828090389742682
0.0005546832056006828090389742682
0.0006352721563860778642184944953
0.0006352721563860778642184944953
0.0006352721563860778642184944953
0.0006338875214483874969074022623
0.0006338875214483874969074022623
0.0006078204100305423459096261584
0.0006078204100305423459096261584
0.0006078204100305423459096261584
0.0005894410053799564067756814996
0.0005894410053799564067756814996
0.0005894410053799564067756814996
0.0006057395242855797590081345386
0.0006057395242855797590081345386
0.0006143864437783531750435070699
0.0006143864437783531750435070699
0.0006143864437783531750435070699
0.0005879002627179137439493593820
0.0005879002627179137439493593820
0.0005929652887518139982186044744
0.0005929652887518139982186044744
0.0005929652887518139982186044744
0.0006133806328611736412838161022
0.0006133806328611736412838161022
0.0006133806328611736412838161022
0.0006007255483817227190319115691
0.0006007255483817227190319115691
0.0006561281466280074863877066481
0.0006561281466280074863877066481
0.0006561281466280074863877066481
0.0006780130977819071107800287957
0.0006780130977819071107800287957
0.0007302091677303303858727536176
0.0007302091677303303858727536176
0.0007302091677303303858727536176
0.0008012627555430424669776319571
0.0008012627555430424669776319571
0.0007871549681095855685853493341
0.0007871549681095855685853493341
0.0007871549681095855685853493341
0.0007782621716845124806712496229
0.0007782621716845124806712496229
0.0007612251983810393475222952820
0.0007612251983810393475222952820
0.0007612251983810393475222952820
0.0007502068119705518735949153323
0.0007502068119705518735949153323
0.0007502068119705518735949153323
0.0008088112003432762173095793296
0.0008088112003432762173095793296
0.0008159316070910405183423660931
0.0008159316070910405183423660931
0.0008159316070910405183423660931
0.0008017091848764425651057126903
0.0008017091848764425651057126903
0.0008200152987267249568981680472
0.0008200152987267249568981680472
0.0008200152987267249568981680472
0.0008229671577051410185989993377
0.0008229671577051410185989993377
0.0008229181801512979741474260761
0.0008229181801512979741474260761
0.0008229181801512979741474260761
0.0008647837887238646047935328317
0.0008647837887238646047935328317
0.0008647837887238646047935328317
0.0008932040375627950382252831548
0.0008932040375627950382252831548
0.0008994112907958283167001966088
0.0008994112907958283167001966088
0.0008994112907958283167001966088
0.0009023038557994185170572630840
0.0009023038557994185170572630840
0.0008902793116988410357786341173
0.0008902793116988410357786341173
0.0008902793116988410357786341173
0.0008829258710345771960739966637
0.0008829258710345771960739966637
0.0008659349594045904157131198034
0.0008659349594045904157131198034
0.0008659349594045904157131198034
0.0008869079374870227980876914792
0.0008869079374870227980876914792
0.0008707395245059926145795139724
0.0008707395245059926145795139724
0.0008707395245059926145795139724
0.0008769201011245773415707397674
0.0008769201011245773415707397674
0.0008769201011245773415707397674
0.0008614317823493849897149284730
0.0008614317823493849897149284730
0.0008599066387698997505667019674
0.0008599066387698997505667019674
0.0008599066387698997505667019674
0.0008469129911312839705672897223
0.0008469129911312839705672897223
0.0008349953224897618553097424631
0.0008349953224897618553097424631
0.0008349953224897618553097424631
0.0008396148276359170618930342522
0.0008396148276359170618930342522
0.0008283413882357427051632714362
0.0008283413882357427051632714362
0.0008283413882357427051632714362
0.0008187006801638293609868460539
0.0008187006801638293609868460539
0.0008066727274178037739716702579
0.0008066727274178037739716702579
0.0008066727274178037739716702579
0.0008125585950872700892256472415
0.0008125585950872700892256472415
0.0008125585950872700892256472415
0.0008164139053596629695029917812
0.0008164139053596629695029917812
0.0008189728697039596831396702047
0.0008189728697039596831396702047
0.0008189728697039596831396702047
0.0008257758735728145892602489119
0.0008257758735728145892602489119
0.0008165100054698129059362904946
0.0008165100054698129059362904946
0.0008165100054698129059362904946
0.0008196912753004327723045152381
0.0008196912753004327723045152381
0.0008196912753004327723045152381
0.0008133972968752089665621143303
0.0008133972968752089665621143303
0.0008335588069443091398971334458
0.0008335588069443091398971334458
0.0008335588069443091398971334458
0.0008381043910058264980288193528
0.0008381043910058264980288193528
0.0008566546971368179808068402362
0.0008566546971368179808068402362
0.0008566546971368179808068402362
0.0008491993934753415948190737157
0.0008491993934753415948190737157
0.0008397494064060554172222749521
0.0008397494064060554172222749521
0.0008397494064060554172222749521
0.0008322098445287204928486229278
0.0008322098445287204928486229278
0.0008257516677781923567548394437
0.0008257516677781923567548394437
0.0008257516677781923567548394437
0.0008290311838188328419985188171
0.0008290311838188328419985188171
0.0008290311838188328419985188171
0.0008312099046958511393429205726
0.0008312099046958511393429205726
0.0008227756943631102712555499635
0.0008227756943631102712555499635
0.0008227756943631102712555499635
0.0008173671730196656622340479391
0.0008173671730196656622340479391
0.0008318863292517720485158950408
0.0008318863292517720485158950408
0.0008318863292517720485158950408
0.0008239470544110874068525480507
0.0008239470544110874068525480507
0.0008157840209386983279555484037
0.0008157840209386983279555484037
0.0008157840209386983279555484037
0.0008076145021677052488162417818
0.0008076145021677052488162417818
0.0008076145021677052488162417818
0.0007992278106982618116332025020
0.0007992278106982618116332025020
0.0008013165640451645477162187976
0.0008013165640451645477162187976
0.0008013165640451645477162187976
0.0007920292136344769510537588156
0.0007920292136344769510537588156
0.0007778745470011527741594785564
0.0007778745470011527741594785564
0.0007778745470011527741594785564
0.0007812787684769768041262700505
0.0007812787684769768041262700505
0.0007805967280373886904129945530
0.0007805967280373886904129945530
0.0007805967280373886904129945530
0.0007871920426925451381694529879
0.0007871920426925451381694529879
0.0007903516421276055852669448286
0.0007903516421276055852669448286
0.0007903516421276055852669448286
0.0007921852610303708165782056848
0.0007921852610303708165782056848
0.0007921852610303708165782056848
0.0007993454437559758017099255873
0.0007993454437559758017099255873
0.0008030725049215197448411239812
0.0008030725049215197448411239812
0.0008030725049215197448411239812
0.0008087205326266363901320617459
0.0008087205326266363901320617459
0.0008059006077253707392397410130
0.0008059006077253707392397410130
0.0008059006077253707392397410130
0.0008134536424134859403521031250
0.0008134536424134859403521031250
0.0008136241307246078179060736400
0.0008136241307246078179060736400
0.0008136241307246078179060736400
0.0008199651148416926007880884310
0.0008199651148416926007880884310
0.0008200941607343238910049649936
0.0008200941607343238910049649936
0.0008200941607343238910049649936
0.0008191757646095950542866864314
0.0008191757646095950542866864314
0.0008191757646095950542866864314
0.0008177605497541883732317858930
0.0008177605497541883732317858930
0.0008157567991686118305800353451
0.0008157567991686118305800353451
0.0008157567991686118305800353451
0.0008190653506632834594421193095
0.0008190653506632834594421193095
0.0008209667116581353932846884276
0.0008209667116581353932846884276
0.0008209667116581353932846884276
0.0008256689419070737867128647488
0.0008256689419070737867128647488
0.0008205969419090508915760796249
0.0008205969419090508915760796249
0.0008205969419090508915760796249
0.0008241128106308856388023140133
0.0008241128106308856388023140133
0.0008241128106308856388023140133
0.0008180910686493028879556644290
0.0008180910686493028879556644290
0.0008265749160622223562890173834
0.0008265749160622223562890173834
0.0008265749160622223562890173834
0.0008194719496725002665602457931
0.0008194719496725002665602457931
0.0008209756130990743082972876652
0.0008209756130990743082972876652
0.0008209756130990743082972876652
0.0008159557800000405173368776963
0.0008159557800000405173368776963
0.0008138076082239166050440384279
0.0008138076082239166050440384279
0.0008138076082239166050440384279
0.0008294756547044140221869025788
0.0008294756547044140221869025788
0.0008294756547044140221869025788
0.0008379424411671306925701670341
0.0008379424411671306925701670341
0.0008329250756085304179554390003
0.0008329250756085304179554390003
0.0008329250756085304179554390003
0.0008386816494952364844662459095
0.0008386816494952364844662459095
0.0008366646162824528534576014090
0.0008366646162824528534576014090
0.0008366646162824528534576014090
0.0008360420772387170159237826042
0.0008360420772387170159237826042
0.0008363742272158099510057244989
0.0008363742272158099510057244989
0.0008363742272158099510057244989
0.0008419211839863556192934606814
0.0008419211839863556192934606814
0.0008419211839863556192934606814
0.0008463749134019633597011591785
0.0008463749134019633597011591785
0.0008440344658323789815237353082
0.0008440344658323789815237353082
0.0008440344658323789815237353082
0.0008427805235098498456091997424
0.0008427805235098498456091997424
0.0008374260585078331561808091308
0.0008374260585078331561808091308
0.0008374260585078331561808091308
0.0008457115444325626779599341677
0.0008457115444325626779599341677
0.0008501215267868565088738466253
0.0008501215267868565088738466253
0.0008501215267868565088738466253
0.0008505993260251355266633249782
0.0008505993260251355266633249782
0.0008455534918584387853135103572
0.0008455534918584387853135103572
0.0008455534918584387853135103572
0.0008529402930529871507091423938
0.0008529402930529871507091423938
0.0008529402930529871507091423938
0.0008600927221183483855815294434
0.0008600927221183483855815294434
0.0008681010774751260606125081995
0.0008681010774751260606125081995
0.0008681010774751260606125081995
0.0008607296742577408846140207510
0.0008607296742577408846140207510
0.0008616059010531646876529600664
0.0008616059010531646876529600664
0.0008616059010531646876529600664
0.0008677647690485772489067276823
0.0008677647690485772489067276823
0.0008726842902209063198829277299
0.0008726842902209063198829277299
0.0008726842902209063198829277299
0.0008654105978089663422121013032
0.0008654105978089663422121013032
0.0008720477336194418438171701592
0.0008720477336194418438171701592
0.0008720477336194418438171701592
0.0008703394540611565617034662477
0.0008703394540611565617034662477
0.0008703394540611565617034662477
0.0008702809052617172452274623902
0.0008702809052617172452274623902
0.0008665715186566486909905896843
0.0008665715186566486909905896843
0.0008665715186566486909905896843
0.0008652066350939446935517901047
0.0008652066350939446935517901047
0.0008478606304027242926420836304
0.0008478606304027242926420836304
0.0008478606304027242926420836304
0.0008487641229100854626114715005
0.0008487641229100854626114715005
0.0008487430721336192288791268878
0.0008449775869898730110124536181
0.0008449775869898730110124536181
0.0008424353850921955262298414708
0.0008424353850921955262298414708
0.0008424353850921955262298414708
0.0008447357609954627471182254261
0.0008447357609954627471182254261
0.0008456471480233197027043914765
0.0008456471480233197027043914765
0.0008456471480233197027043914765
0.0008462962506088729101079148903
0.0008462962506088729101079148903
0.0008471193594272032664602618368
0.0008471193594272032664602618368
0.0008471193594272032664602618368
0.0008505887920892774866177411851
0.0008505887920892774866177411851
0.0008512041890133115640909695548
0.0008512041890133115640909695548
0.0008512041890133115640909695548
0.0008529656491502482276137496838
0.0008529656491502482276137496838
0.0008529656491502482276137496838
0.0008570322553964234351398989558
0.0008570322553964234351398989558
0.0008501241717122226741600937342
0.0008501241717122226741600937342
0.0008501241717122226741600937342
0.0008504821946533037325146807121
0.0008504821946533037325146807121
0.0008523919357462546100485310302
0.0008523919357462546100485310302
0.0008523919357462546100485310302
0.0008511224212078501881810152504
0.0008511224212078501881810152504
0.0008526786827342187254181216266
0.0008526786827342187254181216266
0.0008526786827342187254181216266
0.0008561484546386073737526714415
0.0008561484546386073737526714415
0.0008561484546386073737526714415
