0.6869513077681754840733325137
0.6869513077681754840733325137
0.3581771006148410334655098752
0.3581771006148410334655098752
0.3581771006148410334655098752
0.4516252265669711215788057038
0.4516252265669711215788057038
0.4114146039870455995806415259
0.4114146039870455995806415259
0.4114146039870455995806415259
0.4270691266241837322789332860
0.4270691266241837322789332860
0.4424115888195581169330887412
0.4424115888195581169330887412
0.4424115888195581169330887412
0.4548839194811969092550828952
0.4548839194811969092550828952
0.5102772131464484375855321483
0.5102772131464484375855321483
0.5102772131464484375855321483
0.5147036968978905588322008963
0.5147036968978905588322008963
0.5147036968978905588322008963
0.5219526576156913176409940917
0.5219526576156913176409940917
0.5444109320914396586616814943
0.5444109320914396586616814943
0.5444109320914396586616814943
0.5446481540987748134541332195
0.5446481540987748134541332195
0.5377581781337499226262466740
0.5377581781337499226262466740
0.5377581781337499226262466740
0.5474604854214208678288103887
0.5474604854214208678288103887
0.5528980150309548055176309247
0.5528980150309548055176309247
0.5528980150309548055176309247
0.5481258300277533964763125011
0.5481258300277533964763125011
0.5534277299652388027436585632
0.5534277299652388027436585632
0.5534277299652388027436585632
0.5478729269297909475219385198
0.5478729269297909475219385198
0.5478729269297909475219385198
0.5474162506010869298831170964
0.5474162506010869298831170964
0.5469779279849757433647109763
0.5469779279849757433647109763
0.5469779279849757433647109763
0.5465276105097843054059093790
0.5465276105097843054059093790
0.5586470584545151460965653933
0.5586470584545151460965653933
0.5586470584545151460965653933
0.5422128512407082229940515061
0.5422128512407082229940515061
0.5406397743860463430011919431
0.5330587828830303413193498262
0.5330587828830303413193498262
0.5372754166392314552790482104
0.5372754166392314552790482104
0.5372754166392314552790482104
0.5317208333187318022302683245
0.5317208333187318022302683245
0.5332480677175022797404174680
0.5332480677175022797404174680
0.5332480677175022797404174680
0.5279888184629171001720333719
0.5279888184629171001720333719
0.5256925404960248647881647989
0.5256925404960248647881647989
0.5256925404960248647881647989
0.5351397237006203866350176491
0.5351397237006203866350176491
0.5405169247649708598304104910
0.5405169247649708598304104910
0.5405169247649708598304104910
0.5485726845133310371705617770
0.5485726845133310371705617770
0.5485726845133310371705617770
0.5568182586275039176528025013
0.5568182586275039176528025013
0.5537802249766200773895670176
0.5537802249766200773895670176
0.5537802249766200773895670176
0.5482133233744918590793552279
0.5482133233744918590793552279
0.5405444768276652284795488593
0.5405444768276652284795488593
0.5405444768276652284795488593
0.5384701408097189095796289901
0.5384701408097189095796289901
0.5315586779970098766439957314
0.5315586779970098766439957314
0.5315586779970098766439957314
0.5325209917489646444113803048
0.5325209917489646444113803048
0.5325209917489646444113803048
0.5251374546332111898958899585
0.5251374546332111898958899585
0.5146268587322866765439958565
0.5146268587322866765439958565
0.5146268587322866765439958565
0.5164063975354255440907134513
0.5164063975354255440907134513
0.5127879639902557244582919200
0.5127879639902557244582919200
0.5127879639902557244582919200
0.5115103470288634180384840013
0.5115103470288634180384840013
0.5126836576193206043342963308
0.5126836576193206043342963308
0.5126836576193206043342963308
0.5197109337921714216754816262
0.5197109337921714216754816262
0.5270265618111738589429347965
0.5270265618111738589429347965
0.5270265618111738589429347965
0.5296990325863263966352226271
0.5296990325863263966352226271
0.5296990325863263966352226271
0.5352335964043426801684685568
0.5352335964043426801684685568
0.5408739681278891503820551867
0.5408739681278891503820551867
0.5408739681278891503820551867
0.5433699419723513140892220092
0.5433699419723513140892220092
0.5447085648193361557805105143
0.5447085648193361557805105143
0.5447085648193361557805105143
0.5406367775600646384485854689
0.5406367775600646384485854689
0.5472836097279640109696728650
0.5472836097279640109696728650
0.5472836097279640109696728650
0.5470063597417826584694351536
0.5470063597417826584694351536
0.5526751160283076571631814183
0.5526751160283076571631814183
0.5526751160283076571631814183
0.5554844700020304098635842249
0.5554844700020304098635842249
0.5554844700020304098635842249
0.5500347546799651329334328809
0.5500347546799651329334328809
0.5527845337881480680322969869
0.5527845337881480680322969869
0.5527845337881480680322969869
0.5501125346282988867342023155
0.5501125346282988867342023155
0.5490993297156556515211826673
0.5490993297156556515211826673
0.5490993297156556515211826673
0.5543330740377894232924930436
0.5543330740377894232924930436
0.5543330740377894232924930436
0.5499766662137283500473473103
0.5499766662137283500473473103
0.5466880362740062383495821778
0.5466880362740062383495821778
0.5466880362740062383495821778
0.5464821495914721130308299766
0.5464821495914721130308299766
0.5471520621769723650185282820
0.5471520621769723650185282820
0.5471520621769723650185282820
0.5433981231338869508009664558
0.5433981231338869508009664558
0.5457260808881441060034308200
0.5457260808881441060034308200
0.5457260808881441060034308200
0.5486436107679986538110070706
0.5486436107679986538110070706
0.5431129745347969780675097786
0.5431129745347969780675097786
0.5431129745347969780675097786
0.5485167925160753909558952737
0.5485167925160753909558952737
0.5485167925160753909558952737
0.5508145333217159301587039547
0.5508145333217159301587039547
0.5453189761440234860470237329
0.5453189761440234860470237329
0.5453189761440234860470237329
0.5446341479031446129849693728
0.5446341479031446129849693728
0.5500035023461000158021175782
0.5500035023461000158021175782
0.5500035023461000158021175782
0.5503887166146928366476415222
0.5503887166146928366476415222
0.5478671877104907226807034994
0.5478671877104907226807034994
0.5478671877104907226807034994
0.5446783771343930548104836798
0.5446783771343930548104836798
0.5446783771343930548104836798
0.5440772822282681981118034711
0.5440772822282681981118034711
0.5426787311142477655581973544
0.5426787311142477655581973544
0.5426787311142477655581973544
0.5447280348398403766728701969
0.5447280348398403766728701969
0.5454557385409754057281748317
0.5454557385409754057281748317
0.5454557385409754057281748317
0.5494504836416337229001653119
0.5494504836416337229001653119
0.5474766260973199292749909862
0.5474766260973199292749909862
0.5474766260973199292749909862
0.5515825101376349809474761331
0.5515825101376349809474761331
0.5540633618264895423803934202
0.5540633618264895423803934202
0.5540633618264895423803934202
0.5539506167001272630576108663
0.5539506167001272630576108663
0.5539506167001272630576108663
0.5571771130568563026246248180
0.5571771130568563026246248180
0.5549979849420423071657461703
0.5549979849420423071657461703
0.5549979849420423071657461703
0.5557353310461382573783062196
0.5557353310461382573783062196
0.5568349862091630157172040797
0.5568349862091630157172040797
0.5568349862091630157172040797
0.5595393918941879346943710819
0.5595393918941879346943710819
0.5595196761746267952553133222
0.5595196761746267952553133222
0.5595196761746267952553133222
0.5632389394137806460880697404
0.5632389394137806460880697404
0.5620360057651435827466780283
0.5620360057651435827466780283
0.5620360057651435827466780283
0.5614384739929332225790448489
0.5614384739929332225790448489
0.5614384739929332225790448489
0.5611169843130432277460602016
0.5611169843130432277460602016
0.5586063167506883602872276592
0.5586063167506883602872276592
0.5586063167506883602872276592
0.5594573892581056965862604140
0.5594573892581056965862604140
0.5630771386612252114759095956
0.5630771386612252114759095956
0.5630771386612252114759095956
0.5657825862700989070886695828
0.5657825862700989070886695828
0.5635094128304342803934607181
0.5635094128304342803934607181
0.5635094128304342803934607181
0.5634982646195401029064893984
0.5634982646195401029064893984
0.5634982646195401029064893984
0.5648081945577898551102937106
0.5648081945577898551102937106
0.5666853870513531105823607975
0.5666853870513531105823607975
0.5666853870513531105823607975
0.5686337445627365500183476108
0.5686337445627365500183476108
0.5696194089705978497388575151
0.5696194089705978497388575151
0.5696194089705978497388575151
0.5693322129221147942085392119
0.5693322129221147942085392119
0.5697733525160777693693823585
0.5697733525160777693693823585
0.5697733525160777693693823585
0.5685969731701476918992108667
0.5685969731701476918992108667
0.5685969731701476918992108667
0.5728228363284512830330572826
0.5728228363284512830330572826
0.5719802809729059672002423254
0.5719802809729059672002423254
0.5719802809729059672002423254
0.5709780985152197417098273222
0.5709780985152197417098273222
0.5692103205385141919640094566
0.5692103205385141919640094566
0.5692103205385141919640094566
0.5718858815158144628916320094
0.5718858815158144628916320094
0.5708092134029547216792394571
0.5708092134029547216792394571
0.5708092134029547216792394571
0.5692989986385325315354113355
0.5692989986385325315354113355
0.5692989986385325315354113355
0.5697590587437339416644330675
0.5697590587437339416644330675
0.5693902911103942581281707977
0.5693902911103942581281707977
0.5693902911103942581281707977
0.5706210094154230928507758669
0.5706210094154230928507758669
0.5697679467163654769925591644
0.5697679467163654769925591644
0.5697679467163654769925591644
0.5699237663898583927937071064
0.5699237663898583927937071064
0.5693057192536398017226467230
0.5693057192536398017226467230
0.5693057192536398017226467230
0.5713780278067702000851573682
0.5713780278067702000851573682
0.5696092217727047826830864472
0.5696092217727047826830864472
0.5696092217727047826830864472
0.5684521181855931993410353159
0.5684521181855931993410353159
0.5684521181855931993410353159
0.5688349589934279475635610232
0.5688349589934279475635610232
0.5675963870242889364431460388
0.5675963870242889364431460388
0.5675963870242889364431460388
0.5674092476182225571156181089
0.5674092476182225571156181089
0.5682088986815797196592424581
0.5682088986815797196592424581
0.5682088986815797196592424581
0.5710749435225978092198708409
0.5710749435225978092198708409
0.5713664197225398807331700342
0.5713664197225398807331700342
0.5713664197225398807331700342
0.5696399759714631532286941972
0.5696399759714631532286941972
0.5708284244724612943887279569
0.5708284244724612943887279569
0.5708284244724612943887279569
0.5721380678890404838711131214
0.5721380678890404838711131214
0.5721380678890404838711131214
0.5697170162064190170327849553
0.5697170162064190170327849553
0.5703055518751605516393908405
0.5703055518751605516393908405
0.5703055518751605516393908405
0.5688348949327983418625438241
0.5688348949327983418625438241
0.5681532057639668784334406901
0.5681532057639668784334406901
0.5681532057639668784334406901
0.5674839820891139029497307865
0.5674839820891139029497307865
0.5674839820891139029497307865
0.5677002135061823193771916934
0.5677002135061823193771916934
0.5670378133970190877447793016
0.5670378133970190877447793016
0.5670378133970190877447793016
0.5671966092782326132382884108
0.5671966092782326132382884108
0.5661607337227863077932180489
0.5661607337227863077932180489
0.5661607337227863077932180489
0.5672328509543591351608383713
0.5672328509543591351608383713
0.5668192368722519204054145897
0.5668192368722519204054145897
0.5668192368722519204054145897
0.5672143251804370258273267503
0.5672143251804370258273267503
0.5675609946485431609597608650
0.5675609946485431609597608650
0.5675609946485431609597608650
0.5697244765710647870179589668
0.5697244765710647870179589668
0.5697244765710647870179589668
0.5719770774451419413770315931
0.5719770774451419413770315931
0.5717301793753949270939189582
0.5717301793753949270939189582
0.5717301793753949270939189582
0.5704917192478557780365006049
0.5704917192478557780365006049
0.5720676457569593564511399083
0.5720676457569593564511399083
0.5720676457569593564511399083
0.5718871672747462890082023165
0.5718871672747462890082023165
0.5705959488032800913891351538
0.5705959488032800913891351538
0.5705959488032800913891351538
0.5715074565228046287580112729
0.5715074565228046287580112729
0.5715074565228046287580112729
