0.0008315127610110625629699649271
0.0008315127610110625629699649271
0.0008383940940591184799959367707
0.0008383940940591184799959367707
0.0008383940940591184799959367707
0.0007512957019389568821206706870
0.0007512957019389568821206706870
0.001062080380761868875673694374
0.001062080380761868875673694374
0.001062080380761868875673694374
0.0009745596427755475715834613900
0.0009745596427755475715834613900
0.0008293879076748908537951947486
0.0008293879076748908537951947486
0.0008293879076748908537951947486
0.0007215585802576361169429577082
0.0007215585802576361169429577082
0.0006500703323490153742959009674
0.0006500703323490153742959009674
0.0006500703323490153742959009674
0.0005942635560166827153046128429
0.0005942635560166827153046128429
0.0005942635560166827153046128429
0.0006023091270801258270083137427
0.0006023091270801258270083137427
0.0005816654170086113739812520341
0.0005816654170086113739812520341
0.0005816654170086113739812520341
0.0005944374082616162914785137651
0.0005944374082616162914785137651
0.0006036996680157484430625089130
0.0006036996680157484430625089130
0.0006036996680157484430625089130
0.0006200055226579646937467795342
0.0006200055226579646937467795342
0.0006006819540553645118402298311
0.0006006819540553645118402298311
0.0006006819540553645118402298311
0.0006328704628209175196109870848
0.0006328704628209175196109870848
0.0006368942069375322465086652153
0.0006368942069375322465086652153
0.0006368942069375322465086652153
0.0006425065285509152852755887675
0.0006425065285509152852755887675
0.0006425065285509152852755887675
0.0006513834146887768126309457399
0.0006513834146887768126309457399
0.0006522245530996488778253276505
0.0006522245530996488778253276505
0.0006522245530996488778253276505
0.0006756781368294542814891215126
0.0006756781368294542814891215126
0.0007420330475127944430349197639
0.0007420330475127944430349197639
0.0007420330475127944430349197639
0.0007826273701489038136566507208
0.0007826273701489038136566507208
0.0007826273701489038136566507208
0.0007535855294788773552722632856
0.0007535855294788773552722632856
0.0007835085202855756323261845668
0.0007835085202855756323261845668
0.0007835085202855756323261845668
0.0007992935195349263108174434646
0.0007992935195349263108174434646
0.0008302409988983880102731286178
0.0008302409988983880102731286178
0.0008302409988983880102731286178
0.0008340509794973992435566837409
0.0008340509794973992435566837409
0.0008322989657412401441126462613
0.0008322989657412401441126462613
0.0008322989657412401441126462613
0.0008075903377931539138651466674
0.0008075903377931539138651466674
0.0007985535098120165930312523338
0.0007985535098120165930312523338
0.0007985535098120165930312523338
0.0007790968632205583298820060271
0.0007790968632205583298820060271
0.0007790968632205583298820060271
0.0007806732651110912171966892146
0.0007806732651110912171966892146
0.0007862387724289849210718881518
0.0007862387724289849210718881518
0.0007862387724289849210718881518
0.0007687183254761826970867657276
0.0007687183254761826970867657276
0.0007995185577378163266373477936
0.0007995185577378163266373477936
0.0007995185577378163266373477936
0.0007807822979314195532730686565
0.0007807822979314195532730686565
0.0007861732568227325558864985635
0.0007861732568227325558864985635
0.0007861732568227325558864985635
0.0007866738494807108357213374736
0.0007866738494807108357213374736
0.0007866738494807108357213374736
0.0008033919757012901831832302805
0.0008033919757012901831832302805
0.0008042586901239894374531293367
0.0008042586901239894374531293367
0.0008042586901239894374531293367
0.0008168260111501771677259223836
0.0008168260111501771677259223836
0.0008016742777948758095204107347
0.0008016742777948758095204107347
0.0008016742777948758095204107347
0.0008183191471840434310076603544
0.0008183191471840434310076603544
0.0008195599952753692461812274216
0.0008195599952753692461812274216
0.0008195599952753692461812274216
0.0008221698288319664937087702255
0.0008221698288319664937087702255
0.0008121543263399324605267373435
0.0008121543263399324605267373435
0.0008121543263399324605267373435
0.0008332349610745535277414675149
0.0008332349610745535277414675149
0.0008332349610745535277414675149
0.0008199474188635126455786212643
0.0008199474188635126455786212643
0.0008121742486933254604157484654
0.0008121742486933254604157484654
0.0008121742486933254604157484654
0.0008130649080521254200940081760
0.0008130649080521254200940081760
0.0008219226593725723300955436855
0.0008219226593725723300955436855
0.0008219226593725723300955436855
0.0008300470086114066970892883501
0.0008300470086114066970892883501
0.0008038662876759882453194353169
0.0008038662876759882453194353169
0.0008038662876759882453194353169
0.0008115017870233020680900719472
0.0008115017870233020680900719472
0.0008188245197633139462906260220
0.0008188245197633139462906260220
0.0008188245197633139462906260220
0.0008225450715448056627595705869
0.0008225450715448056627595705869
0.0008225450715448056627595705869
0.0008336892275232162119158455018
0.0008336892275232162119158455018
0.0008379252979531434338341442306
0.0008379252979531434338341442306
0.0008379252979531434338341442306
0.0008399522311607208244526702930
0.0008399522311607208244526702930
0.0008482347263595007942935551954
0.0008482347263595007942935551954
0.0008482347263595007942935551954
0.0008296818103043025921530379114
0.0008296818103043025921530379114
0.0008296884563461978820303250122
0.0008249543569095146911910589815
0.0008249543569095146911910589815
0.0008220071094417090453166548182
0.0008220071094417090453166548182
0.0008220071094417090453166548182
0.0008214559220070578955843992600
0.0008214559220070578955843992600
0.0008188955926901138256320046616
0.0008188955926901138256320046616
0.0008188955926901138256320046616
0.0008237668176117318299372461327
0.0008237668176117318299372461327
0.0008220604224109920158320267125
0.0008220604224109920158320267125
0.0008220604224109920158320267125
0.0008251371144533476691644480567
0.0008251371144533476691644480567
0.0008423003895997850955342019412
0.0008423003895997850955342019412
0.0008423003895997850955342019412
0.0008519455694608867724006128392
0.0008519455694608867724006128392
0.0008519455694608867724006128392
0.0008582657569502851648664073404
0.0008582657569502851648664073404
0.0008607552509167424059961401057
0.0008607552509167424059961401057
0.0008607552509167424059961401057
0.0008637627297111843083587699204
0.0008637627297111843083587699204
0.0008622700251328149915037725132
0.0008622700251328149915037725132
0.0008622700251328149915037725132
0.0008775490437418431025974244578
0.0008775490437418431025974244578
0.0008779970480473883020312004626
0.0008779970480473883020312004626
0.0008779970480473883020312004626
0.0008823754540220939318433632297
0.0008823754540220939318433632297
0.0008823754540220939318433632297
0.0008852536665125988052360205118
0.0008852536665125988052360205118
0.0008771360669256290199212655343
0.0008771360669256290199212655343
0.0008771360669256290199212655343
0.0008897940390648862459400083925
0.0008897940390648862459400083925
0.0009025077907258047204113844296
0.0009025077907258047204113844296
0.0009025077907258047204113844296
0.0009004713664146846947153480619
0.0009004713664146846947153480619
0.0009066760826284431658872320656
0.0009066760826284431658872320656
0.0009066760826284431658872320656
0.0009056723537813978408368105042
0.0009056723537813978408368105042
0.0009069826020347598580115800882
0.0009069826020347598580115800882
0.0009069826020347598580115800882
0.0009063532039001380028477048333
0.0009063532039001380028477048333
0.0009063532039001380028477048333
0.0009026152495257292680723913236
0.0009026152495257292680723913236
0.0009002507003842094681306053502
0.0009002507003842094681306053502
0.0009002507003842094681306053502
0.0008965702430735528235603385209
0.0008965702430735528235603385209
0.0008890934830188967814822071316
0.0008890934830188967814822071316
0.0008890934830188967814822071316
0.0008820091154321856707151956435
0.0008820091154321856707151956435
0.0008776161833128123250180548185
0.0008776161833128123250180548185
0.0008776161833128123250180548185
0.0008752214493775471451868338445
0.0008752214493775471451868338445
0.0008714649074263921554114109391
0.0008714649074263921554114109391
0.0008714649074263921554114109391
0.0008731312755593109883795223998
0.0008731312755593109883795223998
0.0008731312755593109883795223998
0.0008865416176318911192942171429
0.0008865416176318911192942171429
0.0008876717077627767704666356695
0.0008876717077627767704666356695
0.0008876717077627767704666356695
0.0008890036821919459697148773581
0.0008890036821919459697148773581
0.0008876454359180750189817092490
0.0008876454359180750189817092490
0.0008876454359180750189817092490
0.0008878872244589336021098320893
0.0008878872244589336021098320893
0.0008821782407395323936249275407
0.0008821782407395323936249275407
0.0008821782407395323936249275407
0.0008841997608371124398215910727
0.0008841997608371124398215910727
0.0008841997608371124398215910727
0.0008863218927355911281333169051
0.0008863218927355911281333169051
0.0008967420371309778941083807831
0.0008967420371309778941083807831
0.0008967420371309778941083807831
0.0009007772933273066431452014095
0.0009007772933273066431452014095
0.0009115275058410664786705465907
0.0009115275058410664786705465907
0.0009115275058410664786705465907
0.0009143925461472404602639262629
0.0009143925461472404602639262629
0.0009143046056873720554087471477
0.0009143046056873720554087471477
0.0009143046056873720554087471477
0.0009342898179083598009801174443
0.0009342898179083598009801174443
0.0009342898179083598009801174443
0.0009433338052956375093456910970
0.0009433338052956375093456910970
0.0009448924524410986881467174257
0.0009448924524410986881467174257
0.0009448924524410986881467174257
0.0009507233278545433369349216403
0.0009507233278545433369349216403
0.0009601772142662320080745195071
0.0009601772142662320080745195071
0.0009601772142662320080745195071
0.0009655676778615964587322081432
0.0009655676778615964587322081432
0.0009730591145835391555725676873
0.0009730591145835391555725676873
0.0009730591145835391555725676873
0.0009680460985087796368622577166
0.0009680460985087796368622577166
0.0009680460985087796368622577166
