0.4285475591906999550654603312
0.4285475591906999550654603312
0.5353378341611191607746906373
0.5353378341611191607746906373
0.5353378341611191607746906373
0.5984522290992827561447361076
0.5984522290992827561447361076
0.4967783275289696815974752617
0.4967783275289696815974752617
0.4967783275289696815974752617
0.5014997418458121591927991252
0.5014997418458121591927991252
0.5265446107406369763639427942
0.5265446107406369763639427942
0.5265446107406369763639427942
0.5231091132028556474932977254
0.5231091132028556474932977254
0.5374096718535271893337624075
0.5374096718535271893337624075
0.5374096718535271893337624075
0.5163794859291034907146280495
0.5163794859291034907146280495
0.5163794859291034907146280495
0.5554044054893733572911806845
0.5554044054893733572911806845
0.5638153642244643590866001322
0.5638153642244643590866001322
0.5638153642244643590866001322
0.5854105779081275397817706314
0.5854105779081275397817706314
0.5893635806955779203366648171
0.5893635806955779203366648171
0.5893635806955779203366648171
0.5802644771019882759943852456
0.5802644771019882759943852456
0.5660508792628728994072269113
0.5660508792628728994072269113
0.5660508792628728994072269113
0.5766162621487611261587606011
0.5766162621487611261587606011
0.5650052671438918474593829723
0.5650052671438918474593829723
0.5650052671438918474593829723
0.5534480849235815730732839704
0.5534480849235815730732839704
0.5534480849235815730732839704
0.5415538431406669116643826902
0.5415538431406669116643826902
0.5618645981907327618680131219
0.5618645981907327618680131219
0.5618645981907327618680131219
0.5440550158648082723200167259
0.5440550158648082723200167259
0.5482185192937238458920549113
0.5482185192937238458920549113
0.5482185192937238458920549113
0.5398028026830692327666188754
0.5398028026830692327666188754
0.5573274057542701039730998534
0.5573274057542701039730998534
0.5573274057542701039730998534
0.5616314444403212967277845960
0.5616314444403212967277845960
0.5616314444403212967277845960
0.5676893681079154817422496785
0.5676893681079154817422496785
0.5657581427139170548212931749
0.5657581427139170548212931749
0.5657581427139170548212931749
0.5775143733641298186559110287
0.5775143733641298186559110287
0.5823037101987675337051086093
0.5823037101987675337051086093
0.5823037101987675337051086093
0.5809479503834500489639619634
0.5809479503834500489639619634
0.5956199057830483079376422307
0.5956199057830483079376422307
0.5956199057830483079376422307
0.5932672462329577507550333310
0.5932672462329577507550333310
0.5932672462329577507550333310
0.5973458279936287459359981532
0.5973458279936287459359981532
0.5910886409084708262176684956
0.5910886409084708262176684956
0.5910886409084708262176684956
0.5795260946937499211616413681
0.5795260946937499211616413681
0.5799042319858472038277750461
0.5799042319858472038277750461
0.5799042319858472038277750461
0.5784281288539592454970654235
0.5784281288539592454970654235
0.5740692235841327764404060857
0.5740692235841327764404060857
0.5740692235841327764404060857
0.5799686395932664159941296467
0.5799686395932664159941296467
0.5799686395932664159941296467
0.5855094944634580731226270810
0.5855094944634580731226270810
0.5906816164883587089794596597
0.5906816164883587089794596597
0.5906816164883587089794596597
0.5864794484769736769656706681
0.5864794484769736769656706681
0.5857767787674310547935564248
0.5857767787674310547935564248
0.5857767787674310547935564248
0.5840873055098815010045642543
0.5840873055098815010045642543
0.5837055139040087275181963651
0.5837055139040087275181963651
0.5837055139040087275181963651
0.5831474475852291902360377833
0.5831474475852291902360377833
0.5855619483038582925087294657
0.5855619483038582925087294657
0.5855619483038582925087294657
0.5841563641623987902332996646
0.5841563641623987902332996646
0.5841563641623987902332996646
0.5762016371617215063142544413
0.5762016371617215063142544413
0.5780988423502871427815718229
0.5780988423502871427815718229
0.5780988423502871427815718229
0.5707970961903778854317421181
0.5707970961903778854317421181
0.5706057804593985424572651854
0.5706057804593985424572651854
0.5706057804593985424572651854
0.5716154454760275162370591066
0.5716154454760275162370591066
0.5714014882459798709369057182
0.5714014882459798709369057182
0.5714014882459798709369057182
0.5781325026957714425533693137
0.5781325026957714425533693137
0.5796357960140481359340833338
0.5796357960140481359340833338
0.5796357960140481359340833338
0.5821351413364453388212810952
0.5821351413364453388212810952
0.5821351413364453388212810952
0.5858154543519976601857942102
0.5858154543519976601857942102
0.5866044889237151209024014753
0.5866044889237151209024014753
0.5866044889237151209024014753
0.5810309515286593762285508818
0.5810309515286593762285508818
0.5818156052177799604422870970
0.5818156052177799604422870970
0.5818156052177799604422870970
0.5825814781109229267286718099
0.5825814781109229267286718099
0.5820224619626268037694611441
0.5802094962626753124882685778
0.5802094962626753124882685778
0.5807697753692374046373325240
0.5807697753692374046373325240
0.5807697753692374046373325240
0.5833804823391920973505367486
0.5833804823391920973505367486
0.5825566747319241370890767052
0.5825566747319241370890767052
0.5825566747319241370890767052
0.5841574916360380954436280939
0.5841574916360380954436280939
0.5793671968148441096633712516
0.5793671968148441096633712516
0.5793671968148441096633712516
0.5786904134798295963264802255
0.5786904134798295963264802255
0.5785933172731665987616898786
0.5785933172731665987616898786
0.5785933172731665987616898786
0.5769261145012756851232457185
0.5769261145012756851232457185
0.5769261145012756851232457185
0.5777327812875499031969328171
0.5777327812875499031969328171
0.5758081406251494648626811704
0.5758081406251494648626811704
0.5758081406251494648626811704
0.5752874814932629183996864625
0.5752874814932629183996864625
0.5744933879991127395181027750
0.5744933879991127395181027750
0.5744933879991127395181027750
0.5755444521460870940656523117
0.5755444521460870940656523117
0.5739728197569792006552944159
0.5739728197569792006552944159
0.5739728197569792006552944159
0.5730517825334134689784815357
0.5730517825334134689784815357
0.5730517825334134689784815357
0.5730179178319389002735530615
0.5730179178319389002735530615
0.5719838301865977170465025005
0.5719838301865977170465025005
0.5719838301865977170465025005
0.5759038547083143756495805798
0.5759038547083143756495805798
0.5733683538373028851692651429
0.5733683538373028851692651429
0.5733683538373028851692651429
0.5758026789329008829453721157
0.5758026789329008829453721157
0.5756183654627741790156821910
0.5756183654627741790156821910
0.5756183654627741790156821910
0.5779204558506459048255008395
0.5779204558506459048255008395
0.5743401748698259648165342062
0.5743401748698259648165342062
0.5743401748698259648165342062
0.5778452164732295728760911450
0.5778452164732295728760911450
0.5778452164732295728760911450
0.5766849708606884670676551936
0.5766849708606884670676551936
0.5764441009121018464331862122
0.5764441009121018464331862122
0.5764441009121018464331862122
0.5761346391517380677469028932
0.5761346391517380677469028932
0.5792676286985964787139653761
0.5792676286985964787139653761
0.5792676286985964787139653761
0.5771737279503489103644300926
0.5771737279503489103644300926
0.5797070830528461549988280343
0.5797070830528461549988280343
0.5797070830528461549988280343
0.5794596374145868370410177131
0.5794596374145868370410177131
0.5800540734672325638437249682
0.5800540734672325638437249682
0.5800540734672325638437249682
0.5806653610792569588502401226
0.5806653610792569588502401226
0.5806653610792569588502401226
0.5794030732325508789338615598
0.5794030732325508789338615598
0.5789666667488057497627795979
0.5789666667488057497627795979
0.5789666667488057497627795979
0.5778803807462259556183710066
0.5778803807462259556183710066
0.5766251866322824762666643805
0.5766251866322824762666643805
0.5766251866322824762666643805
0.5763480946890250636725748876
0.5763480946890250636725748876
0.5763480946890250636725748876
0.5742050417379287396820739449
0.5742050417379287396820739449
0.5722171606245997848611874852
0.5722171606245997848611874852
0.5722171606245997848611874852
0.5729466969224337897383020291
0.5729466969224337897383020291
0.5756782726877323854282716047
0.5756782726877323854282716047
0.5756782726877323854282716047
0.5751235574399743281892278926
0.5751235574399743281892278926
0.5742466343153167278833860406
0.5742466343153167278833860406
0.5742466343153167278833860406
0.5755039406519952828379798163
0.5755039406519952828379798163
0.5727001729875918018370471711
0.5727001729875918018370471711
0.5727001729875918018370471711
0.5754773513730664846002203301
0.5754773513730664846002203301
0.5754773513730664846002203301
0.5767484925750599350068408248
0.5767484925750599350068408248
0.5770613805388784125188829888
0.5770613805388784125188829888
0.5770613805388784125188829888
0.5774991449975462293100039938
0.5774991449975462293100039938
0.5787677673801775649253559910
0.5787677673801775649253559910
0.5787677673801775649253559910
0.5783569452402465855787146639
0.5783569452402465855787146639
0.5779675620097190668385924277
0.5779675620097190668385924277
0.5779675620097190668385924277
0.5755105635401631481343011286
0.5755105635401631481343011286
0.5755105635401631481343011286
0.5779973505763392631976836232
0.5779973505763392631976836232
0.5756533712038019612433108645
0.5756533712038019612433108645
0.5756533712038019612433108645
0.5739634957687345367249976081
0.5739634957687345367249976081
0.5729189545038705811501934755
0.5729189545038705811501934755
0.5729189545038705811501934755
0.5727461314583164315593532628
0.5727461314583164315593532628
0.5767150186688001780841076439
0.5767150186688001780841076439
0.5767150186688001780841076439
0.5752852937648877608952318683
0.5752852937648877608952318683
0.5756893836762048611650802604
0.5756893836762048611650802604
0.5756893836762048611650802604
0.5745332008540997704151998302
0.5745332008540997704151998302
0.5745332008540997704151998302
0.5744704985049121925934580914
0.5744704985049121925934580914
0.5744945811296529593128235483
0.5744945811296529593128235483
0.5744945811296529593128235483
0.5753383727990325441150847485
0.5753383727990325441150847485
0.5761435386778786694286969390
0.5761435386778786694286969390
0.5761435386778786694286969390
0.5780889687330880317067811507
0.5780889687330880317067811507
0.5774505965300973938496168321
0.5774505965300973938496168321
0.5774505965300973938496168321
0.5771284513922395865172966450
0.5771284513922395865172966450
0.5780533649016841959093402961
0.5780533649016841959093402961
0.5780533649016841959093402961
0.5779617305939189499167350581
0.5779617305939189499167350581
0.5779617305939189499167350581
0.5802999204873690669496089558
0.5802999204873690669496089558
0.5819013887021640101021307249
0.5819013887021640101021307249
0.5819013887021640101021307249
0.5834358481541625475274531948
0.5834358481541625475274531948
0.5823913671921258693819941157
0.5823913671921258693819941157
0.5823913671921258693819941157
0.5826139446328223556854594605
0.5826139446328223556854594605
0.5833740765031655244393929703
0.5833740765031655244393929703
0.5833740765031655244393929703
0.5873359425510175347574598223
0.5873359425510175347574598223
0.5873359425510175347574598223
0.5869421206315897538518499995
0.5869421206315897538518499995
0.5852799163408338398694159220
0.5852799163408338398694159220
0.5852799163408338398694159220
0.5849948755619024230592128238
0.5849948755619024230592128238
0.5878228062414200264089210042
0.5878228062414200264089210042
0.5878228062414200264089210042
0.5869810960660352938643875716
0.5869810960660352938643875716
0.5846606788061920942661261537
0.5846606788061920942661261537
0.5846606788061920942661261537
0.5877267933393910775487565433
0.5877267933393910775487565433
0.5877267933393910775487565433
0.5888928937647228905384024724
0.5888928937647228905384024724
0.5875315105953108157351426513
0.5875315105953108157351426513
0.5875315105953108157351426513
0.5872317879069218193287833270
0.5872317879069218193287833270
0.5871958006706243779686411903
0.5871958006706243779686411903
0.5871958006706243779686411903
0.5925325557239948317196979919
0.5925325557239948317196979919
0.5932202146020113893409357153
0.5932202146020113893409357153
0.5932202146020113893409357153
0.5930960354796782757403096214
0.5930960354796782757403096214
0.5930960354796782757403096214
