0.002037608803096736821937306838
0.002037608803096736821937306838
0.001415372741208310444882473191
0.001415372741208310444882473191
0.001415372741208310444882473191
0.001587708595156809026955094482
0.001587708595156809026955094482
0.001326362261530115203902152451
0.001326362261530115203902152451
0.001326362261530115203902152451
0.001075129346903874303852098292
0.001075129346903874303852098292
0.001023102368121525082786007829
0.001023102368121525082786007829
0.001023102368121525082786007829
0.0009496741115313983726590079136
0.0009496741115313983726590079136
0.0009467277413342036561052869359
0.0009467277413342036561052869359
0.0009467277413342036561052869359
0.0009040293397652127121592164626
0.0009040293397652127121592164626
0.0009040293397652127121592164626
0.0008358686233128374689422798075
0.0008358686233128374689422798075
0.0009013314525388409031824495269
0.0009013314525388409031824495269
0.0009013314525388409031824495269
0.0008790785994361056110960891563
0.0008790785994361056110960891563
0.0008730635181887230710049193903
0.0008730635181887230710049193903
0.0008730635181887230710049193903
0.0008597953894428702558126970739
0.0008597953894428702558126970739
0.0008834108107219322315913721291
0.0008834108107219322315913721291
0.0008834108107219322315913721291
0.0008484711729444068863921885578
0.0008484711729444068863921885578
0.0008590937163807418332021865448
0.0008590937163807418332021865448
0.0008590937163807418332021865448
0.0008761818367857506671513723193
0.0008761818367857506671513723193
0.0008761818367857506671513723193
0.0008574599608196011298056908208
0.0008574599608196011298056908208
0.0008463426451932993107086506273
0.0008463426451932993107086506273
0.0008463426451932993107086506273
0.0008151874908421369160399114169
0.0008151874908421369160399114169
0.0008113959087672313701682321016
0.0008113959087672313701682321016
0.0008113959087672313701682321016
0.0008333077856699592608657175154
0.0008333077856699592608657175154
0.0008319019663236265273482392610
0.0008551471676944926730605692182
0.0008551471676944926730605692182
0.0008294984374950059140222662332
0.0008294984374950059140222662332
0.0008294984374950059140222662332
0.0008299835396421632065999640701
0.0008299835396421632065999640701
0.0008376060257393105841551415269
0.0008376060257393105841551415269
0.0008376060257393105841551415269
0.0008168502188843261994088472047
0.0008168502188843261994088472047
0.0007955546996908901039809533781
0.0007955546996908901039809533781
0.0007955546996908901039809533781
0.0007765709145194433308337692660
0.0007765709145194433308337692660
0.0007802687525302827356948049463
0.0007802687525302827356948049463
0.0007802687525302827356948049463
0.0007641752048249903887591979983
0.0007641752048249903887591979983
0.0007641752048249903887591979983
0.0007508733712375662399987498880
0.0007508733712375662399987498880
0.0007738418449094406158050846959
0.0007738418449094406158050846959
0.0007738418449094406158050846959
0.0008126694758240227737483229832
0.0008126694758240227737483229832
0.0008425537816168495831191080223
0.0008425537816168495831191080223
0.0008425537816168495831191080223
0.0008372087314764890163755613170
0.0008372087314764890163755613170
0.0008405877821306157124295203366
0.0008405877821306157124295203366
0.0008405877821306157124295203366
0.0008194398193530931165481869735
0.0008194398193530931165481869735
0.0008194398193530931165481869735
0.0008173478974205232948404211106
0.0008173478974205232948404211106
0.0008251733005212687377064409359
0.0008251733005212687377064409359
0.0008251733005212687377064409359
0.0008240932413356459073765852229
0.0008240932413356459073765852229
0.0008050243204133921693940939324
0.0008050243204133921693940939324
0.0008050243204133921693940939324
0.0008086641607974017218380141159
0.0008086641607974017218380141159
0.0008161330115766964863924338565
0.0008161330115766964863924338565
0.0008161330115766964863924338565
0.0008122123537842910596034548498
0.0008122123537842910596034548498
0.0008232877600069292728355023018
0.0008232877600069292728355023018
0.0008232877600069292728355023018
0.0008231269957384352691682294300
0.0008231269957384352691682294300
0.0008231269957384352691682294300
0.0008381538707629377925795351648
0.0008381538707629377925795351648
0.0008576216533435450180746161736
0.0008576216533435450180746161736
0.0008576216533435450180746161736
0.0008574875573909311126392784083
0.0008574875573909311126392784083
0.0008481704403472656580550102327
0.0008481704403472656580550102327
0.0008481704403472656580550102327
0.0008363828510522633646999033860
0.0008363828510522633646999033860
0.0008224470781458969602772584964
0.0008224470781458969602772584964
0.0008224470781458969602772584964
0.0008268014245562192513633257965
0.0008268014245562192513633257965
0.0008439855450896927395842794020
0.0008439855450896927395842794020
0.0008439855450896927395842794020
0.0008400184078374159822050821450
0.0008400184078374159822050821450
0.0008400184078374159822050821450
0.0008375239422947448646614277073
0.0008375239422947448646614277073
0.0008462336746601687241268049016
0.0008462336746601687241268049016
0.0008462336746601687241268049016
0.0008534291794394020012318696379
0.0008534291794394020012318696379
0.0008433463298711713842728486619
0.0008433463298711713842728486619
0.0008433463298711713842728486619
0.0008549009047319650399386455684
0.0008549009047319650399386455684
0.0008549009047319650399386455684
0.0008505297508070750575301774632
0.0008505297508070750575301774632
0.0008629794202642573422350380833
0.0008629794202642573422350380833
0.0008629794202642573422350380833
0.0008602081043615653418072254283
0.0008602081043615653418072254283
0.0008743570381100474842368536598
0.0008743570381100474842368536598
0.0008743570381100474842368536598
0.0008811109479930388175142252993
0.0008811109479930388175142252993
0.0008764758405574800157426697312
0.0008764758405574800157426697312
0.0008764758405574800157426697312
0.0008709579425215669599896957299
0.0008709579425215669599896957299
0.0008702076411753533693157985571
0.0008702076411753533693157985571
0.0008702076411753533693157985571
0.0008900825112700097754556150147
0.0008900825112700097754556150147
0.0008900825112700097754556150147
0.0008938561290610074264084580847
0.0008938561290610074264084580847
0.0008961665135519664311874016480
0.0008961665135519664311874016480
0.0008961665135519664311874016480
0.0008898278937529793404018526193
0.0008898278937529793404018526193
0.0008895578202079066775620220140
0.0008895578202079066775620220140
0.0008895578202079066775620220140
0.0008828671925968538304139639220
0.0008828671925968538304139639220
0.0008836167435345541370749499237
0.0008836167435345541370749499237
0.0008836167435345541370749499237
0.0008856001065665034650942296841
0.0008856001065665034650942296841
0.0008856001065665034650942296841
0.0008758580454013964095507729726
0.0008758580454013964095507729726
0.0008776588458451709993366476853
0.0008776588458451709993366476853
0.0008776588458451709993366476853
0.0008790958227076261556888282213
0.0008790958227076261556888282213
0.0008724366094218198053333879973
0.0008724366094218198053333879973
0.0008724366094218198053333879973
0.0008788010157289024880654866008
0.0008788010157289024880654866008
0.0008898883572413641828807896959
0.0008898883572413641828807896959
0.0008898883572413641828807896959
0.0009030336324275155222250372146
0.0009030336324275155222250372146
0.0009063114178491284356943205115
0.0009063114178491284356943205115
0.0009063114178491284356943205115
0.0008982212852295403473317818652
0.0008982212852295403473317818652
0.0008982212852295403473317818652
0.0008993123340788243422407345905
0.0008993123340788243422407345905
0.0009176969458689358192286920801
0.0009176969458689358192286920801
0.0009176969458689358192286920801
0.0009124217377597372847259983613
0.0009124217377597372847259983613
0.0009148590673959936764523188521
0.0009148590673959936764523188521
0.0009148590673959936764523188521
0.0009062347210914611489807733875
0.0009062347210914611489807733875
0.0009153741210567104410313674664
0.0009153741210567104410313674664
0.0009153741210567104410313674664
0.0009168714904500604569845624672
0.0009168714904500604569845624672
0.0009108330014553227958924428626
0.0009108330014553227958924428626
0.0009108330014553227958924428626
0.0009111744596677437206059885920
0.0009111744596677437206059885920
0.0009111744596677437206059885920
0.0009131267024706915308060283199
0.0009131267024706915308060283199
0.0009173909070940339954623477737
0.0009173909070940339954623477737
0.0009173909070940339954623477737
0.0009313133895410626287219935600
0.0009313133895410626287219935600
0.0009247160002874994187034091726
0.0009247160002874994187034091726
0.0009247160002874994187034091726
0.0009270035490922630739601508945
0.0009270035490922630739601508945
0.0009221657770264141224027400511
0.0009221657770264141224027400511
0.0009221657770264141224027400511
0.0009147824149587595619347868030
0.0009147824149587595619347868030
0.0009147824149587595619347868030
0.0009077270811203352086073286643
0.0009077270811203352086073286643
0.0009111550852351062985671972713
0.0009111550852351062985671972713
0.0009111550852351062985671972713
0.0009229746553770865584664634930
0.0009229746553770865584664634930
0.0009317988096358415815925590856
0.0009317988096358415815925590856
0.0009317988096358415815925590856
0.0009321801115917730784705691996
0.0009321801115917730784705691996
0.0009431092493489334262583272391
0.0009431092493489334262583272391
0.0009431092493489334262583272391
0.0009378986306172252007960018577
0.0009378986306172252007960018577
0.0009378986306172252007960018577
0.0009468889501284682291786403611
0.0009468889501284682291786403611
0.0009623519629035669708606947811
0.0009623519629035669708606947811
0.0009623519629035669708606947811
0.0009663279794064584541453802006
0.0009663279794064584541453802006
0.0009592415170174765879943148420
0.0009592415170174765879943148420
0.0009592415170174765879943148420
0.0009740996944348774623919065105
0.0009740996944348774623919065105
0.0009758588506771053055096167189
0.0009758588506771053055096167189
0.0009758588506771053055096167189
0.0009748384805530605123442989061
0.0009748384805530605123442989061
0.0009748384805530605123442989061
0.0009898534057014587129211976954
0.0009898534057014587129211976954
0.0009900887844700545918431560202
0.0009900887844700545918431560202
0.0009900887844700545918431560202
0.0009894221522497650130880741001
0.0009894221522497650130880741001
0.0009830058224745284845334542778
0.0009830058224745284845334542778
0.0009830058224745284845334542778
0.0009758797059290546172662760334
0.0009758797059290546172662760334
0.0009696091298343022877867179376
0.0009696091298343022877867179376
0.0009696091298343022877867179376
0.0009634694619344154039919503135
0.0009634694619344154039919503135
0.0009571210318578327904435099555
0.0009571210318578327904435099555
0.0009571210318578327904435099555
0.0009602566951975213088916808604
0.0009602566951975213088916808604
0.0009602566951975213088916808604
0.0009638928014574369270457933453
0.0009638928014574369270457933453
0.0009641848056457006762687485440
0.0009641848056457006762687485440
0.0009641848056457006762687485440
0.0009583687811240220703697886260
0.0009583687811240220703697886260
0.0009534012912089545680008473155
0.0009534012912089545680008473155
0.0009534012912089545680008473155
0.0009472236046974998231926923369
0.0009472236046974998231926923369
0.0009492199023832450084786215699
0.0009492199023832450084786215699
0.0009492199023832450084786215699
0.0009504106421343528603464382777
0.0009504106421343528603464382777
