0.3643654551070258507481766212
0.3643654551070258507481766212
0.4448782021646520130829038773
0.4448782021646520130829038773
0.4448782021646520130829038773
0.4938922096545981216259141073
0.4938922096545981216259141073
0.6356031103470794020882239848
0.6356031103470794020882239848
0.6356031103470794020882239848
0.6669403964903109560003510046
0.6669403964903109560003510046
0.6884175917250455843852381128
0.6884175917250455843852381128
0.6884175917250455843852381128
0.6426732895480672627388990784
0.6426732895480672627388990784
0.6254091656129333290262468341
0.6254091656129333290262468341
0.6254091656129333290262468341
0.6159392047583858796847981869
0.6159392047583858796847981869
0.6159392047583858796847981869
0.5759657339239964403617555933
0.5759657339239964403617555933
0.5741855568051911196826961017
0.5741855568051911196826961017
0.5741855568051911196826961017
0.5783024277568794512904712694
0.5783024277568794512904712694
0.5626876481284603279488379687
0.5626876481284603279488379687
0.5626876481284603279488379687
0.5888110303286702715900616601
0.5888110303286702715900616601
0.6086735753867558759752970551
0.6086735753867558759752970551
0.6086735753867558759752970551
0.6050058896418224845121822205
0.6050058896418224845121822205
0.5819553247413325630255528813
0.5819553247413325630255528813
0.5819553247413325630255528813
0.5889359944539242794434204338
0.5889359944539242794434204338
0.5889359944539242794434204338
0.5794652157083083090159476915
0.5794652157083083090159476915
0.6050615716460870411019160377
0.6050615716460870411019160377
0.6050615716460870411019160377
0.6049070141104213006817883327
0.6049070141104213006817883327
0.6010017333733468810597940652
0.6010017333733468810597940652
0.6010017333733468810597940652
0.6064903650091873268604894684
0.6064903650091873268604894684
0.6034792596661543355047773222
0.6034792596661543355047773222
0.6034792596661543355047773222
0.6068358424862376716523597577
0.6068358424862376716523597577
0.6068358424862376716523597577
0.6142138662781237401562018355
0.6142138662781237401562018355
0.6066831562130849075663409373
0.6066831562130849075663409373
0.6066831562130849075663409373
0.6045839851051450955358238017
0.6045839851051450955358238017
0.6062703489103415304151147673
0.6062703489103415304151147673
0.6062703489103415304151147673
0.6050106451336936502924890911
0.6050106451336936502924890911
0.6104801300916669995023564604
0.6104801300916669995023564604
0.6104801300916669995023564604
0.6119812489912036988729409551
0.6119812489912036988729409551
0.6119812489912036988729409551
0.5963100846851151552477228398
0.5963100846851151552477228398
0.5915314608034292001316823875
0.5915314608034292001316823875
0.5915314608034292001316823875
0.5891051295326201675265320613
0.5891051295326201675265320613
0.5830076236708073586304399293
0.5830076236708073586304399293
0.5830076236708073586304399293
0.5767593447970738916848451403
0.5767593447970738916848451403
0.5853381974865054306785715517
0.5853381974865054306785715517
0.5853381974865054306785715517
0.5887742240253593955720067957
0.5887742240253593955720067957
0.5887742240253593955720067957
0.5895750692716862178519926002
0.5895750692716862178519926002
0.5797588966667357606357579179
0.5797588966667357606357579179
0.5797588966667357606357579179
0.5740063536163017607687603577
0.5740063536163017607687603577
0.5717588447445362612868313211
0.5717588447445362612868313211
0.5717588447445362612868313211
0.5656094481325587329027786452
0.5656094481325587329027786452
0.5747845937215506104255365025
0.5747845937215506104255365025
0.5747845937215506104255365025
0.5800753869888137004140074469
0.5800753869888137004140074469
0.5754065652814460260162311803
0.5754065652814460260162311803
0.5754065652814460260162311803
0.5706925517220348981260026799
0.5706925517220348981260026799
0.5706925517220348981260026799
0.5699608362252812189710163405
0.5699608362252812189710163405
0.5742569386709052536335528325
0.5742569386709052536335528325
0.5742569386709052536335528325
0.5751964011385865943670996137
0.5751964011385865943670996137
0.5745170291926507802319971479
0.5745170291926507802319971479
0.5745170291926507802319971479
0.5692036223073658132171907227
0.5692036223073658132171907227
0.5751657709866007557331216805
0.5751657709866007557331216805
0.5751657709866007557331216805
0.5679997310938206792236670471
0.5679997310938206792236670471
0.5654531136695864681141708202
0.5654531136695864681141708202
0.5654531136695864681141708202
0.5630328847729746598424448839
0.5630328847729746598424448839
0.5630328847729746598424448839
0.5623614991480987165242182428
0.5623614991480987165242182428
0.5602786827448581223670791457
0.5602786827448581223670791457
0.5602786827448581223670791457
0.5600387070368667201634726767
0.5600387070368667201634726767
0.5583001810267618948586437378
0.5583001810267618948586437378
0.5583001810267618948586437378
0.5561697660885417304515673492
0.5561697660885417304515673492
0.5561697660885417304515673492
0.5558554859819080990181049255
0.5558554859819080990181049255
0.5582641344195376172911569956
0.5582641344195376172911569956
0.5582641344195376172911569956
0.5540698352061150557315414623
0.5540698352061150557315414623
0.5499078411431335592744525730
0.5499078411431335592744525730
0.5499078411431335592744525730
0.5484739132966902433861153427
0.5484739132966902433861153427
0.5523140798048506558014832460
0.5523140798048506558014832460
0.5523140798048506558014832460
0.5618125816156734531344507850
0.5618125816156734531344507850
0.5640764577721920766570733594
0.5640764577721920766570733594
0.5640764577721920766570733594
0.5648014229015945574194237132
0.5648014229015945574194237132
0.5648014229015945574194237132
0.5685101427791620808889908028
0.5685101427791620808889908028
0.5644080215108880745914362811
0.5644080215108880745914362811
0.5644080215108880745914362811
0.5673382684377360327328873502
0.5673382684377360327328873502
0.5647614182853385509475364389
0.5647614182853385509475364389
0.5647614182853385509475364389
0.5610595001270371323245654633
0.5610595001270371323245654633
0.5605955490735636608493887923
0.5605955490735636608493887923
0.5605955490735636608493887923
0.5646744769250407094508410512
0.5646744769250407094508410512
0.5646744769250407094508410512
0.5653983964322842279471631027
0.5653983964322842279471631027
0.5679417423944466629044032285
0.5679417423944466629044032285
0.5679417423944466629044032285
0.5696499859720702272797762605
0.5696499859720702272797762605
0.5715581490121082034398264573
0.5715581490121082034398264573
0.5715581490121082034398264573
0.5698084142286764368278173155
0.5698084142286764368278173155
0.5674476296126133120491673109
0.5674476296126133120491673109
0.5674476296126133120491673109
0.5669618945285446807758026461
0.5669618945285446807758026461
0.5687318824574869086657668196
0.5687318824574869086657668196
0.5687318824574869086657668196
0.5703166718275848964540711896
0.5703166718275848964540711896
0.5703166718275848964540711896
0.5786608950453974479491460592
0.5786608950453974479491460592
0.5809879865280145091708812986
0.5809879865280145091708812986
0.5809879865280145091708812986
0.5817493654574260812747259765
0.5817493654574260812747259765
0.5792156175484715580024108718
0.5792156175484715580024108718
0.5792156175484715580024108718
0.5801857686826099449585132736
0.5801857686826099449585132736
0.5845664533597714720749823437
0.5845664533597714720749823437
0.5845664533597714720749823437
0.5837693077378845966472228587
0.5837693077378845966472228587
0.5799589777125844337981075638
0.5799589777125844337981075638
0.5799589777125844337981075638
0.5772898935216676753685875395
0.5772898935216676753685875395
0.5772898935216676753685875395
0.5779830087254038558797573388
0.5779830087254038558797573388
0.5766347821032004805915160699
0.5766347821032004805915160699
0.5766347821032004805915160699
0.5751082944344420016682305551
0.5751082944344420016682305551
0.5770107298514676704184564105
0.5770107298514676704184564105
0.5770107298514676704184564105
0.5751001700639466269834168500
0.5751001700639466269834168500
0.5751001700639466269834168500
0.5745660819976490292695758578
0.5745660819976490292695758578
0.5754939139030148718857692864
0.5754939139030148718857692864
0.5754939139030148718857692864
0.5751982233570966533450292307
0.5751982233570966533450292307
0.5801548138439293371300105069
0.5801548138439293371300105069
0.5801548138439293371300105069
0.5800268086546699936140672687
0.5800268086546699936140672687
0.5798924030953046132752129909
0.5798924030953046132752129909
0.5798924030953046132752129909
0.5814908658651127186650177563
0.5814908658651127186650177563
0.5799912896499261845296462768
0.5799912896499261845296462768
0.5799912896499261845296462768
0.5804852904749805383655382163
0.5804852904749805383655382163
0.5804852904749805383655382163
0.5816219089392424159153536149
0.5816219089392424159153536149
0.5820229949001811744968940536
0.5820229949001811744968940536
0.5820229949001811744968940536
0.5854747607019310881722318279
0.5854747607019310881722318279
0.5858522600350697781658208138
0.5858522600350697781658208138
0.5858522600350697781658208138
0.5845421802715701151359641238
0.5845421802715701151359641238
0.5878872941050015661088540051
0.5878872941050015661088540051
0.5878872941050015661088540051
0.5876008590534723569780872969
0.5876008590534723569780872969
0.5876008590534723569780872969
0.5859525932818107706889828629
0.5859525932818107706889828629
0.5834118954321637902594167843
0.5834118954321637902594167843
0.5834118954321637902594167843
0.5851597575493508084566036264
0.5851597575493508084566036264
0.5839693760621895946483006516
0.5839693760621895946483006516
0.5839693760621895946483006516
0.5841712454051993289056543595
0.5841712454051993289056543595
0.5824036031996961774577578465
0.5824036031996961774577578465
0.5824036031996961774577578465
0.5840508663310075492121261494
0.5840508663310075492121261494
0.5850991046135205813321561646
0.5850991046135205813321561646
0.5850991046135205813321561646
0.5860159608986568907763845403
0.5860159608986568907763845403
0.5860159608986568907763845403
0.5889085868489593989670641351
0.5889085868489593989670641351
0.5902641555268164142431755883
0.5902641555268164142431755883
0.5902641555268164142431755883
0.5883495416189318484864167550
0.5883495416189318484864167550
0.5871935782803561452070771908
0.5871935782803561452070771908
0.5871935782803561452070771908
0.5873739780387212346423276713
0.5873739780387212346423276713
0.5843943394623215842647849472
0.5843943394623215842647849472
0.5843943394623215842647849472
0.5829575051557769093509294054
0.5829575051557769093509294054
0.5834081347348120039625394612
0.5834081347348120039625394612
0.5834081347348120039625394612
0.5842197675753758296438420769
0.5842197675753758296438420769
0.5842197675753758296438420769
0.5825984907959491608626393220
0.5825984907959491608626393220
0.5847043455973089897238806760
0.5847043455973089897238806760
0.5847043455973089897238806760
0.5849908144652449151776797149
0.5849908144652449151776797149
0.5840127647985084898330870548
0.5840127647985084898330870548
0.5840127647985084898330870548
0.5830641675400772248159653639
0.5830641675400772248159653639
0.5828126242420569273849911157
0.5818887964287042594251944664
0.5818887964287042594251944664
0.5827442814987627055044015006
0.5827442814987627055044015006
0.5827442814987627055044015006
0.5831479455808796939022634894
0.5831479455808796939022634894
0.5815520255523439845506840748
0.5815520255523439845506840748
0.5815520255523439845506840748
0.5789347791780474642816763153
0.5789347791780474642816763153
0.5809300855771870471677847442
0.5809300855771870471677847442
0.5809300855771870471677847442
0.5807111669261449949161546501
0.5807111669261449949161546501
0.5815214316872038786769801304
0.5815214316872038786769801304
0.5815214316872038786769801304
0.5825565094852027374162294603
0.5825565094852027374162294603
0.5825565094852027374162294603
0.5810969347817789168104543600
0.5810969347817789168104543600
0.5844588666596545412471269170
0.5844588666596545412471269170
0.5844588666596545412471269170
0.5836031888324656176431167163
0.5836031888324656176431167163
0.5827649266540302494649516323
0.5827649266540302494649516323
0.5827649266540302494649516323
0.5824403307122570312920693018
0.5824403307122570312920693018
0.5832205025002817885815152793
0.5832205025002817885815152793
0.5832205025002817885815152793
0.5862534722937227743390409523
0.5862534722937227743390409523
0.5862534722937227743390409523
