0.00004031327454470694656433276268
0.00004031327454470694656433276268
0.00004031327454470694656433276268
0.00003792574177570176407007283975
0.00003792574177570176407007283975
0.00003792574177570176407007283975
0.00003853604428969986094599731322
0.00003853604428969986094599731322
0.00003853604428969986094599731322
0.00003985039689391117284800973592
0.00003985039689391117284800973592
0.00003985039689391117284800973592
0.00004171935276482703713051628762
0.00004171935276482703713051628762
0.00004171935276482703713051628762
0.00004281946987781865492189660040
0.00004281946987781865492189660040
0.00004281946987781865492189660040
0.00004246364161683590477413151289
0.00004246364161683590477413151289
0.00004246364161683590477413151289
0.00004381745540732599818294323901
0.00004381745540732599818294323901
0.00004381745540732599818294323901
0.00004361617500855084532785275213
0.00004361617500855084532785275213
0.00004361617500855084532785275213
0.00004361617500855084532785275213
0.00004468250328506517140712594543
0.00004468250328506517140712594543
0.00004468250328506517140712594543
0.00004517735394524121273107564557
0.00004517735394524121273107564557
0.00004517735394524121273107564557
0.00004396711577747730525979518339
0.00004396711577747730525979518339
0.00004396711577747730525979518339
0.00004418899954539891800116741931
0.00004418899954539891800116741931
0.00004418899954539891800116741931
0.00004393450118545289111208995882
0.00004393450118545289111208995882
0.00004393450118545289111208995882
0.00004414416297706486872245924801
0.00004414416297706486872245924801
0.00004414416297706486872245924801
0.00004395742842516133744094539789
0.00004395742842516133744094539789
0.00004395742842516133744094539789
0.00004393842241970353915437688293
0.00004393842241970353915437688293
0.00004393842241970353915437688293
0.00004393842241970353915437688293
0.00004355771828348753164780935893
0.00004355771828348753164780935893
0.00004355771828348753164780935893
0.00004405343472878667272636035343
0.00004405343472878667272636035343
0.00004405343472878667272636035343
0.00004415026573946916082467494691
0.00004415026573946916082467494691
0.00004415026573946916082467494691
0.00004340441859306044570982218821
0.00004340441859306044570982218821
0.00004340441859306044570982218821
0.00004391137398823473378024232619
0.00004391137398823473378024232619
0.00004391137398823473378024232619
0.00004402856982558385532575206963
0.00004402856982558385532575206963
0.00004402856982558385532575206963
0.00004376155991972554263798030737
0.00004376155991972554263798030737
0.00004376155991972554263798030737
0.00004368996733323634905215494371
0.00004368996733323634905215494371
0.00004368996733323634905215494371
0.00004368996733323634905215494371
0.00004425663045081055648101831182
0.00004425663045081055648101831182
0.00004425663045081055648101831182
0.00004415895822618573136787549780
0.00004415895822618573136787549780
0.00004415895822618573136787549780
0.00004380696362787464474498744613
0.00004380696362787464474498744613
0.00004380696362787464474498744613
0.00004411200508263336698964390767
0.00004411200508263336698964390767
0.00004411200508263336698964390767
0.00004396595768416412525614954435
0.00004396595768416412525614954435
0.00004396595768416412525614954435
0.00004396901637024970243556820882
0.00004396901637024970243556820882
0.00004396901637024970243556820882
0.00004401215652597285696396580102
0.00004401215652597285696396580102
0.00004401215652597285696396580102
0.00004377435511226160924058387853
0.00004377435511226160924058387853
0.00004377435511226160924058387853
0.00004356723197539076594955769066
0.00004356723197539076594955769066
0.00004356723197539076594955769066
0.00004356723197539076594955769066
0.00004353527109241693911555328344
0.00004353527109241693911555328344
0.00004353527109241693911555328344
0.00004368902979613058168724372397
0.00004368902979613058168724372397
0.00004368902979613058168724372397
0.00004343309380746733008558260623
0.00004343309380746733008558260623
0.00004343309380746733008558260623
0.00004361577551541093252568157462
0.00004361577551541093252568157462
0.00004361577551541093252568157462
0.00004350604592186856594740768970
0.00004350604592186856594740768970
0.00004350604592186856594740768970
0.00004343296121336625013696354966
0.00004343296121336625013696354966
0.00004343296121336625013696354966
0.00004362617305728575254118151682
0.00004362617305728575254118151682
0.00004362617305728575254118151682
0.00004358702287025832700019779806
0.00004358702287025832700019779806
0.00004358702287025832700019779806
0.00004358702287025832700019779806
0.00004371490554693828749438726631
0.00004371490554693828749438726631
0.00004371490554693828749438726631
0.00004386356548903967514914416442
0.00004386356548903967514914416442
0.00004386356548903967514914416442
0.00004388213758810383868246268841
0.00004388213758810383868246268841
0.00004388213758810383868246268841
0.00004361118372566510382998753611
0.00004361118372566510382998753611
0.00004361118372566510382998753611
0.00004361200549652098492780123506
0.00004361200549652098492780123506
0.00004361200549652098492780123506
0.00004364916088508848907352898973
0.00004364916088508848907352898973
0.00004364916088508848907352898973
0.00004399124699605383339527250356
0.00004399124699605383339527250356
0.00004399124699605383339527250356
0.00004399659735539271051332518012
0.00004399659735539271051332518012
0.00004399659735539271051332518012
0.00004399659735539271051332518012
0.00004392367165931362636959865556
0.00004392367165931362636959865556
0.00004392367165931362636959865556
0.00004407141075346219762087527697
0.00004407141075346219762087527697
0.00004407141075346219762087527697
0.00004433688572343211392893714638
0.00004433688572343211392893714638
0.00004433688572343211392893714638
0.00004429600432099365128130892276
0.00004429600432099365128130892276
0.00004429600432099365128130892276
0.00004417401293795429083133545188
0.00004417401293795429083133545188
0.00004417401293795429083133545188
0.00004429334307662082768202106847
0.00004429334307662082768202106847
0.00004429334307662082768202106847
0.00004433038425617904231596610354
0.00004433038425617904231596610354
0.00004433038425617904231596610354
0.00004436331118452342564179810559
0.00004436331118452342564179810559
0.00004436331118452342564179810559
0.00004426524168771463564984700351
0.00004426524168771463564984700351
0.00004426524168771463564984700351
0.00004426524168771463564984700351
0.00004437886946534771375841159507
0.00004437886946534771375841159507
0.00004437886946534771375841159507
0.00004418479362354924900161430385
0.00004418479362354924900161430385
0.00004418479362354924900161430385
0.00004399772567369634718682876818
0.00004399772567369634718682876818
0.00004399772567369634718682876818
0.00004417440259511706299762326114
0.00004417440259511706299762326114
0.00004417440259511706299762326114
0.00004412016180205387350278399689
0.00004412016180205387350278399689
0.00004412016180205387350278399689
0.00004412357464106519576178384388
0.00004403916861527305710944183981
0.00004403916861527305710944183981
0.00004403916861527305710944183981
0.00004401826722892311812217896461
0.00004401826722892311812217896461
0.00004401826722892311812217896461
0.00004410940021929518224264430469
0.00004410940021929518224264430469
0.00004410940021929518224264430469
0.00004410272783666248094215574006
0.00004410272783666248094215574006
0.00004410272783666248094215574006
0.00004394311516989818628679321618
0.00004394311516989818628679321618
0.00004394311516989818628679321618
0.00004381547086784052090147411677
0.00004381547086784052090147411677
0.00004381547086784052090147411677
0.00004391858010242777781261014277
0.00004391858010242777781261014277
0.00004391858010242777781261014277
0.00004389749906195475185413264469
0.00004389749906195475185413264469
0.00004389749906195475185413264469
0.00004389749906195475185413264469
0.00004386909262117439120097719058
0.00004386909262117439120097719058
0.00004386909262117439120097719058
0.00004393742710581843419086909915
0.00004393742710581843419086909915
0.00004393742710581843419086909915
0.00004391988706045045370878586718
0.00004391988706045045370878586718
0.00004391988706045045370878586718
0.00004373006481134687974088311228
0.00004373006481134687974088311228
0.00004373006481134687974088311228
0.00004367895924221770433691729100
0.00004367895924221770433691729100
0.00004367895924221770433691729100
0.00004354925505975550073284425858
0.00004354925505975550073284425858
0.00004354925505975550073284425858
0.00004367787457904233728193684525
0.00004367787457904233728193684525
0.00004367787457904233728193684525
0.00004363864142699610119088470774
0.00004363864142699610119088470774
0.00004363864142699610119088470774
0.00004363864142699610119088470774
0.00004371818254815537203126484025
0.00004371818254815537203126484025
0.00004371818254815537203126484025
0.00004368248252108773971117472398
0.00004368248252108773971117472398
0.00004368248252108773971117472398
0.00004357132648488004494436345772
0.00004357132648488004494436345772
0.00004357132648488004494436345772
0.00004365281769855837262965816881
0.00004365281769855837262965816881
0.00004365281769855837262965816881
0.00004379345169205385871083568840
0.00004379345169205385871083568840
0.00004379345169205385871083568840
0.00004377585343255656814445013613
0.00004377585343255656814445013613
0.00004377585343255656814445013613
0.00004378210804734128172720626068
0.00004378210804734128172720626068
0.00004378210804734128172720626068
0.00004392171773780383694931239413
0.00004392171773780383694931239413
0.00004392171773780383694931239413
0.00004394751459258572525222356235
0.00004394751459258572525222356235
0.00004394751459258572525222356235
0.00004394751459258572525222356235
0.00004395869810217405813916517136
0.00004395869810217405813916517136
0.00004395869810217405813916517136
0.00004395089243260430304631363145
0.00004395089243260430304631363145
0.00004395089243260430304631363145
0.00004399326974991100417063653769
0.00004399326974991100417063653769
0.00004399326974991100417063653769
0.00004399421321186946247231678203
0.00004399421321186946247231678203
0.00004399421321186946247231678203
0.00004403120075075432056237694210
0.00004403120075075432056237694210
0.00004403120075075432056237694210
0.00004391344741957095587557809361
0.00004391344741957095587557809361
0.00004391344741957095587557809361
0.00004388948960803428938771071071
0.00004388948960803428938771071071
0.00004388948960803428938771071071
0.00004381110182512470591157702300
0.00004381110182512470591157702300
0.00004381110182512470591157702300
0.00004381110182512470591157702300
0.00004377762207410358879948968132
0.00004377762207410358879948968132
0.00004377762207410358879948968132
0.00004382502934435352676557276476
0.00004382502934435352676557276476
0.00004382502934435352676557276476
0.00004386341636503750486829759742
0.00004386341636503750486829759742
0.00004386341636503750486829759742
0.00004387466476785922224976300527
0.00004387466476785922224976300527
0.00004387466476785922224976300527
0.00004380659502981713549701450168
0.00004380659502981713549701450168
0.00004380659502981713549701450168
0.00004380167665002265576033002903
0.00004380167665002265576033002903
0.00004380167665002265576033002903
0.00004372562441296168277929671116
0.00004372562441296168277929671116
0.00004372562441296168277929671116
0.00004356396831908906971730959303
0.00004356396831908906971730959303
0.00004356396831908906971730959303
0.00004356396831908906971730959303
0.00004361664550076830580155323092
0.00004361664550076830580155323092
0.00004361664550076830580155323092
0.00004350686044374352498115916388
0.00004350686044374352498115916388
0.00004350686044374352498115916388
0.00004353613827564869516501831445
0.00004353613827564869516501831445
0.00004353613827564869516501831445
0.00004351615653968266686335592779
0.00004351615653968266686335592779
0.00004351615653968266686335592779
0.00004362141102345440581881242901
0.00004362141102345440581881242901
0.00004362141102345440581881242901
0.00004371631729276960808912981032
0.00004371631729276960808912981032
0.00004371631729276960808912981032
0.00004360061125145014129176159952
0.00004360061125145014129176159952
0.00004360061125145014129176159952
0.00004348149398957428698189085968
0.00004348149398957428698189085968
0.00004348149398957428698189085968
0.00004347886862406297158152175086
0.00004347886862406297158152175086
0.00004347886862406297158152175086
0.00004347886862406297158152175086
0.00004349139137023904577245151875
0.00004349139137023904577245151875
0.00004349139137023904577245151875
0.00004346520537952717012868153936
0.00004346520537952717012868153936
0.00004346520537952717012868153936
0.00004340280733336269400224394256
0.00004340280733336269400224394256
0.00004340280733336269400224394256
0.00004351594392836476331207990963
0.00004351594392836476331207990963
0.00004351594392836476331207990963
0.00004349659737522518288876452705
0.00004349659737522518288876452705
0.00004349659737522518288876452705
0.00004358795156163010234151776054
0.00004358795156163010234151776054
0.00004358795156163010234151776054
0.00004369842072306455554881485712
0.00004369842072306455554881485712
0.00004369842072306455554881485712
0.00004361941353380653280344710273
0.00004361941353380653280344710273
0.00004361941353380653280344710273
0.00004361941353380653280344710273
0.00004371423198960938495500940115
0.00004371423198960938495500940115
0.00004371423198960938495500940115
0.00004379133077931064667200852469
0.00004379133077931064667200852469
0.00004379133077931064667200852469
0.00004373161616217721142500984387
0.00004373161616217721142500984387
0.00004373161616217721142500984387
0.00004372302019048620751857758852
0.00004372302019048620751857758852
0.00004372302019048620751857758852
0.00004372671111265213793569184671
0.00004372671111265213793569184671
0.00004372671111265213793569184671
0.00004374699465231558937055748011
0.00004374699465231558937055748011
0.00004374699465231558937055748011
0.00004367935305489015803804160897
0.00004367935305489015803804160897
0.00004367935305489015803804160897
0.00004362319613097047991707253165
0.00004362319613097047991707253165
0.00004362319613097047991707253165
0.00004362319613097047991707253165
0.00004363700538284244802927017298
0.00004363700538284244802927017298
0.00004363700538284244802927017298
0.00004366879189410122512464005595
0.00004366879189410122512464005595
0.00004366879189410122512464005595
0.00004365173860051781642453946464
0.00004365173860051781642453946464
0.00004365173860051781642453946464
0.00004365898580615926103899137837
0.00004365898580615926103899137837
0.00004365898580615926103899137837
0.00004360671442605590265202398636
0.00004360671442605590265202398636
0.00004360671442605590265202398636
0.00004358934268328724202476757101
0.00004358934268328724202476757101
0.00004358934268328724202476757101
0.00004363006475946753428394654666
0.00004363006475946753428394654666
0.00004363006475946753428394654666
0.00004356986920934282402817271431
0.00004356986920934282402817271431
0.00004356986920934282402817271431
0.00004346041859989291408401380535
0.00004346041859989291408401380535
0.00004346041859989291408401380535
0.00004346041859989291408401380535
0.00004349850363151392014364846040
0.00004349850363151392014364846040
0.00004349850363151392014364846040
0.00004347105675474623274748236405
0.00004347105675474623274748236405
0.00004347105675474623274748236405
0.00004345870266648644852875419916
0.00004345870266648644852875419916
0.00004345870266648644852875419916
0.00004337491622248307624119961623
0.00004337491622248307624119961623
0.00004337491622248307624119961623
0.00004330832571396837471598451245
0.00004330832571396837471598451245
0.00004330832571396837471598451245
0.00004330428273489185521703894411
0.00004328149461350939540322918270
0.00004328149461350939540322918270
0.00004328149461350939540322918270
0.00004332177948246088287683634677
0.00004332177948246088287683634677
0.00004332177948246088287683634677
0.00004343985992961907937462508413
0.00004343985992961907937462508413
0.00004343985992961907937462508413
0.00004350649715494389232940565474
0.00004350649715494389232940565474
0.00004350649715494389232940565474
0.00004353030162289307335440529220
0.00004353030162289307335440529220
0.00004353030162289307335440529220
0.00004344655246034016192036047433
0.00004344655246034016192036047433
0.00004344655246034016192036047433
0.00004355915998799383126214723918
0.00004355915998799383126214723918
0.00004355915998799383126214723918
0.00004344301086179514313974229686
0.00004344301086179514313974229686
0.00004344301086179514313974229686
0.00004344301086179514313974229686
0.00004343570237509364334930449528
0.00004343570237509364334930449528
0.00004343570237509364334930449528
0.00004346794005726834733329889645
0.00004346794005726834733329889645
0.00004346794005726834733329889645
0.00004338539998468634407868693939
0.00004338539998468634407868693939
0.00004338539998468634407868693939
0.00004343847502208775368794363208
0.00004343847502208775368794363208
0.00004343847502208775368794363208
0.00004347726956120347936816668926
0.00004347726956120347936816668926
0.00004347726956120347936816668926
0.00004351642274455857317134082819
0.00004351642274455857317134082819
0.00004351642274455857317134082819
0.00004351478752666365160584606445
0.00004351478752666365160584606445
0.00004351478752666365160584606445
0.00004350831480695843184183729918
0.00004350831480695843184183729918
0.00004350831480695843184183729918
0.00004350831480695843184183729918
