0.00003806026821900510383846211459
0.00003806026821900510383846211459
0.00003806026821900510383846211459
0.00004271122174610194500031821086
0.00004271122174610194500031821086
0.00004271122174610194500031821086
0.00004089203030515599317247459375
0.00004089203030515599317247459375
0.00004089203030515599317247459375
0.00004034260643957942423925231458
0.00004034260643957942423925231458
0.00004034260643957942423925231458
0.00003962868763272738426210734979
0.00003962868763272738426210734979
0.00003962868763272738426210734979
0.00004082133587094209929080504908
0.00004082133587094209929080504908
0.00004082133587094209929080504908
0.00004091556677282902526327845683
0.00004091556677282902526327845683
0.00004091556677282902526327845683
0.00004176742593545680356779777304
0.00004176742593545680356779777304
0.00004176742593545680356779777304
0.00004186524939084113715276781167
0.00004186524939084113715276781167
0.00004186524939084113715276781167
0.00004186524939084113715276781167
0.00004230513660227075306899985989
0.00004230513660227075306899985989
0.00004230513660227075306899985989
0.00004332408581044082422919003381
0.00004332408581044082422919003381
0.00004332408581044082422919003381
0.00004388332851050136105587106658
0.00004388332851050136105587106658
0.00004388332851050136105587106658
0.00004354692260897717170790503413
0.00004354692260897717170790503413
0.00004354692260897717170790503413
0.00004357772781996938903977987747
0.00004357772781996938903977987747
0.00004357772781996938903977987747
0.00004381509624697290185081323225
0.00004381509624697290185081323225
0.00004381509624697290185081323225
0.00004491292824754850318224286388
0.00004491292824754850318224286388
0.00004491292824754850318224286388
0.00004441320457326499995393435514
0.00004441320457326499995393435514
0.00004441320457326499995393435514
0.00004441320457326499995393435514
0.00004411513954156523513587997920
0.00004411513954156523513587997920
0.00004411513954156523513587997920
0.00004363054455995103436789924993
0.00004363054455995103436789924993
0.00004363054455995103436789924993
0.00004316252591062149888940278579
0.00004316252591062149888940278579
0.00004316252591062149888940278579
0.00004270003689979227144930093050
0.00004270003689979227144930093050
0.00004270003689979227144930093050
0.00004258888340768794961840593947
0.00004258888340768794961840593947
0.00004258888340768794961840593947
0.00004318206397312351912339717238
0.00004318206397312351912339717238
0.00004318206397312351912339717238
0.00004330131082808397058558308386
0.00004330131082808397058558308386
0.00004330131082808397058558308386
0.00004362175935600198242178750408
0.00004362175935600198242178750408
0.00004362175935600198242178750408
0.00004362175935600198242178750408
0.00004371926862958008992809618148
0.00004371926862958008992809618148
0.00004371926862958008992809618148
0.00004430899553357241543265459612
0.00004430899553357241543265459612
0.00004430899553357241543265459612
0.00004527277202357601757924146257
0.00004527277202357601757924146257
0.00004527277202357601757924146257
0.00004472822750324160729725278513
0.00004472822750324160729725278513
0.00004472822750324160729725278513
0.00004518453612111019217850971289
0.00004518453612111019217850971289
0.00004518453612111019217850971289
0.00004537173816650254478140933863
0.00004537173816650254478140933863
0.00004537173816650254478140933863
0.00004543531244077660043138224417
0.00004543531244077660043138224417
0.00004543531244077660043138224417
0.00004580041695730844930696059290
0.00004580041695730844930696059290
0.00004580041695730844930696059290
0.00004581499841874020450663882167
0.00004581499841874020450663882167
0.00004581499841874020450663882167
0.00004581499841874020450663882167
0.00004635621365977675713088314061
0.00004635621365977675713088314061
0.00004635621365977675713088314061
0.00004615877506451390811397648787
0.00004615877506451390811397648787
0.00004615877506451390811397648787
0.00004623347097476117141318936354
0.00004623347097476117141318936354
0.00004623347097476117141318936354
0.00004632927078813745621916235500
0.00004632927078813745621916235500
0.00004632927078813745621916235500
0.00004630684721257955320311579204
0.00004630684721257955320311579204
0.00004630684721257955320311579204
0.00004611900125095804582039065103
0.00004611900125095804582039065103
0.00004611900125095804582039065103
0.00004610485766710779050304056532
0.00004610485766710779050304056532
0.00004610485766710779050304056532
0.00004619943829207253741817211488
0.00004619943829207253741817211488
0.00004619943829207253741817211488
0.00004619943829207253741817211488
0.00004597234543077149658005643441
0.00004597234543077149658005643441
0.00004597234543077149658005643441
0.00004583527875735131198499148222
0.00004583527875735131198499148222
0.00004583527875735131198499148222
0.00004586853166889800859543208196
0.00004586853166889800859543208196
0.00004586853166889800859543208196
0.00004547404436527558303618495003
0.00004547404436527558303618495003
0.00004547404436527558303618495003
0.00004540039842188469464282316181
0.00004540039842188469464282316181
0.00004540039842188469464282316181
0.00004512081225336093303934736970
0.00004512081225336093303934736970
0.00004512081225336093303934736970
0.00004533055641793948312377135708
0.00004533055641793948312377135708
0.00004533055641793948312377135708
0.00004514617956424571024969165314
0.00004514617956424571024969165314
0.00004514617956424571024969165314
0.00004514617956424571024969165314
0.00004496323288959149442474698026
0.00004496323288959149442474698026
0.00004496323288959149442474698026
0.00004476210844695335157026867174
0.00004476210844695335157026867174
0.00004476210844695335157026867174
0.00004450060918579805265948261046
0.00004450060918579805265948261046
0.00004450060918579805265948261046
0.00004442222033686986585002495265
0.00004442222033686986585002495265
0.00004442222033686986585002495265
0.00004444047606343557327115214583
0.00004444047606343557327115214583
0.00004444047606343557327115214583
0.00004446170864545754970551984749
0.00004446170864545754970551984749
0.00004446170864545754970551984749
0.00004440778121565125989419077531
0.00004440778121565125989419077531
0.00004440778121565125989419077531
0.00004450652807286572809978727525
0.00004450652807286572809978727525
0.00004450652807286572809978727525
0.00004470093280498891084231100663
0.00004470093280498891084231100663
0.00004470093280498891084231100663
0.00004470093280498891084231100663
0.00004471477612438906373493700936
0.00004471477612438906373493700936
0.00004471477612438906373493700936
0.00004456763875530913172865132687
0.00004456763875530913172865132687
0.00004456763875530913172865132687
0.00004435984479470961789015384934
0.00004435984479470961789015384934
0.00004435984479470961789015384934
0.00004453003542399915641961359920
0.00004453003542399915641961359920
0.00004453003542399915641961359920
0.00004430637062515593105455901217
0.00004430637062515593105455901217
0.00004430637062515593105455901217
0.00004422960662442506866272150395
0.00004422960662442506866272150395
0.00004422960662442506866272150395
0.00004398150221990583282782606624
0.00004398150221990583282782606624
0.00004398150221990583282782606624
0.00004411515186093337023069854596
0.00004411515186093337023069854596
0.00004411515186093337023069854596
0.00004411515186093337023069854596
0.00004420053102303720851361770989
0.00004420053102303720851361770989
0.00004420053102303720851361770989
0.00004429533272121955364198423106
0.00004429533272121955364198423106
0.00004429533272121955364198423106
0.00004432465634758123650540645018
0.00004432465634758123650540645018
0.00004432465634758123650540645018
0.00004462928098770507201625785379
0.00004462928098770507201625785379
0.00004462928098770507201625785379
0.00004477873266908752706626383140
0.00004477873266908752706626383140
0.00004477873266908752706626383140
0.00004477873266908752706626383140
0.00004468447183830791781940649863
0.00004468447183830791781940649863
0.00004468447183830791781940649863
0.00004458524099929272618174297058
0.00004458524099929272618174297058
0.00004458524099929272618174297058
0.00004447045096995889251942914383
0.00004447045096995889251942914383
0.00004447045096995889251942914383
0.00004435348153574847235843461388
0.00004435348153574847235843461388
0.00004435348153574847235843461388
0.00004412040234049086880038054279
0.00004412040234049086880038054279
0.00004412040234049086880038054279
0.00004413817666607431948121283167
0.00004413817666607431948121283167
0.00004413817666607431948121283167
0.00004409231419293170734133528269
0.00004409231419293170734133528269
0.00004409231419293170734133528269
0.00004433960650088669821312325934
0.00004433960650088669821312325934
0.00004433960650088669821312325934
0.00004433960650088669821312325934
0.00004440254376645655579048363034
0.00004440254376645655579048363034
0.00004440254376645655579048363034
0.00004427053628271171449675010037
0.00004427053628271171449675010037
0.00004427053628271171449675010037
0.00004409760678057628691279794060
0.00004409760678057628691279794060
0.00004409760678057628691279794060
0.00004419230355292625557709598786
0.00004419230355292625557709598786
0.00004419230355292625557709598786
0.00004432538995158008241997399450
0.00004432538995158008241997399450
0.00004432538995158008241997399450
0.00004435439640103216139032268839
0.00004435439640103216139032268839
0.00004435439640103216139032268839
0.00004422935268603162327626848308
0.00004422935268603162327626848308
0.00004422935268603162327626848308
0.00004429709316686796083181286796
0.00004429709316686796083181286796
0.00004429709316686796083181286796
0.00004445543406500871645336663753
0.00004445543406500871645336663753
0.00004445543406500871645336663753
0.00004445543406500871645336663753
0.00004459282901685920627830567177
0.00004459282901685920627830567177
0.00004459282901685920627830567177
0.00004444313255431135340984259492
0.00004444313255431135340984259492
0.00004444313255431135340984259492
0.00004461699640828687938842259405
0.00004461699640828687938842259405
0.00004461699640828687938842259405
0.00004454433500803056025543008855
0.00004454433500803056025543008855
0.00004454433500803056025543008855
0.00004452382437396369042502452871
0.00004452382437396369042502452871
0.00004452382437396369042502452871
0.00004453820139193057055490972082
0.00004453820139193057055490972082
0.00004453820139193057055490972082
0.00004456443156841761891536392381
0.00004456443156841761891536392381
0.00004456443156841761891536392381
0.00004445076719091975598075426211
0.00004445076719091975598075426211
0.00004445076719091975598075426211
0.00004445076719091975598075426211
0.00004447791468831139888448735304
0.00004447791468831139888448735304
0.00004447791468831139888448735304
0.00004442312318008620304714673586
0.00004442312318008620304714673586
0.00004442312318008620304714673586
0.00004445189666121278440605156000
0.00004445189666121278440605156000
0.00004445189666121278440605156000
0.00004449533618559218153664069077
0.00004449533618559218153664069077
0.00004449533618559218153664069077
0.00004436529884224208093127123480
0.00004436529884224208093127123480
0.00004436529884224208093127123480
0.00004438877411312342443389507437
0.00004438877411312342443389507437
0.00004438877411312342443389507437
0.00004437029121241095499283826025
0.00004437029121241095499283826025
0.00004437029121241095499283826025
0.00004435887297502641763397931166
0.00004435887297502641763397931166
0.00004435887297502641763397931166
0.00004435887297502641763397931166
0.00004438507115110024321095131768
0.00004438507115110024321095131768
0.00004438507115110024321095131768
0.00004445325035573960374299637238
0.00004445325035573960374299637238
0.00004445325035573960374299637238
0.00004442038190095105186510459251
0.00004442038190095105186510459251
0.00004442038190095105186510459251
0.00004447722082471474737081969065
0.00004447722082471474737081969065
0.00004447722082471474737081969065
0.00004439443341986582957186283228
0.00004439443341986582957186283228
0.00004439443341986582957186283228
0.00004443015665812274173895482561
0.00004443015665812274173895482561
0.00004443015665812274173895482561
0.00004448439936745210912093551561
0.00004448439936745210912093551561
0.00004448439936745210912093551561
0.00004435579699745067979783543649
0.00004435579699745067979783543649
0.00004435579699745067979783543649
0.00004429929983806939806317975840
0.00004429929983806939806317975840
0.00004429929983806939806317975840
0.00004429929983806939806317975840
0.00004422206356550599700868619940
0.00004422206356550599700868619940
0.00004422206356550599700868619940
0.00004413502775961170902030926783
0.00004413502775961170902030926783
0.00004413502775961170902030926783
0.00004437504307148999176935337892
0.00004437504307148999176935337892
0.00004437504307148999176935337892
0.00004431040106939993407524216197
0.00004431040106939993407524216197
0.00004431040106939993407524216197
0.00004425603819317392474805692017
0.00004425603819317392474805692017
0.00004425603819317392474805692017
0.00004420976325594792693886772279
0.00004420976325594792693886772279
0.00004420976325594792693886772279
0.00004425620672571686528015659051
0.00004425620672571686528015659051
0.00004425620672571686528015659051
0.00004420938422926262151740767963
0.00004420938422926262151740767963
0.00004420938422926262151740767963
0.00004420938422926262151740767963
0.00004410427378322211889070885961
0.00004410427378322211889070885961
0.00004410427378322211889070885961
0.00004396296942975392286815413766
0.00004396296942975392286815413766
0.00004396296942975392286815413766
0.00004391604260452865985297379482
0.00004391604260452865985297379482
0.00004391604260452865985297379482
0.00004395206920575572886761370117
0.00004395206920575572886761370117
0.00004395206920575572886761370117
0.00004397053079638766859687488037
0.00004397053079638766859687488037
0.00004397053079638766859687488037
0.00004395058058270910219295777312
0.00004395058058270910219295777312
0.00004395058058270910219295777312
0.00004387504815726193042476196275
0.00004387504815726193042476196275
0.00004387504815726193042476196275
0.00004403207537103754165242292949
0.00004403207537103754165242292949
0.00004403207537103754165242292949
0.00004403207537103754165242292949
0.00004396354171537517472614842193
0.00004396354171537517472614842193
0.00004396354171537517472614842193
0.00004391076251210386690783597308
0.00004391076251210386690783597308
0.00004391076251210386690783597308
0.00004408662269371904485460201293
0.00004408662269371904485460201293
0.00004408662269371904485460201293
0.00004413760116742496784589348496
0.00004413760116742496784589348496
0.00004413760116742496784589348496
0.00004411772637105361613774930369
0.00004411772637105361613774930369
0.00004411772637105361613774930369
0.00004422630263600987750633900411
0.00004422630263600987750633900411
0.00004422630263600987750633900411
0.00004425049116189208750361069656
0.00004425049116189208750361069656
0.00004425049116189208750361069656
0.00004424510603962040476544141679
0.00004424510603962040476544141679
0.00004424510603962040476544141679
0.00004418832999499783393758052027
0.00004418832999499783393758052027
0.00004418832999499783393758052027
0.00004418832999499783393758052027
0.00004430217400703972555626228330
0.00004430217400703972555626228330
0.00004430217400703972555626228330
0.00004432623247165808825724851818
0.00004432623247165808825724851818
0.00004432623247165808825724851818
0.00004430679528402861053783243375
0.00004430679528402861053783243375
0.00004430679528402861053783243375
0.00004431907115890519795071675774
0.00004431907115890519795071675774
0.00004431907115890519795071675774
0.00004431415672935712154020407126
0.00004431415672935712154020407126
0.00004431415672935712154020407126
0.00004431415672935712154020407126
0.00004431943968837724421308033408
0.00004431943968837724421308033408
0.00004431943968837724421308033408
0.00004429426147692302052546990023
0.00004429426147692302052546990023
0.00004429426147692302052546990023
0.00004426392247286367209193511167
0.00004426392247286367209193511167
0.00004426392247286367209193511167
0.00004421285353388153469479771228
0.00004421285353388153469479771228
0.00004421285353388153469479771228
0.00004412515216777060026374052249
0.00004412515216777060026374052249
0.00004412515216777060026374052249
0.00004420476438454885734520317645
0.00004420476438454885734520317645
0.00004420476438454885734520317645
0.00004418843251156327978072089675
0.00004418843251156327978072089675
0.00004418843251156327978072089675
0.00004414645341285466758013047606
0.00004414645341285466758013047606
0.00004414645341285466758013047606
0.00004414645341285466758013047606
0.00004408537665563404331694836964
0.00004408537665563404331694836964
0.00004408537665563404331694836964
0.00004405104462958823920655269483
0.00004405104462958823920655269483
0.00004405104462958823920655269483
0.00004400075890064292528650416225
0.00004400075890064292528650416225
0.00004400075890064292528650416225
0.00004399035010036779131778124905
0.00004399035010036779131778124905
0.00004399035010036779131778124905
0.00004395585717352970937590643014
0.00004395585717352970937590643014
0.00004395585717352970937590643014
0.00004399246738891203747422914391
0.00004399246738891203747422914391
0.00004399246738891203747422914391
0.00004405512527556468935951124790
0.00004405512527556468935951124790
0.00004405512527556468935951124790
0.00004398120049127719781824074750
0.00004398120049127719781824074750
0.00004398120049127719781824074750
0.00004398120049127719781824074750
