0.00005067770898456731990588016361
0.00005067770898456731990588016361
0.00005067770898456731990588016361
0.00005100885258749541057164055774
0.00005100885258749541057164055774
0.00005100885258749541057164055774
0.00004745247517965254239124038101
0.00004745247517965254239124038101
0.00004745247517965254239124038101
0.00004798291366100496581260333088
0.00004798291366100496581260333088
0.00004798291366100496581260333088
0.00004631336901472650231651836726
0.00004631336901472650231651836726
0.00004631336901472650231651836726
0.00004685022994592298431198543940
0.00004685022994592298431198543940
0.00004685022994592298431198543940
0.00004815078591523858212189444203
0.00004815078591523858212189444203
0.00004815078591523858212189444203
0.00004592519838306615429192274641
0.00004592519838306615429192274641
0.00004592519838306615429192274641
0.00004495544809293246149427588032
0.00004495544809293246149427588032
0.00004495544809293246149427588032
0.00004495544809293246149427588032
0.00004385610931189300996227004024
0.00004385610931189300996227004024
0.00004385610931189300996227004024
0.00004232412328073995087374353263
0.00004232412328073995087374353263
0.00004232412328073995087374353263
0.00004249295848074697606999967279
0.00004249295848074697606999967279
0.00004249295848074697606999967279
0.00004203229560515479591307361451
0.00004203229560515479591307361451
0.00004203229560515479591307361451
0.00004260571550078956558908836512
0.00004260571550078956558908836512
0.00004260571550078956558908836512
0.00004216677001202845606939791883
0.00004216677001202845606939791883
0.00004216677001202845606939791883
0.00004148141476777361951708705240
0.00004148141476777361951708705240
0.00004148141476777361951708705240
0.00004158170431185654631680778044
0.00004158170431185654631680778044
0.00004158170431185654631680778044
0.00004158170431185654631680778044
0.00004150532520702859810704667236
0.00004150532520702859810704667236
0.00004150532520702859810704667236
0.00004204769711098111936012743307
0.00004204769711098111936012743307
0.00004204769711098111936012743307
0.00004184369222506251591095156788
0.00004184369222506251591095156788
0.00004184369222506251591095156788
0.00004214347153324519603218125995
0.00004214347153324519603218125995
0.00004214347153324519603218125995
0.00004222783190303986485648900041
0.00004222783190303986485648900041
0.00004222783190303986485648900041
0.00004259945442560674411717391464
0.00004259945442560674411717391464
0.00004259945442560674411717391464
0.00004245786921029947876549245991
0.00004245786921029947876549245991
0.00004245786921029947876549245991
0.00004271293346897483150397647922
0.00004271293346897483150397647922
0.00004271293346897483150397647922
0.00004271293346897483150397647922
0.00004261189555624118334848346245
0.00004261189555624118334848346245
0.00004261189555624118334848346245
0.00004237210528146291827995136311
0.00004237210528146291827995136311
0.00004237210528146291827995136311
0.00004213852272395860674660025019
0.00004213852272395860674660025019
0.00004213852272395860674660025019
0.00004246927098300422326341832809
0.00004246927098300422326341832809
0.00004246927098300422326341832809
0.00004217832283214564945734803742
0.00004217832283214564945734803742
0.00004217832283214564945734803742
0.00004266236796352030311349182665
0.00004266236796352030311349182665
0.00004266236796352030311349182665
0.00004301962623540800130670760654
0.00004301962623540800130670760654
0.00004301962623540800130670760654
0.00004327458194172010603975571601
0.00004327458194172010603975571601
0.00004327458194172010603975571601
0.00004345951546697744727222249852
0.00004345951546697744727222249852
0.00004345951546697744727222249852
0.00004345951546697744727222249852
0.00004334330187237893379725509059
0.00004334330187237893379725509059
0.00004334330187237893379725509059
0.00004308435629633802764077876663
0.00004308435629633802764077876663
0.00004308435629633802764077876663
0.00004279581508475902061642339712
0.00004279581508475902061642339712
0.00004279581508475902061642339712
0.00004263901157517152328340037247
0.00004263901157517152328340037247
0.00004263901157517152328340037247
0.00004293898623822351337342850563
0.00004293898623822351337342850563
0.00004293898623822351337342850563
0.00004302800477584140544242394527
0.00004302800477584140544242394527
0.00004302800477584140544242394527
0.00004292129016193544318424565994
0.00004292129016193544318424565994
0.00004292129016193544318424565994
0.00004285579356204797500280817822
0.00004285579356204797500280817822
0.00004285579356204797500280817822
0.00004285579356204797500280817822
0.00004303022975409135610455316412
0.00004303022975409135610455316412
0.00004303022975409135610455316412
0.00004319248237314978506362256698
0.00004319248237314978506362256698
0.00004319248237314978506362256698
0.00004317758114378546969967073971
0.00004317758114378546969967073971
0.00004317758114378546969967073971
0.00004329649443670355188246758329
0.00004329649443670355188246758329
0.00004329649443670355188246758329
0.00004358648680183707807119511628
0.00004358648680183707807119511628
0.00004358648680183707807119511628
0.00004367143315861026703109902859
0.00004367143315861026703109902859
0.00004367143315861026703109902859
0.00004360837568582794585819015566
0.00004360837568582794585819015566
0.00004360837568582794585819015566
0.00004347057943371609761395106656
0.00004347057943371609761395106656
0.00004347057943371609761395106656
0.00004347057943371609761395106656
0.00004350906283473728189672801723
0.00004350906283473728189672801723
0.00004350906283473728189672801723
0.00004326115610678365310906465744
0.00004326115610678365310906465744
0.00004326115610678365310906465744
0.00004331079239305727737109096895
0.00004331079239305727737109096895
0.00004331079239305727737109096895
0.00004339618706479432198677480275
0.00004339618706479432198677480275
0.00004339618706479432198677480275
0.00004333767600633118002002808443
0.00004333767600633118002002808443
0.00004333767600633118002002808443
0.00004331441299422749734133256390
0.00004331441299422749734133256390
0.00004331441299422749734133256390
0.00004346930487924597870374323801
0.00004346930487924597870374323801
0.00004346930487924597870374323801
0.00004353746424282901228828111274
0.00004353746424282901228828111274
0.00004353746424282901228828111274
0.00004354124659074041972505935486
0.00004354124659074041972505935486
0.00004354124659074041972505935486
0.00004354124659074041972505935486
0.00004343043421330018131695261043
0.00004343043421330018131695261043
0.00004343043421330018131695261043
0.00004338940410084100362033214701
0.00004338940410084100362033214701
0.00004338940410084100362033214701
0.00004358206113480643948679095691
0.00004358206113480643948679095691
0.00004358206113480643948679095691
0.00004355135454669626321391028294
0.00004355135454669626321391028294
0.00004355135454669626321391028294
0.00004359648229185790462826672214
0.00004359648229185790462826672214
0.00004359648229185790462826672214
0.00004359648229185790462826672214
0.00004358505253799072967702624375
0.00004358505253799072967702624375
0.00004358505253799072967702624375
0.00004349116045587470258172443426
0.00004349116045587470258172443426
0.00004349116045587470258172443426
0.00004382435231192973109822253921
0.00004382435231192973109822253921
0.00004382435231192973109822253921
0.00004377545005319432766471812427
0.00004377545005319432766471812427
0.00004377545005319432766471812427
0.00004383470093309633948041421561
0.00004383470093309633948041421561
0.00004383470093309633948041421561
0.00004380212154042918936075311935
0.00004380212154042918936075311935
0.00004380212154042918936075311935
0.00004368407994580289523259860876
0.00004368407994580289523259860876
0.00004368407994580289523259860876
0.00004376858859141775976579192638
0.00004376858859141775976579192638
0.00004376858859141775976579192638
0.00004376858859141775976579192638
0.00004364672319046966789469908837
0.00004364672319046966789469908837
0.00004364672319046966789469908837
0.00004348943401358325784993171639
0.00004348943401358325784993171639
0.00004348943401358325784993171639
0.00004353673266344300556186257937
0.00004353673266344300556186257937
0.00004353673266344300556186257937
0.00004339760214471341588285025937
0.00004339760214471341588285025937
0.00004339760214471341588285025937
0.00004342106308514846162633982140
0.00004342106308514846162633982140
0.00004342106308514846162633982140
0.00004336382563258929939724185969
0.00004336382563258929939724185969
0.00004336382563258929939724185969
0.00004338042036366370730720730758
0.00004338042036366370730720730758
0.00004338042036366370730720730758
0.00004339711868268354870538021485
0.00004339711868268354870538021485
0.00004339711868268354870538021485
0.00004339711868268354870538021485
0.00004361441778342766374721430347
0.00004361441778342766374721430347
0.00004361441778342766374721430347
0.00004358017477541739152067033133
0.00004358017477541739152067033133
0.00004358017477541739152067033133
0.00004357677258921583364314228260
0.00004357677258921583364314228260
0.00004357677258921583364314228260
0.00004345343705688935258035364740
0.00004345343705688935258035364740
0.00004345343705688935258035364740
0.00004340825028604905899024184195
0.00004340825028604905899024184195
0.00004340825028604905899024184195
0.00004332400304683066110092065029
0.00004332400304683066110092065029
0.00004332400304683066110092065029
0.00004320201979153407309765681523
0.00004320201979153407309765681523
0.00004320201979153407309765681523
0.00004332990533063414694124509273
0.00004332990533063414694124509273
0.00004332990533063414694124509273
0.00004324891212677682801839284241
0.00004324891212677682801839284241
0.00004324891212677682801839284241
0.00004324891212677682801839284241
0.00004325270970839185717160850248
0.00004325270970839185717160850248
0.00004325270970839185717160850248
0.00004311967308267450552264224255
0.00004311967308267450552264224255
0.00004311967308267450552264224255
0.00004323675901706444344888300866
0.00004323675901706444344888300866
0.00004323675901706444344888300866
0.00004326249317370422291087850712
0.00004326249317370422291087850712
0.00004326249317370422291087850712
0.00004321921863498793711604034164
0.00004321921863498793711604034164
0.00004321921863498793711604034164
0.00004319488231014021180995681816
0.00004319488231014021180995681816
0.00004319488231014021180995681816
0.00004319501181107079744670221368
0.00004319501181107079744670221368
0.00004319501181107079744670221368
0.00004322949031920307002081487764
0.00004322949031920307002081487764
0.00004322949031920307002081487764
0.00004322949031920307002081487764
0.00004329569479508703171328284230
0.00004329569479508703171328284230
0.00004329569479508703171328284230
0.00004336232808601903219657350995
0.00004336232808601903219657350995
0.00004336232808601903219657350995
0.00004322635062378457503531346013
0.00004322635062378457503531346013
0.00004322635062378457503531346013
0.00004322433159757874710712624228
0.00004322433159757874710712624228
0.00004322433159757874710712624228
0.00004325798099005825744168994836
0.00004325798099005825744168994836
0.00004325798099005825744168994836
0.00004324627265998607760529941266
0.00004324627265998607760529941266
0.00004324627265998607760529941266
0.00004330940852101540585053118412
0.00004330940852101540585053118412
0.00004330940852101540585053118412
0.00004334198582790801922776553155
0.00004334198582790801922776553155
0.00004334198582790801922776553155
0.00004334198582790801922776553155
0.00004324130566940579723306937649
0.00004324130566940579723306937649
0.00004324130566940579723306937649
0.00004329060674608944507463712710
0.00004329060674608944507463712710
0.00004329060674608944507463712710
0.00004322006005823050587740136285
0.00004322006005823050587740136285
0.00004322006005823050587740136285
0.00004321389495214822721000487022
0.00004321389495214822721000487022
0.00004321389495214822721000487022
0.00004311669730943368102852012828
0.00004311669730943368102852012828
0.00004311669730943368102852012828
0.00004312276785639247747070097024
0.00004312276785639247747070097024
0.00004312276785639247747070097024
0.00004303707773001136325724291959
0.00004303707773001136325724291959
0.00004303707773001136325724291959
0.00004304088473056864228326890430
0.00004304088473056864228326890430
0.00004304088473056864228326890430
0.00004302416188692966165845498943
0.00004302416188692966165845498943
0.00004302416188692966165845498943
0.00004302416188692966165845498943
0.00004310629571414905197359733817
0.00004310629571414905197359733817
0.00004310629571414905197359733817
0.00004315733453231366987037238476
0.00004315733453231366987037238476
0.00004315733453231366987037238476
0.00004318794088976021061266198986
0.00004318794088976021061266198986
0.00004318794088976021061266198986
0.00004318717362068296223208449694
0.00004318717362068296223208449694
0.00004318717362068296223208449694
0.00004312830561490115898593402709
0.00004312830561490115898593402709
0.00004312830561490115898593402709
0.00004306940305198757286396387662
0.00004306940305198757286396387662
0.00004306940305198757286396387662
0.00004314574116274211473392824760
0.00004314574116274211473392824760
0.00004314574116274211473392824760
0.00004315985525884871297899863973
0.00004315985525884871297899863973
0.00004315985525884871297899863973
0.00004315985525884871297899863973
0.00004306224930818039491569926217
0.00004306224930818039491569926217
0.00004306224930818039491569926217
0.00004298174922203771326081186199
0.00004298174922203771326081186199
0.00004298174922203771326081186199
0.00004290395444931834112492260074
0.00004290395444931834112492260074
0.00004290395444931834112492260074
0.00004286401789217508055260486965
0.00004286401789217508055260486965
0.00004286401789217508055260486965
0.00004281910773335499590293090522
0.00004281910773335499590293090522
0.00004281910773335499590293090522
0.00004280999394347529416645827440
0.00004280999394347529416645827440
0.00004280999394347529416645827440
0.00004284872795628140937582206916
0.00004284872795628140937582206916
0.00004284872795628140937582206916
0.00004285931970831537219412236426
0.00004285931970831537219412236426
0.00004285931970831537219412236426
0.00004285931970831537219412236426
0.00004279875386723952633822954414
0.00004279875386723952633822954414
0.00004279875386723952633822954414
0.00004275278305041787775422677152
0.00004275278305041787775422677152
0.00004275278305041787775422677152
0.00004292339409432917868741172224
0.00004292339409432917868741172224
0.00004292339409432917868741172224
0.00004297360432495232603326557068
0.00004297360432495232603326557068
0.00004297360432495232603326557068
0.00004295275788718939559127751884
0.00004295275788718939559127751884
0.00004295275788718939559127751884
0.00004297028073771281524728302248
0.00004297028073771281524728302248
0.00004297028073771281524728302248
0.00004293241809337693931102194604
0.00004293241809337693931102194604
0.00004293241809337693931102194604
0.00004304482496864763057477371555
0.00004304482496864763057477371555
0.00004304482496864763057477371555
0.00004304569352257551076880200046
0.00004304569352257551076880200046
0.00004304569352257551076880200046
0.00004304569352257551076880200046
0.00004299945842711349825409754767
0.00004299945842711349825409754767
0.00004299945842711349825409754767
0.00004297886302755670535652473793
0.00004297886302755670535652473793
0.00004297886302755670535652473793
0.00004298983170991510328113834478
0.00004298983170991510328113834478
0.00004298983170991510328113834478
0.00004301660946122782963704888375
0.00004301660946122782963704888375
0.00004301660946122782963704888375
0.00004303130446621240230052714134
0.00004303130446621240230052714134
0.00004303130446621240230052714134
0.00004303130446621240230052714134
0.00004306574222695895256987601640
0.00004306574222695895256987601640
0.00004306574222695895256987601640
0.00004297630971814522904453544469
0.00004297630971814522904453544469
0.00004297630971814522904453544469
0.00004292022425672794386133033962
0.00004292022425672794386133033962
0.00004292022425672794386133033962
0.00004291578262278558971336760520
0.00004291578262278558971336760520
0.00004291578262278558971336760520
0.00004296446226383647490552343818
0.00004296446226383647490552343818
0.00004296446226383647490552343818
0.00004303129374304937129257254008
0.00004303129374304937129257254008
0.00004303129374304937129257254008
0.00004300980016446104165279915710
0.00004300980016446104165279915710
0.00004300980016446104165279915710
0.00004302018320878180165579215459
0.00004302018320878180165579215459
0.00004302018320878180165579215459
0.00004302018320878180165579215459
0.00004299940385520999446068824945
0.00004299940385520999446068824945
0.00004299940385520999446068824945
0.00004314475793384167664247947511
0.00004314475793384167664247947511
0.00004314475793384167664247947511
0.00004317633679236305684223002157
0.00004317633679236305684223002157
0.00004317633679236305684223002157
0.00004318594513136018182446392688
0.00004318594513136018182446392688
0.00004318594513136018182446392688
0.00004315115808384860404955131263
0.00004315115808384860404955131263
0.00004315115808384860404955131263
0.00004317706006305789937694792940
0.00004317706006305789937694792940
0.00004317706006305789937694792940
0.00004313108544120192885671721094
0.00004313108544120192885671721094
0.00004313108544120192885671721094
0.00004312192486928846985909643735
0.00004312192486928846985909643735
0.00004312192486928846985909643735
0.00004312192486928846985909643735
