0.2512287028326295480897524945
0.2512287028326295480897524945
0.2512287028326295480897524945
0.2461885034297861688488598356
0.2461885034297861688488598356
0.2461885034297861688488598356
0.2546468550547060181158394005
0.2546468550547060181158394005
0.2546468550547060181158394005
0.2509583184200393078677684673
0.2509583184200393078677684673
0.2509583184200393078677684673
0.2506548696615257310968274355
0.2506548696615257310968274355
0.2506548696615257310968274355
0.2556014313767611342908411998
0.2556014313767611342908411998
0.2556014313767611342908411998
0.2590939097546429767290595488
0.2590939097546429767290595488
0.2590939097546429767290595488
0.2623119986963131055788154560
0.2623119986963131055788154560
0.2623119986963131055788154560
0.2597790062142901531388519575
0.2597790062142901531388519575
0.2597790062142901531388519575
0.2597790062142901531388519575
0.2609801001613719965012177569
0.2609801001613719965012177569
0.2609801001613719965012177569
0.2596467780985718399794295536
0.2596467780985718399794295536
0.2596467780985718399794295536
0.2597513230383162469213178475
0.2597513230383162469213178475
0.2597513230383162469213178475
0.2597196246835879190254914637
0.2597196246835879190254914637
0.2597196246835879190254914637
0.2607903353841618078238977746
0.2607903353841618078238977746
0.2607903353841618078238977746
0.2596868294088889105246762538
0.2596868294088889105246762538
0.2596868294088889105246762538
0.2587238390366966825017195931
0.2587238390366966825017195931
0.2587238390366966825017195931
0.2584247123480835771666536690
0.2584247123480835771666536690
0.2584247123480835771666536690
0.2584247123480835771666536690
0.2579603561105782615415431576
0.2579603561105782615415431576
0.2579603561105782615415431576
0.2570721843854667573489119573
0.2570721843854667573489119573
0.2570721843854667573489119573
0.2563659654281623348345238873
0.2563659654281623348345238873
0.2563659654281623348345238873
0.2558415429977909871282217483
0.2558415429977909871282217483
0.2558415429977909871282217483
0.2549985049608812790566454371
0.2549985049608812790566454371
0.2549985049608812790566454371
0.2553485012630974712476181320
0.2553485012630974712476181320
0.2553485012630974712476181320
0.2553263684168339854620009607
0.2553263684168339854620009607
0.2553263684168339854620009607
0.2555923813378982859504113936
0.2555923813378982859504113936
0.2555923813378982859504113936
0.2555923813378982859504113936
0.2555486099977799035120937636
0.2555486099977799035120937636
0.2555486099977799035120937636
0.2555290633530690197357885355
0.2555290633530690197357885355
0.2555290633530690197357885355
0.2548171473647274973508781292
0.2548171473647274973508781292
0.2548171473647274973508781292
0.2536393160068497391795445350
0.2536393160068497391795445350
0.2536393160068497391795445350
0.2544024691423185207627902167
0.2544024691423185207627902167
0.2544024691423185207627902167
0.2538890900818832804676430782
0.2538890900818832804676430782
0.2538890900818832804676430782
0.2544456473906779729213753962
0.2544456473906779729213753962
0.2544456473906779729213753962
0.2543423410427372366837691572
0.2543423410427372366837691572
0.2543423410427372366837691572
0.2534487584692534421939672360
0.2534487584692534421939672360
0.2534487584692534421939672360
0.2534487584692534421939672360
0.2538848784246908487174009893
0.2538848784246908487174009893
0.2538848784246908487174009893
0.2538720330426259611317273859
0.2538720330426259611317273859
0.2538720330426259611317273859
0.2530394992388230841928911005
0.2530394992388230841928911005
0.2530394992388230841928911005
0.2531072795026674117418780160
0.2531072795026674117418780160
0.2531072795026674117418780160
0.2523590477066156837058588825
0.2523590477066156837058588825
0.2523590477066156837058588825
0.2519615562400361686176921862
0.2519615562400361686176921862
0.2519615562400361686176921862
0.2520150949892727344723343368
0.2520150949892727344723343368
0.2520150949892727344723343368
0.2521203063880726666112527145
0.2521203063880726666112527145
0.2521203063880726666112527145
0.2521203063880726666112527145
0.2518584769782105256924128581
0.2518584769782105256924128581
0.2518584769782105256924128581
0.2520330273149986520728515583
0.2520330273149986520728515583
0.2520330273149986520728515583
0.2525061246939102435962747435
0.2525061246939102435962747435
0.2525061246939102435962747435
0.2523224515644668964376561008
0.2523224515644668964376561008
0.2523224515644668964376561008
0.2525264617401651862547594167
0.2525264617401651862547594167
0.2525264617401651862547594167
0.2528892693015670737546987368
0.2528892693015670737546987368
0.2528892693015670737546987368
0.2523690081955652202039253080
0.2523690081955652202039253080
0.2523690081955652202039253080
0.2519160901292573370968973281
0.2519160901292573370968973281
0.2519160901292573370968973281
0.2519160901292573370968973281
0.2521027338501995563873496156
0.2521027338501995563873496156
0.2521027338501995563873496156
0.2521772890060867375254884821
0.2521772890060867375254884821
0.2521772890060867375254884821
0.2521483698879878695297478760
0.2521483698879878695297478760
0.2521483698879878695297478760
0.2521766580936936889578051432
0.2521766580936936889578051432
0.2521766580936936889578051432
0.2512864290429490532544483257
0.2512864290429490532544483257
0.2512864290429490532544483257
0.2509289867764300284615684753
0.2509289867764300284615684753
0.2509289867764300284615684753
0.2513150706182000161460167919
0.2513150706182000161460167919
0.2513150706182000161460167919
0.2510985171500342954195353242
0.2510985171500342954195353242
0.2510985171500342954195353242
0.2509116115181334294179266509
0.2509116115181334294179266509
0.2509116115181334294179266509
0.2509116115181334294179266509
0.2509487290300461476748090744
0.2509487290300461476748090744
0.2509487290300461476748090744
0.2508845656004325893562594877
0.2508845656004325893562594877
0.2508845656004325893562594877
0.2509409322503084603794670878
0.2509409322503084603794670878
0.2509409322503084603794670878
0.2505755372536762029217839898
0.2505755372536762029217839898
0.2505755372536762029217839898
0.2503780726747403352025818516
0.2503780726747403352025818516
0.2503780726747403352025818516
0.2503009036495827876561868776
0.2500825335820204699056295518
0.2500825335820204699056295518
0.2500825335820204699056295518
0.2503930763040065644378716704
0.2503930763040065644378716704
0.2503930763040065644378716704
0.2508416064875871776786229053
0.2508416064875871776786229053
0.2508416064875871776786229053
0.2507168635586838078339313322
0.2507168635586838078339313322
0.2507168635586838078339313322
0.2512446732875062090938091983
0.2512446732875062090938091983
0.2512446732875062090938091983
0.2514804114860736180507080099
0.2514804114860736180507080099
0.2514804114860736180507080099
0.2519618192545203034838359457
0.2519618192545203034838359457
0.2519618192545203034838359457
0.2523211216479251941695655609
0.2523211216479251941695655609
0.2523211216479251941695655609
0.2523211216479251941695655609
0.2521193314551646164274240261
0.2521193314551646164274240261
0.2521193314551646164274240261
0.2519646179493932398333819361
0.2519646179493932398333819361
0.2519646179493932398333819361
0.2518500828107196183017723726
0.2518500828107196183017723726
0.2518500828107196183017723726
0.2519176981402185980280529927
0.2519176981402185980280529927
0.2519176981402185980280529927
0.2518618249756046023106263416
0.2518618249756046023106263416
0.2518618249756046023106263416
0.2515503203397709632628859778
0.2515503203397709632628859778
0.2515503203397709632628859778
0.2518790802638645472780696041
0.2518790802638645472780696041
0.2518790802638645472780696041
0.2517349747652869368193243758
0.2517349747652869368193243758
0.2517349747652869368193243758
0.2517349747652869368193243758
0.2516251779823349239371602954
0.2516251779823349239371602954
0.2516251779823349239371602954
0.2512425978752426761652454312
0.2512425978752426761652454312
0.2512425978752426761652454312
0.2509720991539732096187662350
0.2509720991539732096187662350
0.2509720991539732096187662350
0.2510991735770496169872280582
0.2510991735770496169872280582
0.2510991735770496169872280582
0.2510757293810725018457171194
0.2510757293810725018457171194
0.2510757293810725018457171194
0.2511555256431597216360659819
0.2511555256431597216360659819
0.2511555256431597216360659819
0.2512925397524576839056720470
0.2512925397524576839056720470
0.2512925397524576839056720470
0.2514509434956457163550578297
0.2514509434956457163550578297
0.2514509434956457163550578297
0.2512611252373526090742086185
0.2512611252373526090742086185
0.2512611252373526090742086185
0.2512611252373526090742086185
0.2513395212084663923943081699
0.2513395212084663923943081699
0.2513395212084663923943081699
0.2516580798396576692731674331
0.2516580798396576692731674331
0.2516580798396576692731674331
0.2516310883647546481426996224
0.2516310883647546481426996224
0.2516310883647546481426996224
0.2517098524066550031276809109
0.2517098524066550031276809109
0.2517098524066550031276809109
0.2515359765221096973038298223
0.2515359765221096973038298223
0.2515359765221096973038298223
0.2514815795016356481968077262
0.2514815795016356481968077262
0.2514815795016356481968077262
0.2516207123893638138826683314
0.2516207123893638138826683314
0.2516207123893638138826683314
0.2518300431824373679770999767
0.2518300431824373679770999767
0.2518300431824373679770999767
0.2518300431824373679770999767
0.2517406319884591149788253951
0.2517406319884591149788253951
0.2517406319884591149788253951
0.2520961975274706763127239549
0.2520961975274706763127239549
0.2520961975274706763127239549
0.2520670239514845232271913133
0.2520670239514845232271913133
0.2520670239514845232271913133
0.2520668782391936813149936244
0.2520668782391936813149936244
0.2520668782391936813149936244
0.2519756495985463724281434887
0.2519756495985463724281434887
0.2519756495985463724281434887
0.2520759856783696625317386576
0.2520759856783696625317386576
0.2520759856783696625317386576
0.2520177247548570253561676139
0.2520177247548570253561676139
0.2520177247548570253561676139
0.2517986255339569868608594235
0.2517986255339569868608594235
0.2517986255339569868608594235
0.2517986255339569868608594235
0.2520858880365888470219242510
0.2520858880365888470219242510
0.2520858880365888470219242510
0.2520824594577188944364892157
0.2520824594577188944364892157
0.2520824594577188944364892157
0.2521028461892953075176864327
0.2521028461892953075176864327
0.2521028461892953075176864327
0.2521596165018555715660469223
0.2521596165018555715660469223
0.2521596165018555715660469223
0.2520201210584614776277237528
0.2520201210584614776277237528
0.2520201210584614776277237528
0.2523327342506778960742215355
0.2523327342506778960742215355
0.2523327342506778960742215355
0.2523754959546566918059640336
0.2523754959546566918059640336
0.2523754959546566918059640336
0.2522744590351738679063415901
0.2522744590351738679063415901
0.2522744590351738679063415901
0.2519860742366841051206073539
0.2519860742366841051206073539
0.2519860742366841051206073539
0.2519860742366841051206073539
0.2522250248487642250320476198
0.2522250248487642250320476198
0.2522250248487642250320476198
0.2523184266975453070520232009
0.2523184266975453070520232009
0.2523184266975453070520232009
0.2523851844830847198879191650
0.2523851844830847198879191650
0.2523851844830847198879191650
0.2523762382158654127439098581
0.2523762382158654127439098581
0.2523762382158654127439098581
0.2524866816594399536844357309
0.2524866816594399536844357309
0.2524866816594399536844357309
0.2522289297475747165926495768
0.2522289297475747165926495768
0.2522289297475747165926495768
0.2523773233280301840446843889
0.2523773233280301840446843889
0.2523773233280301840446843889
0.2525409748576619047692380076
0.2525409748576619047692380076
0.2525409748576619047692380076
0.2525409748576619047692380076
0.2526062565240953857326689642
0.2526062565240953857326689642
0.2526062565240953857326689642
0.2524810708968362992419260525
0.2524810708968362992419260525
0.2524810708968362992419260525
0.2527896635027615779242396262
0.2527896635027615779242396262
0.2527896635027615779242396262
0.2528036945698225176259668078
0.2528036945698225176259668078
0.2528036945698225176259668078
0.2528029017175756923043271424
0.2528029017175756923043271424
0.2528029017175756923043271424
0.2527322181213882354720197389
0.2527322181213882354720197389
0.2527322181213882354720197389
0.2527685563877905420025107766
0.2527685563877905420025107766
0.2527685563877905420025107766
0.2525790525023582547836829251
0.2525790525023582547836829251
0.2525790525023582547836829251
0.2525790525023582547836829251
0.2525750162367550748161081846
0.2525750162367550748161081846
0.2525750162367550748161081846
0.2526476692813003505595360718
0.2526476692813003505595360718
0.2526476692813003505595360718
0.2526927118000152445445073795
0.2526927118000152445445073795
0.2526927118000152445445073795
0.2527281653503558675411500880
0.2527281653503558675411500880
0.2527281653503558675411500880
0.2528239365947482291114377591
0.2528239365947482291114377591
0.2528239365947482291114377591
0.2529591977292494729671330690
0.2529591977292494729671330690
0.2529591977292494729671330690
0.2527999680879463052817031814
0.2527999680879463052817031814
0.2527999680879463052817031814
0.2528148495667715074597099164
0.2528148495667715074597099164
0.2528148495667715074597099164
0.2526866020269473610879478126
0.2526866020269473610879478126
0.2526866020269473610879478126
0.2526866020269473610879478126
0.2525860474969075885416456221
0.2525860474969075885416456221
0.2525860474969075885416456221
0.2526106723289231854400992179
0.2526106723289231854400992179
0.2526106723289231854400992179
0.2526524313086108885746928073
0.2526524313086108885746928073
0.2526524313086108885746928073
0.2525314882993613692701791883
0.2525314882993613692701791883
0.2525314882993613692701791883
0.2527673260797425660447356225
0.2527673260797425660447356225
0.2527673260797425660447356225
0.2527910958923857892794370343
0.2527910958923857892794370343
0.2527910958923857892794370343
0.2527428844342242962747619060
0.2526531884968582399761872005
0.2526531884968582399761872005
0.2526531884968582399761872005
0.2527487190296102266191806422
0.2527487190296102266191806422
0.2527487190296102266191806422
0.2526800508339551109786445734
0.2526800508339551109786445734
0.2526800508339551109786445734
0.2525186784323965093797900562
0.2525186784323965093797900562
0.2525186784323965093797900562
0.2524330287155244595808869588
0.2524330287155244595808869588
0.2524330287155244595808869588
0.2523465348681205291240572456
0.2523465348681205291240572456
0.2523465348681205291240572456
0.2523462582468929274845810700
0.2523462582468929274845810700
0.2523462582468929274845810700
0.2523462582468929274845810700
0.2523930212911073062846128277
0.2523930212911073062846128277
0.2523930212911073062846128277
0.2524569338069112457510987272
0.2524569338069112457510987272
0.2524569338069112457510987272
0.2523736876800147728641789703
0.2523736876800147728641789703
0.2523736876800147728641789703
0.2524094137501843009572953490
0.2524094137501843009572953490
0.2524094137501843009572953490
0.2522432894203140415267102058
0.2522432894203140415267102058
0.2522432894203140415267102058
0.2523602659372748862662870448
0.2523602659372748862662870448
0.2523602659372748862662870448
0.2525596054628352044475371039
0.2525596054628352044475371039
0.2525596054628352044475371039
0.2524871148467711385821797110
0.2524871148467711385821797110
0.2524871148467711385821797110
0.2524871148467711385821797110
