0.2576790142324525746977367575
0.2576790142324525746977367575
0.2576790142324525746977367575
0.2486193572144253364029187430
0.2486193572144253364029187430
0.2486193572144253364029187430
0.2393028855851969296919907837
0.2393028855851969296919907837
0.2393028855851969296919907837
0.2426244351416655042166912298
0.2426244351416655042166912298
0.2426244351416655042166912298
0.2537459400673753035655971460
0.2537459400673753035655971460
0.2537459400673753035655971460
0.2566579257792177490121962338
0.2566579257792177490121962338
0.2566579257792177490121962338
0.2554597296177482337292132255
0.2554597296177482337292132255
0.2554597296177482337292132255
0.2585222322554141343038625404
0.2585222322554141343038625404
0.2585222322554141343038625404
0.2580141869370448311351528914
0.2580141869370448311351528914
0.2580141869370448311351528914
0.2580141869370448311351528914
0.2555787067202762145207136141
0.2555787067202762145207136141
0.2555787067202762145207136141
0.2529370905297448228844915068
0.2529370905297448228844915068
0.2529370905297448228844915068
0.2500590738017477804813642057
0.2500590738017477804813642057
0.2500590738017477804813642057
0.2478473720089958730241057558
0.2478473720089958730241057558
0.2478473720089958730241057558
0.2456541785463466812943094715
0.2456541785463466812943094715
0.2456541785463466812943094715
0.2467219390652909425959684712
0.2467219390652909425959684712
0.2467219390652909425959684712
0.2454959738401946667150118501
0.2454959738401946667150118501
0.2454959738401946667150118501
0.2475305852464451723737050593
0.2475305852464451723737050593
0.2475305852464451723737050593
0.2475305852464451723737050593
0.2484793915909424373568802996
0.2484793915909424373568802996
0.2484793915909424373568802996
0.2491174512893684311973882636
0.2491174512893684311973882636
0.2491174512893684311973882636
0.2480592409840047369163972325
0.2480592409840047369163972325
0.2480592409840047369163972325
0.2489974481901106074730681302
0.2489974481901106074730681302
0.2489974481901106074730681302
0.2481956986988284660301664362
0.2481956986988284660301664362
0.2481956986988284660301664362
0.2480741585861409395685034067
0.2480741585861409395685034067
0.2480741585861409395685034067
0.2476199289906326524855706572
0.2476199289906326524855706572
0.2476199289906326524855706572
0.2478060158935695770557270857
0.2478060158935695770557270857
0.2478060158935695770557270857
0.2478060158935695770557270857
0.2485895205422142408081419772
0.2485895205422142408081419772
0.2485895205422142408081419772
0.2498056437175690239841699984
0.2498056437175690239841699984
0.2498056437175690239841699984
0.2502711195079836096250893158
0.2502711195079836096250893158
0.2502711195079836096250893158
0.2503067042087554518557058819
0.2503067042087554518557058819
0.2503067042087554518557058819
0.2496195257294574543400899077
0.2496195257294574543400899077
0.2496195257294574543400899077
0.2487230218286982334221797879
0.2487230218286982334221797879
0.2487230218286982334221797879
0.2483372226824901604336658440
0.2483372226824901604336658440
0.2483372226824901604336658440
0.2485858628018436862763957666
0.2485858628018436862763957666
0.2485858628018436862763957666
0.2479381539154657900751687212
0.2479381539154657900751687212
0.2479381539154657900751687212
0.2479381539154657900751687212
0.2477814987447411878340915205
0.2477814987447411878340915205
0.2477814987447411878340915205
0.2475137872580675393736464416
0.2475137872580675393736464416
0.2475137872580675393736464416
0.2481574794839835829809741724
0.2481574794839835829809741724
0.2481574794839835829809741724
0.2486494658973552601671124011
0.2486494658973552601671124011
0.2486494658973552601671124011
0.2494569645774380331937023273
0.2494569645774380331937023273
0.2494569645774380331937023273
0.2496615525549005914478821830
0.2496615525549005914478821830
0.2496615525549005914478821830
0.2499093691605028765998723125
0.2499093691605028765998723125
0.2499093691605028765998723125
0.2503672963437825179783196452
0.2503672963437825179783196452
0.2503672963437825179783196452
0.2503672963437825179783196452
0.2497225705721738769823599532
0.2497225705721738769823599532
0.2497225705721738769823599532
0.2502482650254442060057104093
0.2502482650254442060057104093
0.2502482650254442060057104093
0.2503597189447991904319102729
0.2503597189447991904319102729
0.2503597189447991904319102729
0.2495169053594775174588349021
0.2495169053594775174588349021
0.2495169053594775174588349021
0.2498545291345989620205928928
0.2498545291345989620205928928
0.2498545291345989620205928928
0.2496691125310483995265275441
0.2496691125310483995265275441
0.2496691125310483995265275441
0.2495612565432560689815865965
0.2495612565432560689815865965
0.2495612565432560689815865965
0.2500029891848702150434229579
0.2500029891848702150434229579
0.2500029891848702150434229579
0.2500029891848702150434229579
0.2500561361081394014190845670
0.2500561361081394014190845670
0.2500561361081394014190845670
0.2501642952734101841004227305
0.2501642952734101841004227305
0.2501642952734101841004227305
0.2499421877953518375936176475
0.2499421877953518375936176475
0.2499421877953518375936176475
0.2503699501257240748171294087
0.2503699501257240748171294087
0.2503699501257240748171294087
0.2508113898053270254274806480
0.2508113898053270254274806480
0.2508113898053270254274806480
0.2511001848085590415455429099
0.2511001848085590415455429099
0.2511001848085590415455429099
0.2514193837369183387201890959
0.2514193837369183387201890959
0.2514193837369183387201890959
0.2514359520721625887622339328
0.2514359520721625887622339328
0.2514359520721625887622339328
0.2512276950360613894092156698
0.2512276950360613894092156698
0.2512276950360613894092156698
0.2512276950360613894092156698
0.2513225273603144768334010832
0.2513225273603144768334010832
0.2513225273603144768334010832
0.2509953300414579751187002461
0.2509953300414579751187002461
0.2509953300414579751187002461
0.2511352806529509345171421861
0.2511352806529509345171421861
0.2511352806529509345171421861
0.2518250042063366803813450973
0.2518250042063366803813450973
0.2518250042063366803813450973
0.2515826277257797713679652776
0.2515826277257797713679652776
0.2515826277257797713679652776
0.2517479908532210503039548645
0.2517479908532210503039548645
0.2517479908532210503039548645
0.2516889540238089625944904342
0.2516889540238089625944904342
0.2516889540238089625944904342
0.2517081617627894744744833502
0.2515421875619600170944646320
0.2515421875619600170944646320
0.2515421875619600170944646320
0.2516258991089182231508566614
0.2516258991089182231508566614
0.2516258991089182231508566614
0.2518999044418659343754267615
0.2518999044418659343754267615
0.2518999044418659343754267615
0.2520152332801034359388083182
0.2520152332801034359388083182
0.2520152332801034359388083182
0.2520136274746044064999253204
0.2520136274746044064999253204
0.2520136274746044064999253204
0.2521699496424676232339725708
0.2521699496424676232339725708
0.2521699496424676232339725708
0.2521699496424676232339725708
0.2521799878546927230282536740
0.2521799878546927230282536740
0.2521799878546927230282536740
0.2518071854956241093525338072
0.2518071854956241093525338072
0.2518071854956241093525338072
0.2517125320579723222652970233
0.2517125320579723222652970233
0.2517125320579723222652970233
0.2517951590689937944862997481
0.2517951590689937944862997481
0.2517951590689937944862997481
0.2519618128080574554043630822
0.2519618128080574554043630822
0.2519618128080574554043630822
0.2523073044871297432041680840
0.2523073044871297432041680840
0.2523073044871297432041680840
0.2526425651106838348101111783
0.2526425651106838348101111783
0.2526425651106838348101111783
0.2528732981207450456217978463
0.2528732981207450456217978463
0.2528732981207450456217978463
0.2528732981207450456217978463
0.2525991034375047434407964181
0.2525991034375047434407964181
0.2525991034375047434407964181
0.2527332850050857562568353040
0.2527332850050857562568353040
0.2527332850050857562568353040
0.2525692266189323682744482908
0.2525692266189323682744482908
0.2525692266189323682744482908
0.2528119301115132053508510721
0.2528119301115132053508510721
0.2528119301115132053508510721
0.2526717384558894180757634399
0.2526717384558894180757634399
0.2526717384558894180757634399
0.2528763707402886851089226055
0.2528763707402886851089226055
0.2528763707402886851089226055
0.2532010142753812210348638304
0.2532010142753812210348638304
0.2532010142753812210348638304
0.2527701292212139246505152822
0.2527701292212139246505152822
0.2527701292212139246505152822
0.2524058133262807176497696084
0.2524058133262807176497696084
0.2524058133262807176497696084
0.2524058133262807176497696084
0.2524837044354724579165296646
0.2524837044354724579165296646
0.2524837044354724579165296646
0.2523949013500854322486847686
0.2523949013500854322486847686
0.2523949013500854322486847686
0.2526864434259226258754187698
0.2526864434259226258754187698
0.2526864434259226258754187698
0.2529387265390406817745319955
0.2529387265390406817745319955
0.2529387265390406817745319955
0.2532479467646880625382668341
0.2532479467646880625382668341
0.2532479467646880625382668341
0.2528440365563892618085671355
0.2528440365563892618085671355
0.2528440365563892618085671355
0.2527699506942192419913942452
0.2527699506942192419913942452
0.2527699506942192419913942452
0.2527856555237399483363817862
0.2527856555237399483363817862
0.2527856555237399483363817862
0.2527856555237399483363817862
0.2523984633777872744052331711
0.2523984633777872744052331711
0.2523984633777872744052331711
0.2525403683847675975769024943
0.2525403683847675975769024943
0.2525403683847675975769024943
0.2530380916259613974365198796
0.2530380916259613974365198796
0.2530380916259613974365198796
0.2533938310641644348863367626
0.2533938310641644348863367626
0.2533938310641644348863367626
0.2533792529740230688267659067
0.2533792529740230688267659067
0.2533792529740230688267659067
0.2535051680618287666705970339
0.2535051680618287666705970339
0.2535051680618287666705970339
0.2535699702460045985598195758
0.2535699702460045985598195758
0.2535699702460045985598195758
0.2537293322874070146722992974
0.2537293322874070146722992974
0.2537293322874070146722992974
0.2537293322874070146722992974
0.2539075976901019840922332891
0.2539075976901019840922332891
0.2539075976901019840922332891
0.2540606876792866216698620450
0.2540606876792866216698620450
0.2540606876792866216698620450
0.2541849258591317275911070683
0.2541849258591317275911070683
0.2541849258591317275911070683
0.2540643032302737945244814023
0.2540643032302737945244814023
0.2540643032302737945244814023
0.2537446658138098561985825520
0.2537446658138098561985825520
0.2537446658138098561985825520
0.2539509156199605250377780889
0.2539509156199605250377780889
0.2539509156199605250377780889
0.2540711788901089032814099442
0.2540711788901089032814099442
0.2540711788901089032814099442
0.2539065011280977234589099100
0.2539065011280977234589099100
0.2539065011280977234589099100
0.2536847358890116182058366994
0.2536847358890116182058366994
0.2536847358890116182058366994
0.2536847358890116182058366994
0.2537861843648384402872634812
0.2537861843648384402872634812
0.2537861843648384402872634812
0.2537836023755987904198771658
0.2537836023755987904198771658
0.2537836023755987904198771658
0.2538805417641848760387672739
0.2538805417641848760387672739
0.2538805417641848760387672739
0.2539369991542147708902366058
0.2539369991542147708902366058
0.2539369991542147708902366058
0.2538686123708337121814915690
0.2538686123708337121814915690
0.2538686123708337121814915690
0.2537545280856983600226627615
0.2537545280856983600226627615
0.2537545280856983600226627615
0.2536681761716356550369184236
0.2536681761716356550369184236
0.2536681761716356550369184236
0.2538054129367811237937833070
0.2538054129367811237937833070
0.2538054129367811237937833070
0.2538054129367811237937833070
0.2538351783487438013255017883
0.2538351783487438013255017883
0.2538351783487438013255017883
0.2539889300802371208590347447
0.2539889300802371208590347447
0.2539889300802371208590347447
0.2542622651524278405847051231
0.2542622651524278405847051231
0.2542622651524278405847051231
0.2541744612328499907458052052
0.2541744612328499907458052052
0.2541744612328499907458052052
0.2539768748844078711642433036
0.2539768748844078711642433036
0.2539768748844078711642433036
0.2538806616051440546841335578
0.2538806616051440546841335578
0.2538806616051440546841335578
0.2536865553002145095894456352
0.2536865553002145095894456352
0.2536865553002145095894456352
0.2534369477295309413717658394
0.2534369477295309413717658394
0.2534369477295309413717658394
0.2534369477295309413717658394
0.2533261594302912384478739256
0.2533261594302912384478739256
0.2533261594302912384478739256
0.2534389062868280611829400377
0.2534389062868280611829400377
0.2534389062868280611829400377
0.2534369163726154829778106153
0.2534369163726154829778106153
0.2534369163726154829778106153
0.2534348241063846154779201267
0.2534348241063846154779201267
0.2534348241063846154779201267
0.2534973471451045501383639286
0.2534973471451045501383639286
0.2534973471451045501383639286
0.2534457096825987792860947948
0.2534457096825987792860947948
0.2534457096825987792860947948
0.2532733087135958331385944836
0.2532733087135958331385944836
0.2532733087135958331385944836
0.2533011502366954085202035921
0.2533011502366954085202035921
0.2533011502366954085202035921
0.2531267286031605971429669752
0.2531267286031605971429669752
0.2531267286031605971429669752
0.2531267286031605971429669752
0.2532732163385907812645777092
0.2532732163385907812645777092
0.2532732163385907812645777092
0.2531886639746525824821205641
0.2531886639746525824821205641
0.2531886639746525824821205641
0.2530475597547675315673563114
0.2530475597547675315673563114
0.2530475597547675315673563114
0.2530319753583872931477101030
0.2530319753583872931477101030
0.2530319753583872931477101030
0.2529729229601800814631986285
0.2529729229601800814631986285
0.2529729229601800814631986285
0.2529460564815259967847012091
0.2531182740611871673729023120
0.2531182740611871673729023120
0.2531182740611871673729023120
0.2529710261253666966262381357
0.2529710261253666966262381357
0.2529710261253666966262381357
0.2531019127637555834193868376
0.2531019127637555834193868376
0.2531019127637555834193868376
0.2530936685084947073042563090
0.2530936685084947073042563090
0.2530936685084947073042563090
0.2529022537927249994412016131
0.2529022537927249994412016131
0.2529022537927249994412016131
0.2529429220872868678411837637
0.2529429220872868678411837637
0.2529429220872868678411837637
0.2529335568647211432669887474
0.2529335568647211432669887474
0.2529335568647211432669887474
0.2529592867783412769372117803
0.2529592867783412769372117803
0.2529592867783412769372117803
0.2529592867783412769372117803
0.2530997559906017338933991173
0.2530997559906017338933991173
0.2530997559906017338933991173
0.2530565563284579252369757570
0.2530565563284579252369757570
0.2530565563284579252369757570
0.2530578564106149636103413003
0.2530578564106149636103413003
0.2530578564106149636103413003
0.2530777652298550613387360151
0.2530777652298550613387360151
0.2530777652298550613387360151
0.2532506829291728424290028129
0.2532506829291728424290028129
0.2532506829291728424290028129
0.2531746929655466786202377439
0.2531746929655466786202377439
0.2531746929655466786202377439
0.2529769886544315733729479716
0.2529769886544315733729479716
0.2529769886544315733729479716
0.2531481415717789347561769788
0.2531481415717789347561769788
0.2531481415717789347561769788
0.2531481415717789347561769788
