0.2712511695129404098109045376
0.2712511695129404098109045376
0.2712511695129404098109045376
0.2574541136450935951931218665
0.2574541136450935951931218665
0.2574541136450935951931218665
0.2517339895019832555831254418
0.2517339895019832555831254418
0.2517339895019832555831254418
0.2539825124561482421361055707
0.2539825124561482421361055707
0.2539825124561482421361055707
0.2584507402438821389070109410
0.2584507402438821389070109410
0.2584507402438821389070109410
0.2621612013695161461319041015
0.2621612013695161461319041015
0.2621612013695161461319041015
0.2616397652633900444102891438
0.2616397652633900444102891438
0.2616397652633900444102891438
0.2587882119826327625105966597
0.2587882119826327625105966597
0.2587882119826327625105966597
0.2579950151949377631018988353
0.2579950151949377631018988353
0.2579950151949377631018988353
0.2579950151949377631018988353
0.2543679591260870784170402149
0.2543679591260870784170402149
0.2543679591260870784170402149
0.2553037318764243816831585733
0.2553037318764243816831585733
0.2553037318764243816831585733
0.2552572273002245864668156330
0.2552572273002245864668156330
0.2552572273002245864668156330
0.2555066338666115236312941263
0.2555066338666115236312941263
0.2555066338666115236312941263
0.2540246323805092762041565097
0.2540246323805092762041565097
0.2540246323805092762041565097
0.2550208760638226125213054918
0.2550208760638226125213054918
0.2550208760638226125213054918
0.2554247379102082016010546617
0.2554247379102082016010546617
0.2554247379102082016010546617
0.2539724996374167058256739073
0.2539724996374167058256739073
0.2539724996374167058256739073
0.2539724996374167058256739073
0.2536175978766684214849044043
0.2536175978766684214849044043
0.2536175978766684214849044043
0.2547026474487771385096339220
0.2547026474487771385096339220
0.2547026474487771385096339220
0.2536767231544946856734919084
0.2536767231544946856734919084
0.2536767231544946856734919084
0.2531019896474529465284212417
0.2531019896474529465284212417
0.2531019896474529465284212417
0.2533221564657362509907125594
0.2533221564657362509907125594
0.2533221564657362509907125594
0.2527911555356681490368640348
0.2527911555356681490368640348
0.2527911555356681490368640348
0.2525237129662025013863710866
0.2525237129662025013863710866
0.2525237129662025013863710866
0.2526879217995833250095599093
0.2526879217995833250095599093
0.2526879217995833250095599093
0.2526879217995833250095599093
0.2529984668434356854682168049
0.2529984668434356854682168049
0.2529984668434356854682168049
0.2533947553194802291274824437
0.2533947553194802291274824437
0.2533947553194802291274824437
0.2530154646821086275710753139
0.2530154646821086275710753139
0.2530154646821086275710753139
0.2535727789551304598147145137
0.2535727789551304598147145137
0.2535727789551304598147145137
0.2531758892742118511517646883
0.2531758892742118511517646883
0.2531758892742118511517646883
0.2536954725640143152649984314
0.2536954725640143152649984314
0.2536954725640143152649984314
0.2536438924393242844562893579
0.2536438924393242844562893579
0.2536438924393242844562893579
0.2522815802257089954586870419
0.2522815802257089954586870419
0.2522815802257089954586870419
0.2527195747915874389275582753
0.2527195747915874389275582753
0.2527195747915874389275582753
0.2527195747915874389275582753
0.2519568091826629424491741257
0.2519568091826629424491741257
0.2519568091826629424491741257
0.2519725073366218273232365696
0.2519725073366218273232365696
0.2519725073366218273232365696
0.2517772815485923340627851532
0.2517772815485923340627851532
0.2517772815485923340627851532
0.2521440654207314192335401724
0.2521440654207314192335401724
0.2521440654207314192335401724
0.2522922393889915231602929967
0.2522922393889915231602929967
0.2522922393889915231602929967
0.2523203584035946521008848068
0.2523203584035946521008848068
0.2523203584035946521008848068
0.2523718674197141423495320837
0.2523718674197141423495320837
0.2523718674197141423495320837
0.2530206781349810022073419042
0.2530206781349810022073419042
0.2530206781349810022073419042
0.2530206781349810022073419042
0.2524014976333165250710850892
0.2524014976333165250710850892
0.2524014976333165250710850892
0.2526452593887790490667823326
0.2526452593887790490667823326
0.2526452593887790490667823326
0.2515350686337516105565123306
0.2515350686337516105565123306
0.2515350686337516105565123306
0.2512556238279431192916655916
0.2512556238279431192916655916
0.2512556238279431192916655916
0.2512745049343570187859256618
0.2512745049343570187859256618
0.2512745049343570187859256618
0.2519496983765215400539414694
0.2519496983765215400539414694
0.2519496983765215400539414694
0.2520415518454548881400176035
0.2520415518454548881400176035
0.2520415518454548881400176035
0.2518910658560303222219811992
0.2518910658560303222219811992
0.2518910658560303222219811992
0.2518910658560303222219811992
0.2516246743328956878926856034
0.2516246743328956878926856034
0.2516246743328956878926856034
0.2513333388393875108817190839
0.2513333388393875108817190839
0.2513333388393875108817190839
0.2512179895694399852117273266
0.2512179895694399852117273266
0.2512179895694399852117273266
0.2506775718822952312071887276
0.2506775718822952312071887276
0.2506775718822952312071887276
0.2506784422265239626768874093
0.2506784422265239626768874093
0.2506784422265239626768874093
0.2508617607873272481457979521
0.2508617607873272481457979521
0.2508617607873272481457979521
0.2505674063016638556797559323
0.2505674063016638556797559323
0.2505674063016638556797559323
0.2501175835114710557701093691
0.2501175835114710557701093691
0.2501175835114710557701093691
0.2503085671517482608961039479
0.2503085671517482608961039479
0.2503085671517482608961039479
0.2503085671517482608961039479
0.2499951527718762893850925266
0.2499951527718762893850925266
0.2499951527718762893850925266
0.2498517548093293586321376485
0.2498517548093293586321376485
0.2498517548093293586321376485
0.2502828393220825338912739414
0.2502828393220825338912739414
0.2502828393220825338912739414
0.2508293536179525353598526823
0.2508293536179525353598526823
0.2508293536179525353598526823
0.2504037300454523125667823607
0.2504037300454523125667823607
0.2504037300454523125667823607
0.2505733088785490734080356600
0.2509077886788168142476784571
0.2509077886788168142476784571
0.2509077886788168142476784571
0.2508319580217481428733507407
0.2508319580217481428733507407
0.2508319580217481428733507407
0.2513710861185855011659277647
0.2513710861185855011659277647
0.2513710861185855011659277647
0.2513830924438865708143307929
0.2513830924438865708143307929
0.2513830924438865708143307929
0.2513678544611041317157662648
0.2513678544611041317157662648
0.2513678544611041317157662648
0.2512330961643290497718949491
0.2512330961643290497718949491
0.2512330961643290497718949491
0.2513779185808171876107281277
0.2513779185808171876107281277
0.2513779185808171876107281277
0.2511956574055480121836137494
0.2511956574055480121836137494
0.2511956574055480121836137494
0.2511956574055480121836137494
0.2510866021747353272517870460
0.2510866021747353272517870460
0.2510866021747353272517870460
0.2511074028615975355628595049
0.2511074028615975355628595049
0.2511074028615975355628595049
0.2509857894573422404421830784
0.2509857894573422404421830784
0.2509857894573422404421830784
0.2509052031585614813616896818
0.2509052031585614813616896818
0.2509052031585614813616896818
0.2512917583373792609980576178
0.2512917583373792609980576178
0.2512917583373792609980576178
0.2509528217996537664661622370
0.2509528217996537664661622370
0.2509528217996537664661622370
0.2507290716968796438131421131
0.2507290716968796438131421131
0.2507290716968796438131421131
0.2508926819408515492985424644
0.2508926819408515492985424644
0.2508926819408515492985424644
0.2508926819408515492985424644
0.2513525445582000753258719972
0.2513525445582000753258719972
0.2513525445582000753258719972
0.2510406616788138458530473480
0.2510406616788138458530473480
0.2510406616788138458530473480
0.2509936291653413890627373364
0.2509936291653413890627373364
0.2509936291653413890627373364
0.2507685014150912353486770194
0.2507685014150912353486770194
0.2507685014150912353486770194
0.2508157276057099580519072264
0.2508157276057099580519072264
0.2508157276057099580519072264
0.2508345415445318518072390574
0.2508345415445318518072390574
0.2508345415445318518072390574
0.2507434179603702722350136939
0.2507434179603702722350136939
0.2507434179603702722350136939
0.2510189967309591119555165502
0.2510189967309591119555165502
0.2510189967309591119555165502
0.2508721510763470433314008026
0.2508721510763470433314008026
0.2508721510763470433314008026
0.2508721510763470433314008026
0.2503702374369265563255129515
0.2503702374369265563255129515
0.2503702374369265563255129515
0.2501392137699445799921696269
0.2501392137699445799921696269
0.2501392137699445799921696269
0.2501832819266716154483202613
0.2501832819266716154483202613
0.2501832819266716154483202613
0.2507888054278677356061602784
0.2507888054278677356061602784
0.2507888054278677356061602784
0.2510513036411249000218604810
0.2510513036411249000218604810
0.2510513036411249000218604810
0.2508348351892595754861188755
0.2508348351892595754861188755
0.2508348351892595754861188755
0.2507952099038275454616090666
0.2507952099038275454616090666
0.2507952099038275454616090666
0.2507939297913260310337375312
0.2507939297913260310337375312
0.2507939297913260310337375312
0.2507939297913260310337375312
0.2509153621091571699424060168
0.2509153621091571699424060168
0.2509153621091571699424060168
0.2508225219588880862442718170
0.2508225219588880862442718170
0.2508225219588880862442718170
0.2511175254467612353502131075
0.2511175254467612353502131075
0.2511175254467612353502131075
0.2511045153721566980927379842
0.2511045153721566980927379842
0.2511045153721566980927379842
0.2511925008684956858207070208
0.2511925008684956858207070208
0.2511925008684956858207070208
0.2512386909066936170481455091
0.2512386909066936170481455091
0.2512386909066936170481455091
0.2510535399635529441207214914
0.2510535399635529441207214914
0.2510535399635529441207214914
0.2510375038272842250232787209
0.2510375038272842250232787209
0.2510375038272842250232787209
0.2510375038272842250232787209
0.2511271795043983826896502304
0.2511271795043983826896502304
0.2511271795043983826896502304
0.2510366471282843127121148702
0.2510366471282843127121148702
0.2510366471282843127121148702
0.2511735161438669525149479462
0.2511735161438669525149479462
0.2511735161438669525149479462
0.2509801216196700796790274678
0.2509801216196700796790274678
0.2509801216196700796790274678
0.2508443522223704689668883639
0.2508443522223704689668883639
0.2508443522223704689668883639
0.2509028642292986858987567590
0.2509028642292986858987567590
0.2509028642292986858987567590
0.2510605575115451462597793624
0.2510605575115451462597793624
0.2510605575115451462597793624
0.2513227123604839762510253805
0.2513227123604839762510253805
0.2513227123604839762510253805
0.2518928989241058191229348501
0.2518928989241058191229348501
0.2518928989241058191229348501
0.2518928989241058191229348501
0.2520835222618306417094920624
0.2520835222618306417094920624
0.2520835222618306417094920624
0.2520508829248142658493854409
0.2520508829248142658493854409
0.2520508829248142658493854409
0.2521851608982420013545648805
0.2521851608982420013545648805
0.2521851608982420013545648805
0.2524550169981735801983956413
0.2524550169981735801983956413
0.2524550169981735801983956413
0.2524961405373595333931701513
0.2524961405373595333931701513
0.2524961405373595333931701513
0.2525151281495479442729601265
0.2525151281495479442729601265
0.2525151281495479442729601265
0.2523715622855056922282901575
0.2523715622855056922282901575
0.2523715622855056922282901575
0.2523465032411261957355222234
0.2523465032411261957355222234
0.2523465032411261957355222234
0.2523465032411261957355222234
0.2524628617712147867933216445
0.2524628617712147867933216445
0.2524628617712147867933216445
0.2524636610240052956656621152
0.2524636610240052956656621152
0.2524636610240052956656621152
0.2525931193043773875606256903
0.2525931193043773875606256903
0.2525931193043773875606256903
0.2525503571956126995552365394
0.2525503571956126995552365394
0.2525503571956126995552365394
0.2524582832774712934082375663
0.2524582832774712934082375663
0.2524582832774712934082375663
0.2525175619029351170966804018
0.2525175619029351170966804018
0.2525175619029351170966804018
0.2527806205087601343942586159
0.2527806205087601343942586159
0.2527806205087601343942586159
0.2527671219580904090545553506
0.2527671219580904090545553506
0.2527671219580904090545553506
0.2527671219580904090545553506
0.2525997402142307922092626906
0.2525997402142307922092626906
0.2525997402142307922092626906
0.2525512007566037109882996717
0.2525512007566037109882996717
0.2525512007566037109882996717
0.2524021622103609914606516666
0.2524021622103609914606516666
0.2524021622103609914606516666
0.2522302002014673164739197929
0.2522302002014673164739197929
0.2522302002014673164739197929
0.2521999067448731538670216556
0.2521999067448731538670216556
0.2521999067448731538670216556
0.2519570833304209878850564581
0.2519570833304209878850564581
0.2519570833304209878850564581
0.2518620617452742340886536930
0.2518620617452742340886536930
0.2518620617452742340886536930
0.2520216598960221545296374776
0.2520216598960221545296374776
0.2520216598960221545296374776
0.2520606461001266241922432259
0.2520606461001266241922432259
0.2520606461001266241922432259
0.2520606461001266241922432259
0.2517788642747918397027766424
0.2517788642747918397027766424
0.2517788642747918397027766424
0.2519932872657439932424010060
0.2519932872657439932424010060
0.2519932872657439932424010060
0.2520237753444555945195991730
0.2520237753444555945195991730
0.2520237753444555945195991730
0.2518574072159612887930132248
0.2518574072159612887930132248
0.2518574072159612887930132248
0.2518833353126972415714107912
0.2518833353126972415714107912
0.2518833353126972415714107912
0.2517483630854016494524155768
0.2517739929450610614002270282
0.2517739929450610614002270282
0.2517739929450610614002270282
0.2519180354034690119095302315
0.2519180354034690119095302315
0.2519180354034690119095302315
0.2522151295153765971373223407
0.2522151295153765971373223407
0.2522151295153765971373223407
0.2520832297801622905367393045
0.2520832297801622905367393045
0.2520832297801622905367393045
0.2518731843096891436495348533
0.2518731843096891436495348533
0.2518731843096891436495348533
0.2518873683741138598694205578
0.2518873683741138598694205578
0.2518873683741138598694205578
0.2518758829067873160415785184
0.2518758829067873160415785184
0.2518758829067873160415785184
0.2516818164125568395988454046
0.2516818164125568395988454046
0.2516818164125568395988454046
0.2516818164125568395988454046
0.2516490396238145194902366006
0.2516490396238145194902366006
0.2516490396238145194902366006
0.2517307533621197350263145372
0.2517307533621197350263145372
0.2517307533621197350263145372
0.2516995832016733089995819227
0.2516995832016733089995819227
0.2516995832016733089995819227
0.2517306249161691534169668423
0.2517306249161691534169668423
0.2517306249161691534169668423
0.2514986054112270501193176528
0.2514986054112270501193176528
0.2514986054112270501193176528
0.2515281724270526307076113816
0.2515281724270526307076113816
0.2515281724270526307076113816
0.2515555324762132867216001546
0.2515555324762132867216001546
0.2515555324762132867216001546
0.2515406335575685095301716514
0.2515406335575685095301716514
0.2515406335575685095301716514
0.2515406335575685095301716514
