0.00005144692307695804266058747309
0.00005144692307695804266058747309
0.00005144692307695804266058747309
0.00005144692307695804266058747309
0.00005144692307695804266058747309
0.00005144692307695804266058747309
0.00005144692307695804266058747309
0.00005144692307695804266058747309
0.00005144692307695804266058747309
0.00005144692307695804266058747309
0.00005144692307695804266058747309
0.00005144692307695804266058747309
0.00005144692307695804266058747309
0.00005144692307695804266058747309
0.00005144692307695804266058747309
0.00004522434893641697629406780319
0.00004522434893641697629406780319
0.00004522434893641697629406780319
0.00004522434893641697629406780319
0.00004522434893641697629406780319
0.00004522434893641697629406780319
0.00004522434893641697629406780319
0.00004522434893641697629406780319
0.00004522434893641697629406780319
0.00004522434893641697629406780319
0.00004522434893641697629406780319
0.00004522434893641697629406780319
0.00004522434893641697629406780319
0.00004522434893641697629406780319
0.00004522434893641697629406780319
0.00004522434893641697629406780319
0.00004429253969997976740052886985
0.00004429253969997976740052886985
0.00004429253969997976740052886985
0.00004429253969997976740052886985
0.00004429253969997976740052886985
0.00004429253969997976740052886985
0.00004429253969997976740052886985
0.00004429253969997976740052886985
0.00004429253969997976740052886985
0.00004429253969997976740052886985
0.00004429253969997976740052886985
0.00004429253969997976740052886985
0.00004429253969997976740052886985
0.00004429253969997976740052886985
0.00004429253969997976740052886985
0.00004414989458041121816098238986
0.00004414989458041121816098238986
0.00004414989458041121816098238986
0.00004414989458041121816098238986
0.00004414989458041121816098238986
0.00004414989458041121816098238986
0.00004414989458041121816098238986
0.00004414989458041121816098238986
0.00004414989458041121816098238986
0.00004414989458041121816098238986
0.00004414989458041121816098238986
0.00004414989458041121816098238986
0.00004414989458041121816098238986
0.00004414989458041121816098238986
0.00004414989458041121816098238986
0.00004414989458041121816098238986
0.00004326948659095912197941049108
0.00004326948659095912197941049108
0.00004326948659095912197941049108
0.00004326948659095912197941049108
0.00004326948659095912197941049108
0.00004326948659095912197941049108
0.00004326948659095912197941049108
0.00004326948659095912197941049108
0.00004326948659095912197941049108
0.00004326948659095912197941049108
0.00004326948659095912197941049108
0.00004326948659095912197941049108
0.00004326948659095912197941049108
0.00004326948659095912197941049108
0.00004326948659095912197941049108
0.00004326948659095912197941049108
0.00004248425830829574952322874558
0.00004248425830829574952322874558
0.00004248425830829574952322874558
0.00004248425830829574952322874558
0.00004248425830829574952322874558
0.00004248425830829574952322874558
0.00004248425830829574952322874558
0.00004248425830829574952322874558
0.00004248425830829574952322874558
0.00004248425830829574952322874558
0.00004248425830829574952322874558
0.00004248425830829574952322874558
0.00004248425830829574952322874558
0.00004248425830829574952322874558
0.00004248425830829574952322874558
0.00004212991612737298358813031381
0.00004212991612737298358813031381
0.00004212991612737298358813031381
0.00004212991612737298358813031381
0.00004212991612737298358813031381
0.00004212991612737298358813031381
0.00004212991612737298358813031381
0.00004212991612737298358813031381
0.00004212991612737298358813031381
0.00004212991612737298358813031381
0.00004212991612737298358813031381
0.00004212991612737298358813031381
0.00004212991612737298358813031381
0.00004212991612737298358813031381
0.00004212991612737298358813031381
0.00004212991612737298358813031381
0.00004188428815923554008949530507
0.00004188428815923554008949530507
0.00004188428815923554008949530507
0.00004188428815923554008949530507
0.00004188428815923554008949530507
0.00004188428815923554008949530507
0.00004188428815923554008949530507
0.00004188428815923554008949530507
0.00004188428815923554008949530507
0.00004188428815923554008949530507
0.00004188428815923554008949530507
0.00004188428815923554008949530507
0.00004188428815923554008949530507
0.00004188428815923554008949530507
0.00004188428815923554008949530507
0.00004290817647857535530755707006
0.00004290817647857535530755707006
0.00004290817647857535530755707006
0.00004290817647857535530755707006
0.00004290817647857535530755707006
0.00004290817647857535530755707006
0.00004290817647857535530755707006
0.00004290817647857535530755707006
0.00004290817647857535530755707006
0.00004290817647857535530755707006
0.00004290817647857535530755707006
0.00004290817647857535530755707006
0.00004290817647857535530755707006
0.00004290817647857535530755707006
0.00004290817647857535530755707006
0.00004290817647857535530755707006
0.00004372866095993435534497614276
0.00004372866095993435534497614276
0.00004372866095993435534497614276
0.00004372866095993435534497614276
0.00004372866095993435534497614276
0.00004372866095993435534497614276
0.00004372866095993435534497614276
0.00004372866095993435534497614276
0.00004372866095993435534497614276
0.00004372866095993435534497614276
0.00004372866095993435534497614276
0.00004372866095993435534497614276
0.00004372866095993435534497614276
0.00004372866095993435534497614276
0.00004372866095993435534497614276
0.00004372866095993435534497614276
0.00004351191893105985818793686827
0.00004351191893105985818793686827
0.00004351191893105985818793686827
0.00004351191893105985818793686827
0.00004351191893105985818793686827
0.00004351191893105985818793686827
0.00004351191893105985818793686827
0.00004351191893105985818793686827
0.00004351191893105985818793686827
0.00004351191893105985818793686827
0.00004351191893105985818793686827
0.00004351191893105985818793686827
0.00004351191893105985818793686827
0.00004351191893105985818793686827
0.00004351191893105985818793686827
0.00004340249168604200441472761825
0.00004340249168604200441472761825
0.00004340249168604200441472761825
0.00004340249168604200441472761825
0.00004340249168604200441472761825
0.00004340249168604200441472761825
0.00004340249168604200441472761825
0.00004340249168604200441472761825
0.00004340249168604200441472761825
0.00004340249168604200441472761825
0.00004340249168604200441472761825
0.00004340249168604200441472761825
0.00004340249168604200441472761825
0.00004340249168604200441472761825
0.00004340249168604200441472761825
0.00004340249168604200441472761825
0.00004330960287065181477423058067
0.00004330960287065181477423058067
0.00004330960287065181477423058067
0.00004330960287065181477423058067
0.00004330960287065181477423058067
0.00004330960287065181477423058067
0.00004330960287065181477423058067
0.00004330960287065181477423058067
0.00004330960287065181477423058067
0.00004330960287065181477423058067
0.00004330960287065181477423058067
0.00004330960287065181477423058067
0.00004330960287065181477423058067
0.00004330960287065181477423058067
0.00004330960287065181477423058067
0.00004330960287065181477423058067
0.00004343773644627356955066490207
0.00004343773644627356955066490207
0.00004343773644627356955066490207
0.00004343773644627356955066490207
0.00004343773644627356955066490207
0.00004343773644627356955066490207
0.00004343773644627356955066490207
0.00004343773644627356955066490207
0.00004343773644627356955066490207
0.00004343773644627356955066490207
0.00004343773644627356955066490207
0.00004343773644627356955066490207
0.00004343773644627356955066490207
0.00004343773644627356955066490207
0.00004343773644627356955066490207
0.00004327243569349988817525221329
0.00004327243569349988817525221329
0.00004327243569349988817525221329
0.00004327243569349988817525221329
0.00004327243569349988817525221329
0.00004327243569349988817525221329
0.00004327243569349988817525221329
0.00004327243569349988817525221329
0.00004327243569349988817525221329
0.00004327243569349988817525221329
0.00004327243569349988817525221329
0.00004327243569349988817525221329
0.00004327243569349988817525221329
0.00004327243569349988817525221329
0.00004327243569349988817525221329
0.00004327243569349988817525221329
0.00004312716384138996388687235028
0.00004312716384138996388687235028
0.00004312716384138996388687235028
0.00004312716384138996388687235028
0.00004312716384138996388687235028
0.00004312716384138996388687235028
0.00004312716384138996388687235028
0.00004312716384138996388687235028
0.00004312716384138996388687235028
0.00004312716384138996388687235028
0.00004312716384138996388687235028
0.00004312716384138996388687235028
0.00004312716384138996388687235028
0.00004312716384138996388687235028
0.00004312716384138996388687235028
0.00004312716384138996388687235028
