0.00004783325987756760680692884685
0.00004783325987756760680692884685
0.00004783325987756760680692884685
0.00004783325987756760680692884685
0.00004783325987756760680692884685
0.00004783325987756760680692884685
0.00004783325987756760680692884685
0.00004783325987756760680692884685
0.00004783325987756760680692884685
0.00004783325987756760680692884685
0.00004783325987756760680692884685
0.00004783325987756760680692884685
0.00004783325987756760680692884685
0.00004783325987756760680692884685
0.00004783325987756760680692884685
0.00004117694595552247084160398909
0.00004117694595552247084160398909
0.00004117694595552247084160398909
0.00004117694595552247084160398909
0.00004117694595552247084160398909
0.00004117694595552247084160398909
0.00004117694595552247084160398909
0.00004117694595552247084160398909
0.00004117694595552247084160398909
0.00004117694595552247084160398909
0.00004117694595552247084160398909
0.00004117694595552247084160398909
0.00004117694595552247084160398909
0.00004117694595552247084160398909
0.00004117694595552247084160398909
0.00004117694595552247084160398909
0.00004109800222171684698068316874
0.00004109800222171684698068316874
0.00004109800222171684698068316874
0.00004109800222171684698068316874
0.00004109800222171684698068316874
0.00004109800222171684698068316874
0.00004109800222171684698068316874
0.00004109800222171684698068316874
0.00004109800222171684698068316874
0.00004109800222171684698068316874
0.00004109800222171684698068316874
0.00004109800222171684698068316874
0.00004109800222171684698068316874
0.00004109800222171684698068316874
0.00004109800222171684698068316874
0.00004250477350821495477324024085
0.00004250477350821495477324024085
0.00004250477350821495477324024085
0.00004250477350821495477324024085
0.00004250477350821495477324024085
0.00004250477350821495477324024085
0.00004250477350821495477324024085
0.00004250477350821495477324024085
0.00004250477350821495477324024085
0.00004250477350821495477324024085
0.00004250477350821495477324024085
0.00004250477350821495477324024085
0.00004250477350821495477324024085
0.00004250477350821495477324024085
0.00004250477350821495477324024085
0.00004250477350821495477324024085
0.00004379634843681199973387216991
0.00004379634843681199973387216991
0.00004379634843681199973387216991
0.00004379634843681199973387216991
0.00004379634843681199973387216991
0.00004379634843681199973387216991
0.00004379634843681199973387216991
0.00004379634843681199973387216991
0.00004379634843681199973387216991
0.00004379634843681199973387216991
0.00004379634843681199973387216991
0.00004379634843681199973387216991
0.00004379634843681199973387216991
0.00004379634843681199973387216991
0.00004379634843681199973387216991
0.00004379634843681199973387216991
0.00004393248101533805645642921109
0.00004393248101533805645642921109
0.00004393248101533805645642921109
0.00004393248101533805645642921109
0.00004393248101533805645642921109
0.00004393248101533805645642921109
0.00004393248101533805645642921109
0.00004393248101533805645642921109
0.00004393248101533805645642921109
0.00004393248101533805645642921109
0.00004393248101533805645642921109
0.00004393248101533805645642921109
0.00004393248101533805645642921109
0.00004393248101533805645642921109
0.00004393248101533805645642921109
0.00004437868103518715789979947603
0.00004437868103518715789979947603
0.00004437868103518715789979947603
0.00004437868103518715789979947603
0.00004437868103518715789979947603
0.00004437868103518715789979947603
0.00004437868103518715789979947603
0.00004437868103518715789979947603
0.00004437868103518715789979947603
0.00004437868103518715789979947603
0.00004437868103518715789979947603
0.00004437868103518715789979947603
0.00004437868103518715789979947603
0.00004437868103518715789979947603
0.00004437868103518715789979947603
0.00004437868103518715789979947603
0.00004405309209128109232716553469
0.00004405309209128109232716553469
0.00004405309209128109232716553469
0.00004405309209128109232716553469
0.00004405309209128109232716553469
0.00004405309209128109232716553469
0.00004405309209128109232716553469
0.00004405309209128109232716553469
0.00004405309209128109232716553469
0.00004405309209128109232716553469
0.00004405309209128109232716553469
0.00004405309209128109232716553469
0.00004405309209128109232716553469
0.00004405309209128109232716553469
0.00004405309209128109232716553469
0.00004374121914912848363466777619
0.00004374121914912848363466777619
0.00004374121914912848363466777619
0.00004374121914912848363466777619
0.00004374121914912848363466777619
0.00004374121914912848363466777619
0.00004374121914912848363466777619
0.00004374121914912848363466777619
0.00004374121914912848363466777619
0.00004374121914912848363466777619
0.00004374121914912848363466777619
0.00004374121914912848363466777619
0.00004374121914912848363466777619
0.00004374121914912848363466777619
0.00004374121914912848363466777619
0.00004374121914912848363466777619
0.00004423184761405636052318176472
0.00004423184761405636052318176472
0.00004423184761405636052318176472
0.00004423184761405636052318176472
0.00004423184761405636052318176472
0.00004423184761405636052318176472
0.00004423184761405636052318176472
0.00004423184761405636052318176472
0.00004423184761405636052318176472
0.00004423184761405636052318176472
0.00004423184761405636052318176472
0.00004423184761405636052318176472
0.00004423184761405636052318176472
0.00004423184761405636052318176472
0.00004423184761405636052318176472
0.00004423184761405636052318176472
0.00004375962884748689080860320417
0.00004375962884748689080860320417
0.00004375962884748689080860320417
0.00004375962884748689080860320417
0.00004375962884748689080860320417
0.00004375962884748689080860320417
0.00004375962884748689080860320417
0.00004375962884748689080860320417
0.00004375962884748689080860320417
0.00004375962884748689080860320417
0.00004375962884748689080860320417
0.00004375962884748689080860320417
0.00004375962884748689080860320417
0.00004375962884748689080860320417
0.00004375962884748689080860320417
0.00004385887504344068331734223004
0.00004385887504344068331734223004
0.00004385887504344068331734223004
0.00004385887504344068331734223004
0.00004385887504344068331734223004
0.00004385887504344068331734223004
0.00004385887504344068331734223004
0.00004385887504344068331734223004
0.00004385887504344068331734223004
0.00004385887504344068331734223004
0.00004385887504344068331734223004
0.00004385887504344068331734223004
0.00004385887504344068331734223004
0.00004385887504344068331734223004
0.00004385887504344068331734223004
0.00004385887504344068331734223004
0.00004383938716213845098058880423
0.00004383938716213845098058880423
0.00004383938716213845098058880423
0.00004383938716213845098058880423
0.00004383938716213845098058880423
0.00004383938716213845098058880423
0.00004383938716213845098058880423
0.00004383938716213845098058880423
0.00004383938716213845098058880423
0.00004383938716213845098058880423
0.00004383938716213845098058880423
0.00004383938716213845098058880423
0.00004383938716213845098058880423
0.00004383938716213845098058880423
0.00004383938716213845098058880423
0.00004383938716213845098058880423
0.00004394307255112881437836597715
0.00004394307255112881437836597715
0.00004394307255112881437836597715
0.00004394307255112881437836597715
0.00004394307255112881437836597715
0.00004394307255112881437836597715
0.00004394307255112881437836597715
0.00004394307255112881437836597715
0.00004394307255112881437836597715
0.00004394307255112881437836597715
0.00004394307255112881437836597715
0.00004394307255112881437836597715
0.00004394307255112881437836597715
0.00004394307255112881437836597715
0.00004394307255112881437836597715
0.00004402993137188340463130146646
0.00004402993137188340463130146646
0.00004402993137188340463130146646
0.00004402993137188340463130146646
0.00004402993137188340463130146646
0.00004402993137188340463130146646
0.00004402993137188340463130146646
0.00004402993137188340463130146646
0.00004402993137188340463130146646
0.00004402993137188340463130146646
0.00004402993137188340463130146646
0.00004402993137188340463130146646
0.00004402993137188340463130146646
0.00004402993137188340463130146646
0.00004402993137188340463130146646
0.00004402993137188340463130146646
0.00004465392058561164714395797802
0.00004465392058561164714395797802
0.00004465392058561164714395797802
0.00004465392058561164714395797802
0.00004465392058561164714395797802
0.00004465392058561164714395797802
0.00004465392058561164714395797802
0.00004465392058561164714395797802
0.00004465392058561164714395797802
0.00004465392058561164714395797802
0.00004465392058561164714395797802
0.00004465392058561164714395797802
0.00004465392058561164714395797802
0.00004465392058561164714395797802
0.00004465392058561164714395797802
0.00004465392058561164714395797802
