0.00004086854324996987173310305645
0.00004086854324996987173310305645
0.00004086854324996987173310305645
0.00004086854324996987173310305645
0.00004086854324996987173310305645
0.00004086854324996987173310305645
0.00004086854324996987173310305645
0.00004086854324996987173310305645
0.00004086854324996987173310305645
0.00004086854324996987173310305645
0.00004086854324996987173310305645
0.00004086854324996987173310305645
0.00004086854324996987173310305645
0.00004086854324996987173310305645
0.00004086854324996987173310305645
0.00004082138848990225509812485482
0.00004082138848990225509812485482
0.00004082138848990225509812485482
0.00004082138848990225509812485482
0.00004082138848990225509812485482
0.00004082138848990225509812485482
0.00004082138848990225509812485482
0.00004082138848990225509812485482
0.00004082138848990225509812485482
0.00004082138848990225509812485482
0.00004082138848990225509812485482
0.00004082138848990225509812485482
0.00004082138848990225509812485482
0.00004082138848990225509812485482
0.00004082138848990225509812485482
0.00004082138848990225509812485482
0.00003898438788390642517407530194
0.00003898438788390642517407530194
0.00003898438788390642517407530194
0.00003898438788390642517407530194
0.00003898438788390642517407530194
0.00003898438788390642517407530194
0.00003898438788390642517407530194
0.00003898438788390642517407530194
0.00003898438788390642517407530194
0.00003898438788390642517407530194
0.00003898438788390642517407530194
0.00003898438788390642517407530194
0.00003898438788390642517407530194
0.00003898438788390642517407530194
0.00003898438788390642517407530194
0.00003957176021602843719863278855
0.00003957176021602843719863278855
0.00003957176021602843719863278855
0.00003957176021602843719863278855
0.00003957176021602843719863278855
0.00003957176021602843719863278855
0.00003957176021602843719863278855
0.00003957176021602843719863278855
0.00003957176021602843719863278855
0.00003957176021602843719863278855
0.00003957176021602843719863278855
0.00003957176021602843719863278855
0.00003957176021602843719863278855
0.00003957176021602843719863278855
0.00003957176021602843719863278855
0.00003957176021602843719863278855
0.00004021419005768245722541025099
0.00004021419005768245722541025099
0.00004021419005768245722541025099
0.00004021419005768245722541025099
0.00004021419005768245722541025099
0.00004021419005768245722541025099
0.00004021419005768245722541025099
0.00004021419005768245722541025099
0.00004021419005768245722541025099
0.00004021419005768245722541025099
0.00004021419005768245722541025099
0.00004021419005768245722541025099
0.00004021419005768245722541025099
0.00004021419005768245722541025099
0.00004021419005768245722541025099
0.00004021419005768245722541025099
0.00003992357893697066126377545396
0.00003992357893697066126377545396
0.00003992357893697066126377545396
0.00003992357893697066126377545396
0.00003992357893697066126377545396
0.00003992357893697066126377545396
0.00003992357893697066126377545396
0.00003992357893697066126377545396
0.00003992357893697066126377545396
0.00003992357893697066126377545396
0.00003992357893697066126377545396
0.00003992357893697066126377545396
0.00003992357893697066126377545396
0.00003992357893697066126377545396
0.00003992357893697066126377545396
0.00004116389150709046809030731033
0.00004116389150709046809030731033
0.00004116389150709046809030731033
0.00004116389150709046809030731033
0.00004116389150709046809030731033
0.00004116389150709046809030731033
0.00004116389150709046809030731033
0.00004116389150709046809030731033
0.00004116389150709046809030731033
0.00004116389150709046809030731033
0.00004116389150709046809030731033
0.00004116389150709046809030731033
0.00004116389150709046809030731033
0.00004116389150709046809030731033
0.00004116389150709046809030731033
0.00004116389150709046809030731033
0.00004130550000357177670339188048
0.00004130550000357177670339188048
0.00004130550000357177670339188048
0.00004130550000357177670339188048
0.00004130550000357177670339188048
0.00004130550000357177670339188048
0.00004130550000357177670339188048
0.00004130550000357177670339188048
0.00004130550000357177670339188048
0.00004130550000357177670339188048
0.00004130550000357177670339188048
0.00004130550000357177670339188048
0.00004130550000357177670339188048
0.00004130550000357177670339188048
0.00004130550000357177670339188048
0.00004120241737212719798853326424
0.00004120241737212719798853326424
0.00004120241737212719798853326424
0.00004120241737212719798853326424
0.00004120241737212719798853326424
0.00004120241737212719798853326424
0.00004120241737212719798853326424
0.00004120241737212719798853326424
0.00004120241737212719798853326424
0.00004120241737212719798853326424
0.00004120241737212719798853326424
0.00004120241737212719798853326424
0.00004120241737212719798853326424
0.00004120241737212719798853326424
0.00004120241737212719798853326424
0.00004120241737212719798853326424
0.00004177359069322437350280502300
0.00004177359069322437350280502300
0.00004177359069322437350280502300
0.00004177359069322437350280502300
0.00004177359069322437350280502300
0.00004177359069322437350280502300
0.00004177359069322437350280502300
0.00004177359069322437350280502300
0.00004177359069322437350280502300
0.00004177359069322437350280502300
0.00004177359069322437350280502300
0.00004177359069322437350280502300
0.00004177359069322437350280502300
0.00004177359069322437350280502300
0.00004177359069322437350280502300
0.00004177359069322437350280502300
0.00004196053552868271749547904242
0.00004196053552868271749547904242
0.00004196053552868271749547904242
0.00004196053552868271749547904242
0.00004196053552868271749547904242
0.00004196053552868271749547904242
0.00004196053552868271749547904242
0.00004196053552868271749547904242
0.00004196053552868271749547904242
0.00004196053552868271749547904242
0.00004196053552868271749547904242
0.00004196053552868271749547904242
0.00004196053552868271749547904242
0.00004196053552868271749547904242
0.00004196053552868271749547904242
0.00004157028691068278881255084716
0.00004157028691068278881255084716
0.00004157028691068278881255084716
0.00004157028691068278881255084716
0.00004157028691068278881255084716
0.00004157028691068278881255084716
0.00004157028691068278881255084716
0.00004157028691068278881255084716
0.00004157028691068278881255084716
0.00004157028691068278881255084716
0.00004157028691068278881255084716
0.00004157028691068278881255084716
0.00004157028691068278881255084716
0.00004157028691068278881255084716
0.00004157028691068278881255084716
0.00004157028691068278881255084716
0.00004154374693586312541642735990
0.00004154374693586312541642735990
0.00004154374693586312541642735990
0.00004154374693586312541642735990
0.00004154374693586312541642735990
0.00004154374693586312541642735990
0.00004154374693586312541642735990
0.00004154374693586312541642735990
0.00004154374693586312541642735990
0.00004154374693586312541642735990
0.00004154374693586312541642735990
0.00004154374693586312541642735990
0.00004154374693586312541642735990
0.00004154374693586312541642735990
0.00004154374693586312541642735990
0.00004154374693586312541642735990
0.00004131860103018198673770678796
0.00004131860103018198673770678796
0.00004131860103018198673770678796
0.00004131860103018198673770678796
0.00004131860103018198673770678796
0.00004131860103018198673770678796
0.00004131860103018198673770678796
0.00004131860103018198673770678796
0.00004131860103018198673770678796
0.00004131860103018198673770678796
0.00004131860103018198673770678796
0.00004131860103018198673770678796
0.00004131860103018198673770678796
0.00004131860103018198673770678796
0.00004131860103018198673770678796
