0.00001976193221391300708883842075
0.00003408987829660821154730674952
0.00005748622252836035946071831367
0.00005598243707414015806291780530
0.00005246599471002860991655583277
0.00004987460609573934447523686378
0.00004591433428340857445611843463
0.00004730532204571961420239588540
0.00004664057306473490175310505618
0.00004520190771325491871242820548
0.00004388612463549001506216319474
0.00004410845287650086181088489327
0.00004551959463989174187039628410
0.00004723927521791594914022497209
0.00004811219596224346771072710427
0.00004730262935810428011400960141
0.00004693566160295192995489871403
0.00004852026101736697112617660948
0.00004863339572348740426436590220
0.00004757639090046864480869500833
0.00004772482319751086131884450878
0.00004635221749046206424089445215
0.00004750824690644754920242372581
0.00004900363940993583757660696752
0.00004922387174672204000450902770
0.00004790158454799931687694991090
0.00004853135418119836767135203132
0.00004930767953315715865983130038
0.00004855160735678241445907840785
0.00004802216528535718860780534316
0.00004751329638016953775000550304
0.00004735826300669622061976672743
0.00004764298970696871819764256817
0.00004773434361736820996317654204
0.00004834783117710994373593562073
0.00004791511402825054306181414176
0.00004756250565980210995017474122
0.00004827694350863963286632273541
0.00004838288663168737997542104572
0.00004838240048966607637762111017
0.00004773810107536684488148793223
0.00004748713309649099211225024690
0.00004751554686610010407063735349
0.00004718421182796603697856493758
0.00004701870928790408687457428195
0.00004698019191517272920919610386
0.00004654702051156466602520469304
0.00004661252986524300023450643926
0.00004675130376768034897716625463
0.00004651445875557295767338044104
0.00004611345092430985899976232208
0.00004654070288199359600423663270
0.00004616754967790301911605207755
0.00004679227753874389356374672436
0.00004632672335953079014900990915
0.00004645178664474371481658417979
0.00004667075179768439507783135779
0.00004640158385814148533322582118
0.00004630414420617125898328073627
0.00004609991573857481242051538057
0.00004619276738444769353888151310
0.00004640171922515648430370658825
0.00004622147927441375339605018199
0.00004660836932121913539116389735
0.00004610402028402691097375196325
0.00004654107790939730705292738751
0.00004625597199457347714461468520
0.00004630563880937479582073510087
0.00004638189247131272376891311897
0.00004661237558425635502716582256
0.00004660123321246524236335320381
0.00004626744792561083883717039433
0.00004596888314567753331892488444
0.00004598228906860342287183535762
0.00004560183519191972779516778943
0.00004541980617130970015116715944
0.00004517856916143324199455560286
0.00004531597931527007296854846510
0.00004528840240342908483218217957
0.00004524879840466087858319138355
0.00004502527285872078666274730300
0.00004491323346801293104785794567
0.00004468398236336729452136227499
0.00004444415411514020691272633932
0.00004456293605982756118872901338
0.00004435211370863653722334036633
0.00004414084007912001008283365549
0.00004410152112115183386315602746
0.00004393802423814296097008593026
0.00004437995446412531609067464843
0.00004460503402570467376422647682
0.00004463671358089227921295678997
0.00004458543924120981728527654024
0.00004451444496960909661820254285
0.00004442189112380020728381273283
0.00004444885557637642586114811013
0.00004438328797816532169076225117
0.00004429629457305888301584190827
0.00004440029558103619932888741926
0.00004455143462879201611656887753
0.00004447509783848779398840014864
0.00004446602101431606030820429660
0.00004443301911138020226494665166
0.00004470101000107249360177578563
0.00004480043714351764026753430074
0.00004497201563440787540841639525
0.00004483099415270925584911717416
0.00004464521300819494488920333363
0.00004475297262776004678150162209
0.00004480787611160559861153212613
0.00004477066607292546916328785836
0.00004468184490511237909994475507
0.00004493348264645960256110744110
0.00004503105655206087376484801616
0.00004475215885577929028155829494
0.00004476267919073066361022647443
0.00004466377972920779951611203987
0.00004459283612628891773418175869
0.00004469958533154816679024158754
0.00004485212349401179027436461617
0.00004517463174430020184193191380
0.00004515689370322874331274196153
0.00004518153948229346688331926504
0.00004512805537092423870737661051
0.00004508218536996269753491654545
0.00004510904980548345312293534032
0.00004510277049808781800801959918
0.00004517470591953447660844218357
0.00004541873024343800716595682847
0.00004556314443236047185850670399
0.00004564623238774798231817416060
0.00004561528438082919722798354233
0.00004562171622602418241751755812
0.00004540166439933446581670679832
0.00004532697139006399880710804670
0.00004533372101215967201722537748
0.00004551464006664204219868046150
0.00004558517545750823423459829095
0.00004545875829052641084249800124
0.00004537235377186602969888010661
0.00004541660181691922562746822408
0.00004528660784756516892524555658
0.00004521431449106632183491063434
0.00004509821300186307807769329007
0.00004517262911166324987019583527
0.00004522658714848047298866701734
0.00004509049328432811380003849042
0.00004527803383339492141204738682
0.00004515148806994395858438813865
0.00004501200845035152601737210315
0.00004509031920981720196742911056
0.00004494561771584166492556145632
0.00004483517011408723912763305357
0.00004480752442379580816766987214
0.00004505176321230270877213812362
0.00004500215424532359070472895409
0.00004491008663974866616556702547
0.00004495710995854426068715213153
0.00004500219028029906552815795323
0.00004511639158197631710477111713
0.00004521358325477383699970121647
0.00004523465500135372478347775089
0.00004528497814257804877886235884
0.00004528142252917586583377904050
0.00004520907991374866642664984234
0.00004511814120460010882442452436
0.00004517932572930858442236209046
0.00004519209193017143152208580744
0.00004510765631979096479133726435
0.00004504908157175451857060864042
0.00004508561284315394143442686802
0.00004505859928003366987641020720
0.00004516291734185269184552178686
0.00004508911351614689150361562462
0.00004501148868591109573379405647
0.00004502224235789435229247247600
0.00004511045898354431326200871811
0.00004513746652792879816066666986
0.00004520167626965943278201088295
0.00004514105857294439202245092736
0.00004509067981359078904176440401
0.00004507173244800771840745394236
0.00004512721510089494849726659402
0.00004510281603263284204470316607
0.00004516156409857582700128174655
0.00004511415280301874080286687899
0.00004510255770782906396195148759
0.00004530626771623307483521271546
0.00004525954617322370140424813014
0.00004517645322630831789713773374
0.00004516472545187460435975885478
0.00004509933230612606071852291890
0.00004508127558132530013671486948
0.00004509727497951365774211550630
0.00004503050646317133387707815466
0.00004488829391963233673279033683
0.00004483897741319846588006459902
0.00004487352722671959407245612322
0.00004488512419164923385569081755
0.00004479086342478264099352870060
0.00004484294195387286711761657667
0.00004482222304068473621420882273
0.00004480790311729583772158375194
0.00004480023703500774674115982618
0.00004487120074649858022965929573
0.00004480992863590836582637629350
0.00004484323483749390492981414932
0.00004484864812315261178710826707
0.00004475498572565236663176032657
0.00004471376702239774257599376806
0.00004464997418040308246876322109
