0.0001592609592116353308857974245
0.0001592609592116353308857974245
0.0001608348702644378769644077488
0.0001608348702644378769644077488
0.0001608348702644378769644077488
0.0001649586572291954679139260068
0.0001649586572291954679139260068
0.0001710571813831125141330944765
0.0001710571813831125141330944765
0.0001710571813831125141330944765
0.0001778788486075365962270401100
0.0001778788486075365962270401100
0.0001844539274969082552827722330
0.0001844539274969082552827722330
0.0001844539274969082552827722330
0.0001925852865795382684231963752
0.0001925852865795382684231963752
0.0001909774877149134751110106506
0.0001909774877149134751110106506
0.0001909774877149134751110106506
0.0001899502768609600288205141978
0.0001899502768609600288205141978
0.0001899502768609600288205141978
0.0001890387966528002252267172262
0.0001890387966528002252267172262
0.0001885258373415807586726582871
0.0001885258373415807586726582871
0.0001885258373415807586726582871
0.0001895466782008919144881364524
0.0001895466782008919144881364524
0.0001898734258614948709971541909
0.0001898734258614948709971541909
0.0001898734258614948709971541909
0.0001878246593649879885576706382
0.0001878246593649879885576706382
0.0001897665295504037100761743086
0.0001897665295504037100761743086
0.0001897665295504037100761743086
0.0001907445345983436854196290875
0.0001907445345983436854196290875
0.0001906657361652769716618341759
0.0001906657361652769716618341759
0.0001906657361652769716618341759
0.0001929784781457077432742002482
0.0001929784781457077432742002482
0.0001929784781457077432742002482
0.0001935399033470831747656902139
0.0001935399033470831747656902139
0.0001927777669781029163655741109
0.0001927777669781029163655741109
0.0001927777669781029163655741109
0.0001901740238479370374710534398
0.0001901740238479370374710534398
0.0001878895446582117732317322701
0.0001878895446582117732317322701
0.0001878895446582117732317322701
0.0001863812981158198069954851097
0.0001863812981158198069954851097
0.0001868370787672615846758738993
0.0001868370787672615846758738993
0.0001868370787672615846758738993
0.0001856280184417789088978260020
0.0001856280184417789088978260020
0.0001856280184417789088978260020
0.0001857986732311190231827105324
0.0001857986732311190231827105324
0.0001844536596071941412657957613
0.0001844536596071941412657957613
0.0001844536596071941412657957613
0.0001849883269968595381488138351
0.0001849883269968595381488138351
0.0001854969167898369866648161105
0.0001854969167898369866648161105
0.0001854969167898369866648161105
0.0001869513120872681650103422444
0.0001869513120872681650103422444
0.0001871573788512443535823559992
0.0001871573788512443535823559992
0.0001871573788512443535823559992
0.0001875293009876115636757657821
0.0001875293009876115636757657821
0.0001875293009876115636757657821
0.0001873349870693837370921541089
0.0001873349870693837370921541089
0.0001869211699938584831131917500
0.0001869211699938584831131917500
0.0001869211699938584831131917500
0.0001856919163865396186674221132
0.0001856919163865396186674221132
0.0001850377512312845694877022416
0.0001850377512312845694877022416
0.0001850377512312845694877022416
0.0001845735197730829362081455567
0.0001845735197730829362081455567
0.0001863317414254941114177490856
0.0001863317414254941114177490856
0.0001863317414254941114177490856
0.0001857147126350913436565649891
0.0001857147126350913436565649891
0.0001857147126350913436565649891
0.0001858933715686828238652569148
0.0001858933715686828238652569148
0.0001857599842786432971209055106
0.0001857599842786432971209055106
0.0001857599842786432971209055106
0.0001856303522846175365851109578
0.0001856303522846175365851109578
0.0001855390995681379428561870025
0.0001855390995681379428561870025
0.0001855390995681379428561870025
0.0001863701981448532888025401327
0.0001863701981448532888025401327
0.0001872150358838127771111750433
0.0001872150358838127771111750433
0.0001872150358838127771111750433
0.0001869658300377640677983999429
0.0001869658300377640677983999429
0.0001873981930363483315180546511
0.0001873981930363483315180546511
0.0001873981930363483315180546511
0.0001868380989365310043230586404
0.0001868380989365310043230586404
0.0001868380989365310043230586404
0.0001867336364398315373036572933
0.0001867336364398315373036572933
0.0001866246329136162867528916189
0.0001866246329136162867528916189
0.0001866246329136162867528916189
0.0001864747719168003543965026187
0.0001864747719168003543965026187
0.0001866517709238997470137812475
0.0001866517709238997470137812475
0.0001866517709238997470137812475
0.0001858231101836637383793511987
0.0001858231101836637383793511987
0.0001861033387978875862920074315
0.0001861033387978875862920074315
0.0001861033387978875862920074315
0.0001862839753961828839873550547
0.0001862839753961828839873550547
0.0001860443698445414482517977980
0.0001860443698445414482517977980
0.0001860443698445414482517977980
0.0001853498967464907877766764836
0.0001853498967464907877766764836
0.0001853498967464907877766764836
0.0001850808546305779598370067613
0.0001850808546305779598370067613
0.0001853471564944717733267568662
0.0001853471564944717733267568662
0.0001853471564944717733267568662
0.0001858196647284208950098677782
0.0001858196647284208950098677782
0.0001857187083728516192146134662
0.0001857187083728516192146134662
0.0001857187083728516192146134662
0.0001855980549079113878925614994
0.0001855980549079113878925614994
0.0001848129538115695166354323238
0.0001848129538115695166354323238
0.0001848129538115695166354323238
0.0001849785919290610955906100472
0.0001849785919290610955906100472
0.0001849785919290610955906100472
0.0001847167835946218619343095467
0.0001847167835946218619343095467
0.0001847876809956899348566279360
0.0001847876809956899348566279360
0.0001847876809956899348566279360
0.0001849365046438541482928131960
0.0001849365046438541482928131960
0.0001846947651188624092783441179
0.0001846947651188624092783441179
0.0001846947651188624092783441179
0.0001842946032041888184752062439
0.0001842946032041888184752062439
0.0001840787423151136851132934707
0.0001840787423151136851132934707
0.0001840787423151136851132934707
0.0001838360035398578790107596632
0.0001838360035398578790107596632
0.0001838360035398578790107596632
0.0001844430786259699738313660784
0.0001844430786259699738313660784
0.0001836888609357788624685240180
0.0001836888609357788624685240180
0.0001836888609357788624685240180
0.0001837579594787349167726581211
0.0001837579594787349167726581211
0.0001830240204367361827849506212
0.0001830240204367361827849506212
0.0001830240204367361827849506212
0.0001834957930477454236891092057
0.0001834957930477454236891092057
0.0001837117615076693516368545418
0.0001837117615076693516368545418
0.0001837117615076693516368545418
0.0001841598723745762216599332234
0.0001841598723745762216599332234
0.0001841598723745762216599332234
