0.09905174051091957840732694554
0.09905174051091957840732694554
0.09983411069818532791635229217
0.09983411069818532791635229217
0.09983411069818532791635229217
0.1019239733305738336599524027
0.1019239733305738336599524027
0.1025054976967200546358868762
0.1025054976967200546358868762
0.1025054976967200546358868762
0.1023616978470550813706603583
0.1023616978470550813706603583
0.1041484959824661242880988926
0.1041484959824661242880988926
0.1041484959824661242880988926
0.1022711569072678669164509363
0.1022711569072678669164509363
0.09990945388999364708277816779
0.09990945388999364708277816779
0.09990945388999364708277816779
0.09827922434433970818968451648
0.09827922434433970818968451648
0.09827922434433970818968451648
0.09879404269026394517037027023
0.09879404269026394517037027023
0.09677382396349025041289526869
0.09677382396349025041289526869
0.09677382396349025041289526869
0.09675028242301831337107790111
0.09675028242301831337107790111
0.09629521052305010457628839672
0.09629521052305010457628839672
0.09629521052305010457628839672
0.09553937787222864740154064981
0.09553937787222864740154064981
0.09443664044585285737125794093
0.09443664044585285737125794093
0.09443664044585285737125794093
0.09579905739626913954896928888
0.09579905739626913954896928888
0.09514176177676289223045426258
0.09514176177676289223045426258
0.09514176177676289223045426258
0.09467514296148366836350774336
0.09467514296148366836350774336
0.09467514296148366836350774336
0.09406484513776792338677141335
0.09406484513776792338677141335
0.09501581678799425623861726238
0.09501581678799425623861726238
0.09501581678799425623861726238
0.09547527311386388546479513891
0.09547527311386388546479513891
0.09539075663195492835623124914
0.09539075663195492835623124914
0.09539075663195492835623124914
0.09483329818855967780593831966
0.09483329818855967780593831966
0.09472176810567193049007921519
0.09472176810567193049007921519
0.09472176810567193049007921519
0.09449157240157067858103551806
0.09449157240157067858103551806
0.09449157240157067858103551806
0.09505748620502109484988011746
0.09505748620502109484988011746
0.09486584466530256546911763342
0.09486584466530256546911763342
0.09486584466530256546911763342
0.09517319556747219698188773448
0.09517319556747219698188773448
0.09539238161691797253714880351
0.09539238161691797253714880351
0.09539238161691797253714880351
0.09536749786411014651164325584
0.09536749786411014651164325584
0.09609518112817449424912698858
0.09609518112817449424912698858
0.09609518112817449424912698858
0.09610264805613137645571684804
0.09610264805613137645571684804
0.09610264805613137645571684804
0.09632086655504673202482066316
0.09632086655504673202482066316
0.09619114464990386901713632023
0.09619114464990386901713632023
0.09619114464990386901713632023
0.09558123866720979679345516944
0.09558123866720979679345516944
0.09556932906722475181260282702
0.09556932906722475181260282702
0.09556932906722475181260282702
0.09559285726547088822461449456
0.09559285726547088822461449456
0.09556906442510812071733863348
0.09556906442510812071733863348
0.09556906442510812071733863348
0.09589159760928023511058987049
0.09589159760928023511058987049
0.09589159760928023511058987049
0.09600707819524674740349573441
0.09600707819524674740349573441
0.09579464151985509511491464449
0.09579464151985509511491464449
0.09579464151985509511491464449
0.09539816284716656251340851779
0.09539816284716656251340851779
0.09576458055268181755070238987
0.09576458055268181755070238987
0.09576458055268181755070238987
0.09630736264310639521073332869
0.09630736264310639521073332869
0.09622372196140758382391905064
0.09622372196140758382391905064
0.09622372196140758382391905064
0.09649084651184663458482263783
0.09649084651184663458482263783
0.09619888792808501102539260995
0.09619888792808501102539260995
0.09619888792808501102539260995
0.09603118483996606072088721721
0.09603118483996606072088721721
0.09603118483996606072088721721
0.09587851662587169274638759270
0.09587851662587169274638759270
0.09599410934244855509653187910
0.09599410934244855509653187910
0.09599410934244855509653187910
0.09582618228989115533923974018
0.09582618228989115533923974018
0.09568376762929660730270404292
0.09568376762929660730270404292
0.09568376762929660730270404292
0.09575795277943393897514627270
0.09575795277943393897514627270
0.09610579078922521736672857796
0.09610579078922521736672857796
0.09610579078922521736672857796
0.09600863911403839906820486782
0.09600863911403839906820486782
0.09586920614870592706928946503
0.09586920614870592706928946503
0.09586920614870592706928946503
0.09585252440186796675338108653
0.09585252440186796675338108653
0.09585252440186796675338108653
0.09620741317651152821359127896
0.09620741317651152821359127896
0.09622199515227487602393854712
0.09622199515227487602393854712
0.09622199515227487602393854712
0.09628174948238143773794365450
0.09628174948238143773794365450
0.09620098499384925616733219386
0.09620098499384925616733219386
0.09620098499384925616733219386
0.09611569229528614826424326651
0.09611569229528614826424326651
0.09655289568092201317641088481
0.09655289568092201317641088481
0.09655289568092201317641088481
0.09619413121831366004933627320
0.09619413121831366004933627320
0.09619413121831366004933627320
0.09629858636287347429914642605
0.09629858636287347429914642605
0.09627578163913218361039926682
0.09627578163913218361039926682
0.09627578163913218361039926682
0.09595834012602989684288754064
0.09595834012602989684288754064
0.09590347024272502725758780349
0.09590347024272502725758780349
0.09590347024272502725758780349
0.09591370691105105279585091122
0.09591370691105105279585091122
0.09635820688598571621101271783
0.09635820688598571621101271783
0.09635820688598571621101271783
0.09654544805437091192452968392
0.09654544805437091192452968392
0.09654544805437091192452968392
0.09660179640027789801941027729
0.09660179640027789801941027729
0.09648772857660843388388329390
0.09648772857660843388388329390
0.09648772857660843388388329390
0.09674445690727758583022527801
0.09674445690727758583022527801
0.09688230359748288570217778999
0.09688230359748288570217778999
0.09688230359748288570217778999
0.09686098029803267706938658134
0.09686098029803267706938658134
0.09669864070017354961434019495
0.09669864070017354961434019495
0.09669864070017354961434019495
0.09637233200711494804057413639
0.09637233200711494804057413639
0.09637233200711494804057413639
