0.08287774581590075607686471988
0.08287774581590075607686471988
0.08815733570647420552661296043
0.08815733570647420552661296043
0.08815733570647420552661296043
0.08678557333554747133227061327
0.08678557333554747133227061327
0.09369169614093938378655570868
0.09369169614093938378655570868
0.09369169614093938378655570868
0.09413594091330052942620009825
0.09413594091330052942620009825
0.09239781591685513736179631061
0.09239781591685513736179631061
0.09239781591685513736179631061
0.09366588529449417972946259113
0.09366588529449417972946259113
0.09474111323476302927195375752
0.09474111323476302927195375752
0.09474111323476302927195375752
0.09617692103636156246699880869
0.09617692103636156246699880869
0.09617692103636156246699880869
0.09646202974584127317624598384
0.09646202974584127317624598384
0.09511795517880334056191177657
0.09511795517880334056191177657
0.09511795517880334056191177657
0.09646520753147893557929625759
0.09646520753147893557929625759
0.09815989505634125532728224995
0.09815989505634125532728224995
0.09815989505634125532728224995
0.09803330031952062718483372974
0.09803330031952062718483372974
0.09939932566081395488545254484
0.09939932566081395488545254484
0.09939932566081395488545254484
0.09866390099132192684897508591
0.09866390099132192684897508591
0.09752351615236972151279424874
0.09752351615236972151279424874
0.09752351615236972151279424874
0.09782693710260312302144968928
0.09782693710260312302144968928
0.09782693710260312302144968928
0.09769156891027174906079170239
0.09769156891027174906079170239
0.09773856350913342283635085319
0.09773856350913342283635085319
0.09773856350913342283635085319
0.09779566718713142458176335615
0.09779566718713142458176335615
0.09732774694107420973794912182
0.09732774694107420973794912182
0.09732774694107420973794912182
0.09648068567948399028150845592
0.09648068567948399028150845592
0.09671780161843943130080134384
0.09658042108809218009850685984
0.09658042108809218009850685984
0.09637906077801176516874400502
0.09637906077801176516874400502
0.09637906077801176516874400502
0.09601087898021916485435558990
0.09601087898021916485435558990
0.09576269500003968011428228663
0.09576269500003968011428228663
0.09576269500003968011428228663
0.09596644921466396136835453900
0.09596644921466396136835453900
0.09658126510299328351357119272
0.09658126510299328351357119272
0.09658126510299328351357119272
0.09625721837128428963978229975
0.09625721837128428963978229975
0.09550257043814258505776878056
0.09550257043814258505776878056
0.09550257043814258505776878056
0.09557069162033950333427450908
0.09557069162033950333427450908
0.09557069162033950333427450908
0.09528898052787273191619620239
0.09528898052787273191619620239
0.09540677456522369339605852688
0.09540677456522369339605852688
0.09540677456522369339605852688
0.09609385874074721385064997730
0.09609385874074721385064997730
0.09610014065377954104290582547
0.09610014065377954104290582547
0.09610014065377954104290582547
0.09615517992038057334961092364
0.09615517992038057334961092364
0.09604545912797901786184288223
0.09604545912797901786184288223
0.09604545912797901786184288223
0.09615621396553170909994103737
0.09615621396553170909994103737
0.09615621396553170909994103737
0.09629526094063810564396404559
0.09629526094063810564396404559
0.09649737620045448610918152443
0.09649737620045448610918152443
0.09649737620045448610918152443
0.09614000384051640852732353258
0.09614000384051640852732353258
0.09633205777177897306152454416
0.09633205777177897306152454416
0.09633205777177897306152454416
0.09656657448207938365821996831
0.09656657448207938365821996831
0.09607968620373400305360471006
0.09607968620373400305360471006
0.09607968620373400305360471006
0.09572588694285832449030759278
0.09572588694285832449030759278
0.09551585751843257143836957251
0.09551585751843257143836957251
0.09551585751843257143836957251
0.09589225709527595923418971451
0.09589225709527595923418971451
0.09589225709527595923418971451
0.09602439911595654617827406093
0.09602439911595654617827406093
0.09642623954469804871939305088
0.09642623954469804871939305088
0.09642623954469804871939305088
0.09716391022578093799761290578
0.09716391022578093799761290578
0.09744136223286015328774494480
0.09744136223286015328774494480
0.09744136223286015328774494480
0.09719759758443584521959109319
0.09719759758443584521959109319
0.09759336962965502047230011740
0.09759336962965502047230011740
0.09759336962965502047230011740
0.09745983648240856150508401166
0.09745983648240856150508401166
0.09736451805962646207206236120
0.09736451805962646207206236120
0.09736451805962646207206236120
0.09768101172601650147949704381
0.09768101172601650147949704381
0.09768101172601650147949704381
0.09742872573030471873637876216
0.09742872573030471873637876216
0.09774644365125970215061113369
0.09774644365125970215061113369
0.09774644365125970215061113369
0.09769680415777034955681392742
0.09769680415777034955681392742
0.09723451319925575679133478731
0.09723451319925575679133478731
0.09723451319925575679133478731
0.09718261549718223176099340591
0.09718261549718223176099340591
0.09718261549718223176099340591
0.09725395321317519128684054855
0.09725395321317519128684054855
0.09661756568971181364843228476
0.09661756568971181364843228476
0.09661756568971181364843228476
0.09660888313649860992670470529
0.09660888313649860992670470529
0.09661247227593793245139080949
0.09661247227593793245139080949
0.09661247227593793245139080949
0.09691364717860546655318370720
0.09691364717860546655318370720
0.09677179584143305411753562537
0.09677179584143305411753562537
0.09677179584143305411753562537
0.09712491519964530880024987660
0.09712491519964530880024987660
0.09698476260002539830630860758
0.09698476260002539830630860758
0.09698476260002539830630860758
0.09708578017769803092106500479
0.09708578017769803092106500479
0.09708578017769803092106500479
0.09714695370454730709843319688
0.09714695370454730709843319688
0.09718220107568893330570766044
0.09718220107568893330570766044
0.09718220107568893330570766044
0.09678784017893382830569899306
0.09678784017893382830569899306
0.09688364300096146858074501878
0.09688364300096146858074501878
0.09688364300096146858074501878
0.09677081964782248860618077551
0.09677081964782248860618077551
0.09671988545512580575215247690
0.09671988545512580575215247690
0.09671988545512580575215247690
0.09677264876777925472912746544
0.09677264876777925472912746544
0.09677264876777925472912746544
