0.0002069682057862408671986450666
0.0002069682057862408671986450666
0.0002037790161952803680957630391
0.0002037790161952803680957630391
0.0002037790161952803680957630391
0.0001861367558731556022132288329
0.0001861367558731556022132288329
0.0001847717665230470274154864312
0.0001847717665230470274154864312
0.0001847717665230470274154864312
0.0001878681741101602540097146617
0.0001878681741101602540097146617
0.0001878645261484541108235578256
0.0001878645261484541108235578256
0.0001878645261484541108235578256
0.0001850559342398349565358695410
0.0001850559342398349565358695410
0.0001891833165637585827033134061
0.0001891833165637585827033134061
0.0001891833165637585827033134061
0.0001895236405817895018968107247
0.0001895236405817895018968107247
0.0001895236405817895018968107247
0.0001867990700125991218544719203
0.0001867990700125991218544719203
0.0001865225683298151532717922267
0.0001865225683298151532717922267
0.0001865225683298151532717922267
0.0001845850591509694440933406834
0.0001845850591509694440933406834
0.0001843203093416747268775062199
0.0001843203093416747268775062199
0.0001843203093416747268775062199
0.0001842803668823851963943245324
0.0001842803668823851963943245324
0.0001851885166416716346797193147
0.0001851885166416716346797193147
0.0001851885166416716346797193147
0.0001877699642105433821510306600
0.0001877699642105433821510306600
0.0001877000236997230927185933459
0.0001877000236997230927185933459
0.0001877000236997230927185933459
0.0001849282504372870212423548901
0.0001849282504372870212423548901
0.0001849282504372870212423548901
0.0001851185297483533201708519644
0.0001851185297483533201708519644
0.0001848372956032596423074855944
0.0001848372956032596423074855944
0.0001848372956032596423074855944
0.0001849824598947114245313246990
0.0001849824598947114245313246990
0.0001845812449662480206285010216
0.0001845812449662480206285010216
0.0001845812449662480206285010216
0.0001833807447280816125164800183
0.0001833807447280816125164800183
0.0001833807447280816125164800183
0.0001832737919404520150176722690
0.0001832737919404520150176722690
0.0001823232290266763352804687988
0.0001823232290266763352804687988
0.0001823232290266763352804687988
0.0001827638809714627258082551837
0.0001827638809714627258082551837
0.0001823657601329956990102185239
0.0001823657601329956990102185239
0.0001823657601329956990102185239
0.0001828280375222607978199086101
0.0001828280375222607978199086101
0.0001837838481041606542702842781
0.0001837838481041606542702842781
0.0001837838481041606542702842781
0.0001845360299553261000362875029
0.0001845360299553261000362875029
0.0001867324511214522887986633469
0.0001867324511214522887986633469
0.0001867324511214522887986633469
0.0001851678501609677346792763686
0.0001851678501609677346792763686
0.0001851678501609677346792763686
0.0001861133599222083655095018158
0.0001861133599222083655095018158
0.0001852843933990049368785080419
0.0001852843933990049368785080419
0.0001852843933990049368785080419
0.0001863025087272514264811060552
0.0001863025087272514264811060552
0.0001865437078770642286629351226
0.0001865437078770642286629351226
0.0001865437078770642286629351226
0.0001872606189794259098423507814
0.0001872606189794259098423507814
0.0001869552344771573777366347817
0.0001869552344771573777366347817
0.0001869552344771573777366347817
0.0001868830318508201745151195979
0.0001868830318508201745151195979
0.0001868830318508201745151195979
0.0001871050864907064976985682701
0.0001871050864907064976985682701
0.0001877735347425148070705616596
0.0001877735347425148070705616596
0.0001877735347425148070705616596
0.0001887042063237844904896457496
0.0001887042063237844904896457496
0.0001882981578028491723386881067
0.0001882981578028491723386881067
0.0001882981578028491723386881067
0.0001881427042137675391932810368
0.0001881427042137675391932810368
0.0001885054451886179487994589269
0.0001885054451886179487994589269
0.0001885054451886179487994589269
0.0001882908528227919735304387393
0.0001882908528227919735304387393
0.0001872855988153894006568630395
0.0001872855988153894006568630395
0.0001872855988153894006568630395
0.0001881146204499327524598652304
0.0001881146204499327524598652304
0.0001881146204499327524598652304
0.0001875706797748740257263969525
0.0001875706797748740257263969525
0.0001872735645199755928559871630
0.0001872735645199755928559871630
0.0001872735645199755928559871630
0.0001872864983486638601362382527
0.0001872864983486638601362382527
0.0001870231011522065180820660541
0.0001870231011522065180820660541
0.0001870231011522065180820660541
0.0001870942569617093712604214791
0.0001870942569617093712604214791
0.0001876233255838388851060374940
0.0001876233255838388851060374940
0.0001876233255838388851060374940
0.0001867595898058444188999308709
0.0001867595898058444188999308709
0.0001865167746792392300368956506
0.0001865167746792392300368956506
0.0001865167746792392300368956506
0.0001870928366549693644330123888
0.0001870928366549693644330123888
0.0001870928366549693644330123888
0.0001872196015964422570787860571
0.0001872196015964422570787860571
0.0001877335969836604941104297874
0.0001877335969836604941104297874
0.0001877335969836604941104297874
0.0001875690107560209173501270257
0.0001875690107560209173501270257
0.0001872996651593269787041688290
0.0001872996651593269787041688290
0.0001872996651593269787041688290
0.0001862596464872365153578025584
0.0001862596464872365153578025584
0.0001862596464872365153578025584
0.0001859331676640498681817488668
0.0001859331676640498681817488668
0.0001864694222182483156185020986
0.0001864694222182483156185020986
0.0001864694222182483156185020986
0.0001870337754758170645387202235
0.0001870337754758170645387202235
0.0001868285374644118119819634497
0.0001868285374644118119819634497
0.0001868285374644118119819634497
0.0001864397232899353985234424172
0.0001864397232899353985234424172
0.0001867199750898376081888681337
0.0001867199750898376081888681337
0.0001867199750898376081888681337
0.0001865214967312117862599284171
0.0001865214967312117862599284171
0.0001865011747849258858573701488
0.0001865011747849258858573701488
0.0001865011747849258858573701488
0.0001867509304644675390010186926
0.0001867509304644675390010186926
0.0001867509304644675390010186926
0.0001867291251747004560251670646
0.0001867291251747004560251670646
0.0001861919581002156535023902591
0.0001861919581002156535023902591
0.0001861919581002156535023902591
0.0001867214291267843220941104724
0.0001867214291267843220941104724
0.0001864091730705193899430224108
0.0001864091730705193899430224108
0.0001864091730705193899430224108
0.0001865939451234593332933064612
0.0001865939451234593332933064612
0.0001864609322594672045757361478
0.0001864609322594672045757361478
0.0001864609322594672045757361478
0.0001858829173685036319235745610
0.0001858829173685036319235745610
0.0001858829173685036319235745610
