0.09352079438170725098105083468
0.09352079438170725098105083468
0.1079838049598592140559802568
0.1079838049598592140559802568
0.1079838049598592140559802568
0.1076819420430514664676952559
0.1076819420430514664676952559
0.1066670832964543923268989645
0.1066670832964543923268989645
0.1066670832964543923268989645
0.1004877514539350250912026181
0.1004877514539350250912026181
0.09981568739651246419536850542
0.09981568739651246419536850542
0.09981568739651246419536850542
0.09977538352277493575095322071
0.09977538352277493575095322071
0.1008233403112330821859251936
0.1008233403112330821859251936
0.1008233403112330821859251936
0.09852871743960968807854157286
0.09852871743960968807854157286
0.09852871743960968807854157286
0.09860937039356366759600839850
0.09860937039356366759600839850
0.09776114584761822750777372302
0.09776114584761822750777372302
0.09776114584761822750777372302
0.09763794944316572345457787093
0.09763794944316572345457787093
0.09729774418021674827338191452
0.09729774418021674827338191452
0.09729774418021674827338191452
0.09773507299499609120639687247
0.09773507299499609120639687247
0.09834617604213562434396730607
0.09834617604213562434396730607
0.09834617604213562434396730607
0.09875322402180645523843724263
0.09875322402180645523843724263
0.09836087004746663168871948328
0.09836087004746663168871948328
0.09836087004746663168871948328
0.09849592175219595645821921693
0.09849592175219595645821921693
0.09849592175219595645821921693
0.09835874601908193014195229148
0.09835874601908193014195229148
0.09910292117231179261343398568
0.09910292117231179261343398568
0.09910292117231179261343398568
0.09791648487281700640779687550
0.09791648487281700640779687550
0.09770460172588314825052771488
0.09770460172588314825052771488
0.09770460172588314825052771488
0.09752832754156210342541117198
0.09752832754156210342541117198
0.09762391233178927189700133383
0.09730331543858952323652584875
0.09730331543858952323652584875
0.09743426727768561212098572072
0.09743426727768561212098572072
0.09743426727768561212098572072
0.09672881826710815542587665527
0.09672881826710815542587665527
0.09691589456464717455503919658
0.09691589456464717455503919658
0.09691589456464717455503919658
0.09770421922425725531669391962
0.09770421922425725531669391962
0.09859580276383494289077755358
0.09859580276383494289077755358
0.09859580276383494289077755358
0.09882752439810304311515905625
0.09882752439810304311515905625
0.09907054603008117220165733924
0.09907054603008117220165733924
0.09907054603008117220165733924
0.09996256118318614362349154075
0.09996256118318614362349154075
0.09996256118318614362349154075
0.09946169426607971941167245514
0.09946169426607971941167245514
0.09917531054845977279558192061
0.09917531054845977279558192061
0.09917531054845977279558192061
0.09947322111149712130894584032
0.09947322111149712130894584032
0.09932049975702559054613321156
0.09932049975702559054613321156
0.09932049975702559054613321156
0.09914055786874827994719952180
0.09914055786874827994719952180
0.09942607965494423146374115890
0.09942607965494423146374115890
0.09942607965494423146374115890
0.09914174947472661430153530990
0.09914174947472661430153530990
0.09914174947472661430153530990
0.09945601598813579282489813582
0.09945601598813579282489813582
0.09929631673098108948861492293
0.09929631673098108948861492293
0.09929631673098108948861492293
0.09968973427205940405263660425
0.09968973427205940405263660425
0.1000455040494503527132123774
0.1000455040494503527132123774
0.1000455040494503527132123774
0.09949208684157155139816039271
0.09949208684157155139816039271
0.1004274299453466844701559327
0.1004274299453466844701559327
0.1004274299453466844701559327
0.09994378251358545949731639334
0.09994378251358545949731639334
0.1001384617235903463345138310
0.1001384617235903463345138310
0.1001384617235903463345138310
0.09977631200026377375738212055
0.09977631200026377375738212055
0.09977631200026377375738212055
0.09962030685633720367310673701
0.09962030685633720367310673701
0.09953100207644438134442666920
0.09953100207644438134442666920
0.09953100207644438134442666920
0.09921868233233149351580793326
0.09921868233233149351580793326
0.09921086581142148657747649740
0.09921086581142148657747649740
0.09921086581142148657747649740
0.09897881866745087742173622494
0.09897881866745087742173622494
0.09918291808237947969418548502
0.09918291808237947969418548502
0.09918291808237947969418548502
0.09897694810795833094061961254
0.09897694810795833094061961254
0.09877996239123272604953379516
0.09877996239123272604953379516
0.09877996239123272604953379516
0.09839223857798830330543118350
0.09839223857798830330543118350
0.09839223857798830330543118350
0.09819009614397844017850658340
0.09819009614397844017850658340
0.09809024634085495173518812467
0.09809024634085495173518812467
0.09809024634085495173518812467
0.09825412117805139524418273529
0.09825412117805139524418273529
0.09821907676154376999781305656
0.09821907676154376999781305656
0.09821907676154376999781305656
0.09820681446200346195982113774
0.09820681446200346195982113774
0.09819784643605763521712442846
0.09811263691679244420140195856
0.09811263691679244420140195856
0.09811655586861290379140449873
0.09811655586861290379140449873
0.09811655586861290379140449873
0.09823331904780040964703542718
0.09823331904780040964703542718
0.09865532670894423748936652131
0.09865532670894423748936652131
0.09865532670894423748936652131
0.09857552989876466208689958626
0.09857552989876466208689958626
0.09839530730473135989708131727
0.09839530730473135989708131727
0.09839530730473135989708131727
0.09806860171644869272149125819
0.09806860171644869272149125819
0.09807777007899179130125139897
0.09807777007899179130125139897
0.09807777007899179130125139897
0.09801866328568529418103711277
0.09801866328568529418103711277
0.09801866328568529418103711277
0.09802633415434966839536322830
0.09802633415434966839536322830
0.09794060294150968809871526737
0.09794060294150968809871526737
0.09794060294150968809871526737
0.09781297535494587390670190553
0.09781297535494587390670190553
0.09759499710327931341545397971
0.09759499710327931341545397971
0.09759499710327931341545397971
0.09740346145099712103117473408
0.09740346145099712103117473408
0.09736053722240289341694657128
0.09736053722240289341694657128
0.09736053722240289341694657128
0.09781335240587166549315597356
0.09781335240587166549315597356
0.09781335240587166549315597356
