0.0001633165893877438812893837686
0.0001633165893877438812893837686
0.0001713836366842738192931194427
0.0001713836366842738192931194427
0.0001713836366842738192931194427
0.0001795203324561162772069981597
0.0001795203324561162772069981597
0.0001747365322169775761086411659
0.0001747365322169775761086411659
0.0001747365322169775761086411659
0.0001862330501537009552978731326
0.0001862330501537009552978731326
0.0001836579487220930560408635416
0.0001836579487220930560408635416
0.0001836579487220930560408635416
0.0001875084364874890261636655684
0.0001875084364874890261636655684
0.0001883515418161200309550538241
0.0001883515418161200309550538241
0.0001883515418161200309550538241
0.0001848782234467748460489102300
0.0001848782234467748460489102300
0.0001848782234467748460489102300
0.0001815974594386543860263676680
0.0001815974594386543860263676680
0.0001803932844734905937395781342
0.0001803932844734905937395781342
0.0001803932844734905937395781342
0.0001800401015287099565239855587
0.0001800401015287099565239855587
0.0001801628083164229270284144634
0.0001801628083164229270284144634
0.0001801628083164229270284144634
0.0001794476666173668367625147784
0.0001794476666173668367625147784
0.0001779194077267408761151232988
0.0001779194077267408761151232988
0.0001779194077267408761151232988
0.0001790388657769751228040627985
0.0001790388657769751228040627985
0.0001774137120716975919321231462
0.0001774137120716975919321231462
0.0001774137120716975919321231462
0.0001784264561924828671541969376
0.0001784264561924828671541969376
0.0001784264561924828671541969376
0.0001806204145970050124635107883
0.0001806204145970050124635107883
0.0001834325487376075574214748406
0.0001834325487376075574214748406
0.0001834325487376075574214748406
0.0001821692505442492698657650599
0.0001821692505442492698657650599
0.0001825193696530637099693404382
0.0001825193696530637099693404382
0.0001825193696530637099693404382
0.0001823504224318661007267989925
0.0001823504224318661007267989925
0.0001824737871873977953120527680
0.0001830847830891197946983962048
0.0001830847830891197946983962048
0.0001823091223224837894474243433
0.0001823091223224837894474243433
0.0001823091223224837894474243433
0.0001826228193092056555448755343
0.0001826228193092056555448755343
0.0001829540254450489493046584243
0.0001829540254450489493046584243
0.0001829540254450489493046584243
0.0001812653200924553873406967570
0.0001812653200924553873406967570
0.0001810282480221784965766021832
0.0001810282480221784965766021832
0.0001810282480221784965766021832
0.0001827386076119067012763282026
0.0001827386076119067012763282026
0.0001832091403212022259947121343
0.0001832091403212022259947121343
0.0001832091403212022259947121343
0.0001825855612371801373641857812
0.0001825855612371801373641857812
0.0001825855612371801373641857812
0.0001817900990259299167746867725
0.0001817900990259299167746867725
0.0001814431064841849298716501475
0.0001814431064841849298716501475
0.0001814431064841849298716501475
0.0001810256186559728928456132138
0.0001810256186559728928456132138
0.0001806487083533829131020711755
0.0001806487083533829131020711755
0.0001806487083533829131020711755
0.0001799494114643123902201458954
0.0001799494114643123902201458954
0.0001798690330997047919883288190
0.0001798690330997047919883288190
0.0001798690330997047919883288190
0.0001807669616158883456925715760
0.0001807669616158883456925715760
0.0001807669616158883456925715760
0.0001810358919405665813473911567
0.0001810358919405665813473911567
0.0001812973527218650010560632556
0.0001812973527218650010560632556
0.0001812973527218650010560632556
0.0001807392915695766670409270842
0.0001807392915695766670409270842
0.0001804933848969635768561239231
0.0001804933848969635768561239231
0.0001804933848969635768561239231
0.0001802797590518310968635144984
0.0001802797590518310968635144984
0.0001815922583598164079313393606
0.0001815922583598164079313393606
0.0001815922583598164079313393606
0.0001810930623013569141088048919
0.0001810930623013569141088048919
0.0001810655060759423665995375599
0.0001810655060759423665995375599
0.0001810655060759423665995375599
0.0001806740932350204122695145898
0.0001806740932350204122695145898
0.0001806740932350204122695145898
0.0001805780724016934237195141679
0.0001805780724016934237195141679
0.0001805950775877835219798481463
0.0001805950775877835219798481463
0.0001805950775877835219798481463
0.0001808925303246636942898089265
0.0001808925303246636942898089265
0.0001815130040527434757032539875
0.0001815130040527434757032539875
0.0001815130040527434757032539875
0.0001817921758096966744961244023
0.0001817921758096966744961244023
0.0001818241205405034387799802842
0.0001818241205405034387799802842
0.0001818241205405034387799802842
0.0001823862382437731812196606041
0.0001823862382437731812196606041
0.0001826891832283836982491277755
0.0001826891832283836982491277755
0.0001826891832283836982491277755
0.0001823369822482024972377774315
0.0001823369822482024972377774315
0.0001823369822482024972377774315
0.0001824116730964936185841691729
0.0001824116730964936185841691729
0.0001820854305327537590809842642
0.0001820854305327537590809842642
0.0001820854305327537590809842642
0.0001814875724658156510692508385
0.0001814875724658156510692508385
0.0001806181081036529674346725078
0.0001806181081036529674346725078
0.0001806181081036529674346725078
0.0001815747790714326442808430158
0.0001815747790714326442808430158
0.0001815747790714326442808430158
0.0001812021745143207336525019139
0.0001812021745143207336525019139
0.0001811406874959134763209659889
0.0001811406874959134763209659889
0.0001811406874959134763209659889
0.0001813436037796604669593300912
0.0001813436037796604669593300912
0.0001812571904488789475091901779
0.0001812571904488789475091901779
0.0001812571904488789475091901779
0.0001810685642296230968541629082
0.0001810685642296230968541629082
0.0001811364669295102317895707230
0.0001811364669295102317895707230
0.0001811364669295102317895707230
0.0001822023904569147958635535455
0.0001822023904569147958635535455
0.0001820975029471979794622007391
0.0001820975029471979794622007391
0.0001820975029471979794622007391
0.0001823873954949663049508275070
0.0001823873954949663049508275070
0.0001823873954949663049508275070
0.0001824847466144706911454291560
0.0001824847466144706911454291560
0.0001816978928083873777879285749
0.0001816978928083873777879285749
0.0001816978928083873777879285749
0.0001816170405273838415217252109
0.0001816170405273838415217252109
0.0001817949519194178007824157170
0.0001817949519194178007824157170
0.0001817949519194178007824157170
0.0001823764285350664386188273920
0.0001823764285350664386188273920
0.0001816657740046201120987188404
0.0001816657740046201120987188404
0.0001816657740046201120987188404
0.0001818782972882203185397023909
0.0001818782972882203185397023909
0.0001818782972882203185397023909
