0.8841441363602814818998610920
0.8841441363602814818998610920
0.7362651487845438748888045096
0.7362651487845438748888045096
0.7362651487845438748888045096
0.6064418795390032247796993629
0.6064418795390032247796993629
0.5908111673434822845898724438
0.5908111673434822845898724438
0.5908111673434822845898724438
0.7079877256273073446202366693
0.7079877256273073446202366693
0.6497738838290012674050205629
0.6497738838290012674050205629
0.6497738838290012674050205629
0.6284241568281318924646086088
0.6284241568281318924646086088
0.6149932581977741847653572931
0.6149932581977741847653572931
0.6149932581977741847653572931
0.5798084697588025176240974290
0.5798084697588025176240974290
0.5798084697588025176240974290
0.5864755651517171293883247178
0.5864755651517171293883247178
0.5669818218044779409389465530
0.5669818218044779409389465530
0.5669818218044779409389465530
0.5934563995704613080658989015
0.5934563995704613080658989015
0.5961561043504675076431024660
0.5961561043504675076431024660
0.5961561043504675076431024660
0.6313673865301367902716041156
0.6313673865301367902716041156
0.6075268607979648168724227128
0.6075268607979648168724227128
0.6075268607979648168724227128
0.6144841490482772976601866853
0.6144841490482772976601866853
0.6001179076548597456092436115
0.6001179076548597456092436115
0.6001179076548597456092436115
0.6011986105907524347742156297
0.6011986105907524347742156297
0.6011986105907524347742156297
0.6128122645609613444894236869
0.6128122645609613444894236869
0.6144320947085298999790015370
0.6144320947085298999790015370
0.6144320947085298999790015370
0.6016704707159662317750659027
0.6016704707159662317750659027
0.5997620968708974402997061562
0.5997620968708974402997061562
0.5997620968708974402997061562
0.5969667303361328367309428241
0.5969667303361328367309428241
0.5969667303361328367309428241
0.5801863912830222819947636486
0.5801863912830222819947636486
0.5726737258875114907678588708
0.5726737258875114907678588708
0.5726737258875114907678588708
0.5724932341697021404862263706
0.5724932341697021404862263706
0.5652703769965922004778251982
0.5652703769965922004778251982
0.5652703769965922004778251982
0.5535576750776719744272622830
0.5535576750776719744272622830
0.5572018113641937044173497045
0.5572018113641937044173497045
0.5572018113641937044173497045
0.5473455038597119387953083642
0.5473455038597119387953083642
0.5390303898779626752334313179
0.5390303898779626752334313179
0.5390303898779626752334313179
0.5336032658204840440774073534
0.5336032658204840440774073534
0.5336032658204840440774073534
0.5397284352877690868549706871
0.5397284352877690868549706871
0.5321126443626239732758703734
0.5321126443626239732758703734
0.5321126443626239732758703734
0.5352866396287811029186702384
0.5352866396287811029186702384
0.5399144281688575556141240037
0.5399144281688575556141240037
0.5399144281688575556141240037
0.5394454881852382432686051347
0.5394454881852382432686051347
0.5328545475529040322009811503
0.5328545475529040322009811503
0.5328545475529040322009811503
0.5336674379322361061558580953
0.5336674379322361061558580953
0.5336674379322361061558580953
0.5338502988203198726638382887
0.5338502988203198726638382887
0.5473181461782618107753550977
0.5473181461782618107753550977
0.5473181461782618107753550977
0.5456822797491709223391492809
0.5456822797491709223391492809
0.5417101086087028833733219977
0.5417101086087028833733219977
0.5417101086087028833733219977
0.5413425702190290690318596006
0.5413425702190290690318596006
0.5432858980083654286663584716
0.5432858980083654286663584716
0.5432858980083654286663584716
0.5454898116937691703502193492
0.5454898116937691703502193492
0.5397803914997153102348658431
0.5397803914997153102348658431
0.5397803914997153102348658431
0.5436561695803161277828122780
0.5436561695803161277828122780
0.5436561695803161277828122780
0.5430693975212231477273428151
0.5430693975212231477273428151
0.5432471122847584162030235785
0.5432471122847584162030235785
0.5432471122847584162030235785
0.5451943533789233613689522708
0.5451943533789233613689522708
0.5441540811397484026849550410
0.5441540811397484026849550410
0.5441540811397484026849550410
0.5481840870446202397045807553
0.5481840870446202397045807553
0.5487095778026323371413614118
0.5487095778026323371413614118
0.5487095778026323371413614118
0.5470740965798482661405010129
0.5470740965798482661405010129
0.5471351416999890830009103580
0.5471351416999890830009103580
0.5471351416999890830009103580
0.5411009961729595917933948718
0.5411009961729595917933948718
0.5411009961729595917933948718
0.5341701283935297516288576583
0.5341701283935297516288576583
0.5330353565840292651887133953
0.5330353565840292651887133953
0.5330353565840292651887133953
0.5291644483429807195844032673
0.5291644483429807195844032673
0.5249780040841035721898979426
0.5249780040841035721898979426
0.5249780040841035721898979426
0.5223095646956408972339482614
0.5223095646956408972339482614
0.5223095646956408972339482614
0.5207341477013625229054824265
0.5207341477013625229054824265
0.5252062058349784293043376878
0.5252062058349784293043376878
0.5252062058349784293043376878
0.5264978657611945238743505332
0.5264978657611945238743505332
0.5288274551203749812601342012
0.5288274551203749812601342012
0.5288274551203749812601342012
0.5249351848732801417316559715
0.5249351848732801417316559715
0.5282418539657284461640249189
0.5282418539657284461640249189
0.5282418539657284461640249189
0.5266926210032824432094951098
0.5266926210032824432094951098
0.5311693239316438030764895683
0.5311693239316438030764895683
0.5311693239316438030764895683
0.5335001236592695541426022045
0.5335001236592695541426022045
0.5335001236592695541426022045
0.5376640699121670601094400977
0.5376640699121670601094400977
0.5387005375305291041142513497
0.5387005375305291041142513497
0.5387005375305291041142513497
0.5378125477993215040468720900
0.5378125477993215040468720900
0.5394620967507612588700419627
0.5394620967507612588700419627
0.5394620967507612588700419627
0.5361053431656813780378725540
0.5361053431656813780378725540
0.5371611417184468092677832933
0.5371611417184468092677832933
0.5371611417184468092677832933
0.5367600939941842719570965968
0.5367600939941842719570965968
0.5367600939941842719570965968
0.5330050790945824308096728362
0.5330050790945824308096728362
0.5361203676552622350919372928
0.5361203676552622350919372928
0.5361203676552622350919372928
0.5355648206120533036601466510
0.5355648206120533036601466510
0.5375977037881866980492676121
0.5375977037881866980492676121
0.5375977037881866980492676121
0.5316883127396967919070185005
0.5316883127396967919070185005
0.5336078981819729830877752872
0.5336078981819729830877752872
0.5336078981819729830877752872
0.5340575030583045983309441806
0.5340575030583045983309441806
0.5332369387812185957235272189
0.5332369387812185957235272189
0.5332369387812185957235272189
0.5303016362277844220114486879
0.5303016362277844220114486879
0.5303016362277844220114486879
0.5348464160098036179202743708
0.5348464160098036179202743708
0.5350700471234488198844551501
0.5350700471234488198844551501
0.5350700471234488198844551501
0.5355126822437808626085604768
0.5355126822437808626085604768
0.5368664430352527951772350325
0.5368664430352527951772350325
0.5368664430352527951772350325
0.5355036801684895063988203072
0.5355036801684895063988203072
0.5369657413062806592010460800
0.5369657413062806592010460800
0.5369657413062806592010460800
0.5401004439329603423310517016
0.5401004439329603423310517016
0.5418591282705844195558353651
0.5418591282705844195558353651
0.5418591282705844195558353651
0.5387916987224236437768282234
0.5387916987224236437768282234
0.5387916987224236437768282234
0.5398426892159012195435846714
0.5398426892159012195435846714
0.5383927184371380869974951633
0.5383927184371380869974951633
0.5383927184371380869974951633
0.5362977243506759066267712874
0.5362977243506759066267712874
0.5364320625203112393113324448
0.5364320625203112393113324448
0.5364320625203112393113324448
0.5383226252528587447539526359
0.5383226252528587447539526359
0.5375003411274448615291236547
0.5375003411274448615291236547
0.5375003411274448615291236547
0.5348632573214997487709229148
0.5348632573214997487709229148
0.5348632573214997487709229148
0.5348160583867574604118358279
0.5348160583867574604118358279
0.5364910909054347744491566802
0.5364910909054347744491566802
0.5364910909054347744491566802
0.5367295010074583967347154156
0.5367295010074583967347154156
0.5359126612697537591169477033
0.5359126612697537591169477033
0.5359126612697537591169477033
0.5354737721156123456112106574
0.5354737721156123456112106574
0.5348951022770091939238339180
0.5348951022770091939238339180
0.5348951022770091939238339180
0.5331331718801961980862781285
0.5331331718801961980862781285
0.5331331718801961980862781285
0.5333178873074673563749125273
0.5333178873074673563749125273
0.5306193433877584923239426578
0.5306193433877584923239426578
0.5306193433877584923239426578
0.5341854225129701006411449244
0.5341854225129701006411449244
0.5351483235369662915055634531
0.5351483235369662915055634531
0.5351483235369662915055634531
0.5327375035648009021146811544
0.5327375035648009021146811544
0.5353069953497613271937692346
0.5353069953497613271937692346
0.5353069953497613271937692346
0.5361724209936276979703025706
0.5361724209936276979703025706
0.5361724209936276979703025706
0.5350327725465145308954498671
0.5350327725465145308954498671
0.5339323904047795308475268123
0.5339323904047795308475268123
0.5339323904047795308475268123
0.5310331896271060518653525585
0.5310331896271060518653525585
0.5279958246642797635977171655
0.5279958246642797635977171655
0.5279958246642797635977171655
0.5278174556668692323100758310
0.5278174556668692323100758310
0.5252922855094017518886638893
0.5252922855094017518886638893
0.5252922855094017518886638893
0.5276168296321322539922813781
0.5276168296321322539922813781
0.5278969824972775288889963822
0.5278969824972775288889963822
0.5278969824972775288889963822
0.5262324661899662024424349391
0.5262324661899662024424349391
0.5262324661899662024424349391
0.5282439114518331410825919575
0.5282439114518331410825919575
0.5267068602410452028871364825
0.5267068602410452028871364825
0.5267068602410452028871364825
0.5258182036801942812436145252
0.5258182036801942812436145252
0.5224949581428770077195153563
0.5224949581428770077195153563
0.5224949581428770077195153563
0.5232417431993454537195419909
0.5232417431993454537195419909
0.5234832933927334983770143618
0.5234832933927334983770143618
0.5234832933927334983770143618
0.5229766948695131856489707182
0.5229766948695131856489707182
0.5212621083531821033834517449
0.5212621083531821033834517449
0.5212621083531821033834517449
0.5235153318089669199376571694
0.5235153318089669199376571694
0.5235153318089669199376571694
0.5234726128948904932039444759
0.5234726128948904932039444759
0.5229626106969456166115135835
0.5229626106969456166115135835
0.5229626106969456166115135835
0.5255788726034215616814359009
0.5255788726034215616814359009
0.5249261811589930901050256640
0.5249261811589930901050256640
0.5249261811589930901050256640
0.5239534452664972579040511884
0.5239534452664972579040511884
0.5239534452664972579040511884
0.5265996451598664173838523165
0.5265996451598664173838523165
0.5274065183152587037037553572
0.5274065183152587037037553572
0.5274065183152587037037553572
0.5280725035859102416765594250
0.5280725035859102416765594250
0.5282627858447034812641952384
0.5282627858447034812641952384
0.5282627858447034812641952384
0.5299121994098562670008805269
0.5299121994098562670008805269
0.5324925926728265182846472695
0.5324925926728265182846472695
0.5324925926728265182846472695
0.5341962350136423794953748501
0.5341962350136423794953748501
0.5344933513761101999210675772
0.5344933513761101999210675772
0.5344933513761101999210675772
0.5347428651481035129835541900
0.5347428651481035129835541900
0.5347428651481035129835541900
0.5374619690339274785578024995
0.5374619690339274785578024995
0.5358061038111799284776588782
0.5358061038111799284776588782
0.5358061038111799284776588782
0.5374686250013338416172819125
0.5374686250013338416172819125
0.5358869061785075820353455310
0.5358869061785075820353455310
0.5358869061785075820353455310
0.5382165146966523184777415940
0.5382165146966523184777415940
0.5376760932394874549690947079
0.5376760932394874549690947079
0.5376760932394874549690947079
0.5382225641122173944176911692
0.5382225641122173944176911692
0.5382225641122173944176911692
