0.0006198546774532538159144482155
0.0006198546774532538159144482155
0.0003827128374019033976951522439
0.0003827128374019033976951522439
0.0003827128374019033976951522439
0.0003747103111458313781039969522
0.0003747103111458313781039969522
0.0004329252991761876597503969898
0.0004329252991761876597503969898
0.0004329252991761876597503969898
0.0004876701591426559182377844120
0.0004876701591426559182377844120
0.0007354571535027638724309337614
0.0007354571535027638724309337614
0.0007354571535027638724309337614
0.0008223669647895793057371542558
0.0008223669647895793057371542558
0.0008084666482339127147713881746
0.0008084666482339127147713881746
0.0008084666482339127147713881746
0.0007462662977300604649871593357
0.0007462662977300604649871593357
0.0007462662977300604649871593357
0.0007250561841054594072327240174
0.0007250561841054594072327240174
0.0008768583427375044512864687927
0.0008768583427375044512864687927
0.0008768583427375044512864687927
0.0008135163823267577059629422993
0.0008135163823267577059629422993
0.0008079291892322282799329629155
0.0008079291892322282799329629155
0.0008079291892322282799329629155
0.0007519231020499251112337618412
0.0007519231020499251112337618412
0.0007047608293407134909042467601
0.0007047608293407134909042467601
0.0007047608293407134909042467601
0.0006770980500490223702976389520
0.0006770980500490223702976389520
0.0007291479801473993007589794507
0.0007291479801473993007589794507
0.0007291479801473993007589794507
0.0007418838315916284154235091533
0.0007418838315916284154235091533
0.0007418838315916284154235091533
0.0008246890980938650506783188272
0.0008246890980938650506783188272
0.0008212300476155382308857106358
0.0008212300476155382308857106358
0.0008212300476155382308857106358
0.0008105147734380230654888122151
0.0008105147734380230654888122151
0.0008273741581976051709072332974
0.0008273741581976051709072332974
0.0008273741581976051709072332974
0.0008175926953317929353044520231
0.0008175926953317929353044520231
0.0007830479307750042179901012405
0.0007830479307750042179901012405
0.0007830479307750042179901012405
0.0007892321878272526810635484561
0.0007892321878272526810635484561
0.0007892321878272526810635484561
0.0007972467878589056982930319020
0.0007972467878589056982930319020
0.0007920607056882911797673682317
0.0007920607056882911797673682317
0.0007920607056882911797673682317
0.0007880388287687872729823247469
0.0007880388287687872729823247469
0.0007729893379829635128178787567
0.0007729893379829635128178787567
0.0007729893379829635128178787567
0.0007496737280685226780253512197
0.0007496737280685226780253512197
0.0007323179473173660012685025934
0.0007323179473173660012685025934
0.0007323179473173660012685025934
0.0007186315934147025225960980232
0.0007186315934147025225960980232
0.0007186315934147025225960980232
0.0007222302703408662472414425125
0.0007222302703408662472414425125
0.0007516051421467034124143070084
0.0007516051421467034124143070084
0.0007516051421467034124143070084
0.0007306401122120999137294616018
0.0007306401122120999137294616018
0.0007414569520391523178243015526
0.0007414569520391523178243015526
0.0007414569520391523178243015526
0.0007265393054184911347462576328
0.0007265393054184911347462576328
0.0007428351058288285620455989760
0.0007428351058288285620455989760
0.0007428351058288285620455989760
0.0007705806193254964966830780899
0.0007705806193254964966830780899
0.0007705806193254964966830780899
0.0007710033661293757132969753825
0.0007710033661293757132969753825
0.0007697084637376128275028750618
0.0007697084637376128275028750618
0.0007697084637376128275028750618
0.0007767549587143366045991028056
0.0007767549587143366045991028056
0.0007910218605178205151131772124
0.0007910218605178205151131772124
0.0007910218605178205151131772124
0.0007991875318246351133447864033
0.0007991875318246351133447864033
0.0008128461739923429615595507054
0.0008128461739923429615595507054
0.0008128461739923429615595507054
0.0008191981332096002694971433876
0.0008191981332096002694971433876
0.0008105398190048792946789244331
0.0008105398190048792946789244331
0.0008105398190048792946789244331
0.0007965622334436499448281828629
0.0007965622334436499448281828629
0.0007965622334436499448281828629
0.0007929524681597500888060898793
0.0007929524681597500888060898793
0.0007955412860352167683222669677
0.0007955412860352167683222669677
0.0007955412860352167683222669677
0.0007965197157355103699646288962
0.0007965197157355103699646288962
0.0007928739874662661937233216673
0.0007928739874662661937233216673
0.0007928739874662661937233216673
0.0008174761094035664890058396314
0.0008174761094035664890058396314
0.0008233038376268825845350581207
0.0008233038376268825845350581207
0.0008233038376268825845350581207
0.0008230516225636444355964241634
0.0008230516225636444355964241634
0.0008447371479102811488601355716
0.0008447371479102811488601355716
0.0008447371479102811488601355716
0.0008466689716721964574520182739
0.0008466689716721964574520182739
0.0008466689716721964574520182739
0.0008466902676521049785022943469
0.0008466902676521049785022943469
0.0008571015802452367802313633686
0.0008571015802452367802313633686
0.0008571015802452367802313633686
0.0008944617064573592435401838691
0.0008944617064573592435401838691
0.0009076718030448686864696675833
0.0009076718030448686864696675833
0.0009076718030448686864696675833
0.0009236470278180929937296040962
0.0009236470278180929937296040962
0.0009249610658966947003149362828
0.0009249610658966947003149362828
0.0009249610658966947003149362828
0.0009219468656159191781706287624
0.0009219468656159191781706287624
0.0009219468656159191781706287624
0.0009148921907912921624038816599
0.0009148921907912921624038816599
0.0009106832742500089726576943990
0.0009106832742500089726576943990
0.0009106832742500089726576943990
0.0009127003909391852271055988614
0.0009127003909391852271055988614
0.0009100458671061706911531704995
0.0009100458671061706911531704995
0.0009100458671061706911531704995
0.0009200113543545363300162323376
0.0009200113543545363300162323376
0.0009297465658423384435564213471
0.0009297465658423384435564213471
0.0009297465658423384435564213471
0.0009308380897633456054259497187
0.0009308380897633456054259497187
0.0009308380897633456054259497187
0.0009337153602886722589055930479
0.0009337153602886722589055930479
0.0009209921249744320297998686043
0.0009209921249744320297998686043
0.0009209921249744320297998686043
0.0009214585397368754690621735981
0.0009214585397368754690621735981
0.0009257645748697406589667725490
0.0009257645748697406589667725490
0.0009257645748697406589667725490
0.0009213456542610180339845995095
0.0009213456542610180339845995095
0.0009145539895000847772072366281
0.0009145539895000847772072366281
0.0009145539895000847772072366281
0.0009226805068955524035653479437
0.0009226805068955524035653479437
0.0009226805068955524035653479437
0.0009215857656316687890563716011
0.0009215857656316687890563716011
0.0009267281753770675175031126669
0.0009267281753770675175031126669
0.0009267281753770675175031126669
0.0009286741076783580207575914985
0.0009286741076783580207575914985
0.0009386596619324692597646948681
0.0009386596619324692597646948681
0.0009386596619324692597646948681
0.0009305610829927412021353836099
0.0009305610829927412021353836099
0.0009227406138560064431679289817
0.0009227406138560064431679289817
0.0009227406138560064431679289817
0.0009239018532503586658466622133
0.0009239018532503586658466622133
0.0009280082550344140971687945557
0.0009280082550344140971687945557
0.0009280082550344140971687945557
0.0009218309638667201540168369951
0.0009218309638667201540168369951
0.0009218309638667201540168369951
0.0009293244447821115020821335920
0.0009293244447821115020821335920
0.0009348057726828796965000406661
0.0009348057726828796965000406661
0.0009348057726828796965000406661
0.0009497329061259445751502274478
0.0009497329061259445751502274478
0.0009512502682599935466550341637
0.0009512502682599935466550341637
0.0009512502682599935466550341637
0.0009444229679533973875557563184
0.0009444229679533973875557563184
0.0009456992828049092020902862524
0.0009456992828049092020902862524
0.0009456992828049092020902862524
0.0009334520221434390471222851660
0.0009334520221434390471222851660
0.0009432449277495738977290233591
0.0009432449277495738977290233591
0.0009432449277495738977290233591
0.0009450275888804981616234894089
0.0009450275888804981616234894089
0.0009450275888804981616234894089
0.0009504438997379887828445687390
0.0009504438997379887828445687390
0.0009514383701727963745744689068
0.0009514383701727963745744689068
0.0009514383701727963745744689068
0.0009438835992187052154322163653
0.0009438835992187052154322163653
0.0009402987606851418403903449995
0.0009402987606851418403903449995
0.0009402987606851418403903449995
0.0009469548891084906604198915905
0.0009469548891084906604198915905
0.0009469548891084906604198915905
0.0009459532061168486574715742359
0.0009459532061168486574715742359
0.0009507663786366201474389508726
0.0009507663786366201474389508726
0.0009507663786366201474389508726
0.0009592634135400252712738941644
0.0009592634135400252712738941644
0.0009627538029349993243849407349
0.0009627538029349993243849407349
0.0009627538029349993243849407349
0.0009679625622271959640630993624
0.0009679625622271959640630993624
0.0009672162930956926331955848898
0.0009672162930956926331955848898
0.0009672162930956926331955848898
0.0009697093400773824374046591700
0.0009697093400773824374046591700
0.0009652746200803844084048789802
0.0009652746200803844084048789802
0.0009652746200803844084048789802
0.0009601686757574528340748260980
0.0009601686757574528340748260980
0.0009601686757574528340748260980
0.0009593652964031550196645156104
0.0009593652964031550196645156104
0.0009560336771166946202591627546
0.0009560336771166946202591627546
0.0009560336771166946202591627546
0.0009584263159987539193072348375
0.0009584263159987539193072348375
0.0009552582179091841926006246192
0.0009552582179091841926006246192
0.0009552582179091841926006246192
0.0009543091671254145525564444091
0.0009543091671254145525564444091
0.0009445992594320468941888085152
0.0009445992594320468941888085152
0.0009445992594320468941888085152
0.0009390721310081222270603201376
0.0009390721310081222270603201376
0.0009390721310081222270603201376
0.0009440561716867979502425752837
0.0009440561716867979502425752837
0.0009390481337771441589310664544
0.0009390481337771441589310664544
0.0009390481337771441589310664544
0.0009417223379438648196574879283
0.0009417223379438648196574879283
0.0009355917331898214637751628541
0.0009355917331898214637751628541
0.0009355917331898214637751628541
0.0009381096902533038066287211079
0.0009381096902533038066287211079
0.0009451026656311358165683847601
0.0009451026656311358165683847601
0.0009451026656311358165683847601
0.0009376453049456099635706971247
0.0009376453049456099635706971247
0.0009379245669175648853258057244
0.0009379245669175648853258057244
0.0009379245669175648853258057244
0.0009331385671826034737121116707
0.0009331385671826034737121116707
0.0009331385671826034737121116707
0.0009426014876638717778868567692
0.0009426014876638717778868567692
0.0009442013573264671486597853841
0.0009442013573264671486597853841
0.0009442013573264671486597853841
0.0009449784842553973263250822749
0.0009449784842553973263250822749
0.0009418536835707596899083460817
0.0009418536835707596899083460817
0.0009418536835707596899083460817
0.0009390070898701103313431456166
0.0009390070898701103313431456166
0.0009385757143228367747114022725
0.0009385757143228367747114022725
0.0009385757143228367747114022725
0.0009348408066918002765154264022
0.0009348408066918002765154264022
0.0009380508533724442040977672066
0.0009380508533724442040977672066
0.0009380508533724442040977672066
0.0009338939673319061997763329031
0.0009338939673319061997763329031
0.0009338939673319061997763329031
0.0009356265185594747525129424366
0.0009356265185594747525129424366
0.0009367261936797721566468591496
0.0009367261936797721566468591496
0.0009367261936797721566468591496
0.0009337783554038115468699593853
0.0009337783554038115468699593853
0.0009326609765883106369411847244
0.0009326609765883106369411847244
0.0009326609765883106369411847244
0.0009314375634604659252581630002
0.0009314375634604659252581630002
0.0009298747490821800303823944704
0.0009298747490821800303823944704
0.0009298747490821800303823944704
0.0009272554742583258056233759485
0.0009272554742583258056233759485
0.0009272554742583258056233759485
0.0009288071364458732234800963872
0.0009288071364458732234800963872
0.0009277163155054224500767210630
0.0009277163155054224500767210630
0.0009277163155054224500767210630
0.0009319666718507242399212086561
0.0009319666718507242399212086561
0.0009350764331855178813175178472
0.0009350764331855178813175178472
0.0009350764331855178813175178472
0.0009276495482705671005485110444
0.0009276495482705671005485110444
0.0009350412964241519707599242550
0.0009350412964241519707599242550
0.0009350412964241519707599242550
0.0009275941067804669900262556015
0.0009275941067804669900262556015
0.0009275941067804669900262556015
0.0009324981830034364680125053818
0.0009324981830034364680125053818
0.0009332094074989538928489433435
0.0009332094074989538928489433435
0.0009332094074989538928489433435
0.0009316566472037436977725815095
0.0009316566472037436977725815095
0.0009291151949780840497866802116
0.0009291151949780840497866802116
0.0009291151949780840497866802116
0.0009310029424624517110296347959
0.0009310029424624517110296347959
0.0009351153340010294067446314464
0.0009351153340010294067446314464
0.0009351153340010294067446314464
0.0009390347375001843184680788510
0.0009390347375001843184680788510
0.0009390347375001843184680788510
0.0008943217972958918658006708581
0.0008943217972958918658006708581
0.0009020441789269263267200970881
0.0009020441789269263267200970881
0.0009020441789269263267200970881
0.0009016693631448493484284573786
0.0009016693631448493484284573786
0.0008986327449626532194083896967
0.0008986327449626532194083896967
0.0008986327449626532194083896967
0.0008948460762086118699337426332
0.0008948460762086118699337426332
0.0008959201381183779011511006335
0.0008959201381183779011511006335
0.0008959201381183779011511006335
0.0009011608373183567570749667555
0.0009011608373183567570749667555
0.0009034273432935040424765472546
0.0009034273432935040424765472546
0.0009034273432935040424765472546
0.0009079216776562415492561846884
0.0009079216776562415492561846884
0.0009079216776562415492561846884
0.0009145987661742476840980813243
0.0009145987661742476840980813243
0.0009105164922717618471052815311
0.0009105164922717618471052815311
0.0009105164922717618471052815311
0.0009107030588219256140682651828
0.0009107030588219256140682651828
0.0009128159535913770766397711751
0.0009128159535913770766397711751
0.0009128159535913770766397711751
0.0009127693368035115071080125900
0.0009127693368035115071080125900
0.0009083913285007564798853423140
0.0009083913285007564798853423140
0.0009083913285007564798853423140
0.0009070780868955834724827559517
0.0009070780868955834724827559517
0.0009072657772410584794783575590
0.0009072657772410584794783575590
0.0009072657772410584794783575590
0.0009017890019792409574398954350
0.0009017890019792409574398954350
0.0009017890019792409574398954350
0.0009048037643721301286386115874
0.0009048037643721301286386115874
0.0009052678861258791537720386191
0.0009052678861258791537720386191
0.0009052678861258791537720386191
0.0009060545013444698428404525663
0.0009060545013444698428404525663
0.0009056820021141821749518835068
0.0009056820021141821749518835068
0.0009056820021141821749518835068
0.0009059239544264569866205821933
0.0009059239544264569866205821933
0.0009054131818050813696559392302
0.0009054131818050813696559392302
0.0009054131818050813696559392302
0.0009072334014767197955132248547
0.0009072334014767197955132248547
0.0009072334014767197955132248547
0.0009087058498184628587618723524
0.0009087058498184628587618723524
0.0009041242922926407141138993743
0.0009041242922926407141138993743
0.0009041242922926407141138993743
0.0008989362505274001283187729238
0.0008989362505274001283187729238
0.0009021416518128346882900388670
0.0009021416518128346882900388670
0.0009021416518128346882900388670
0.0008996098779592269814624285622
0.0008996098779592269814624285622
0.0009026660070848828227888499949
0.0009026660070848828227888499949
0.0009026660070848828227888499949
0.0009039967526390838577817164195
0.0009039967526390838577817164195
0.0009039967526390838577817164195
0.0009038510622763726240475788673
0.0009038510622763726240475788673
0.0009038065335638130584661941307
0.0009038065335638130584661941307
0.0009038065335638130584661941307
0.0009020414548356155110238611480
0.0009020414548356155110238611480
0.0009014839048882525925424991274
0.0009014839048882525925424991274
0.0009014839048882525925424991274
0.0008971063233432528340110585727
0.0008971063233432528340110585727
0.0008992745630641899747367175866
0.0008992745630641899747367175866
0.0008992745630641899747367175866
0.0008974176269733779612587622541
0.0008974176269733779612587622541
0.0008974176269733779612587622541
0.0008926886571793931862338576642
0.0008926886571793931862338576642
0.0008941637634003432573694176636
0.0008941637634003432573694176636
0.0008941637634003432573694176636
0.0008961799733764244969467683498
0.0008961799733764244969467683498
0.0008937996061510167426406053733
0.0008937996061510167426406053733
0.0008937996061510167426406053733
0.0008952757754978677483116317171
0.0008952757754978677483116317171
0.0008955616410956542261102030919
0.0008955616410956542261102030919
0.0008955616410956542261102030919
0.0008959777708320356185156387180
0.0008959777708320356185156387180
0.0008946518678115665619761461728
0.0008946518678115665619761461728
0.0008946518678115665619761461728
0.0008962772423823630238532725237
0.0008962772423823630238532725237
0.0008962772423823630238532725237
0.0008977316477719645296046277401
0.0008977316477719645296046277401
0.0008966770441975344344801529522
0.0008966770441975344344801529522
0.0008966770441975344344801529522
0.0008972146641555686663538846153
0.0008972146641555686663538846153
0.0008963082587715404532952712493
0.0008963082587715404532952712493
0.0008963082587715404532952712493
0.0008946289211640321027074009426
0.0008946289211640321027074009426
0.0008890167587602830385529529014
0.0008890167587602830385529529014
0.0008890167587602830385529529014
0.0008882073293547795066053202241
0.0008882073293547795066053202241
0.0008902846127932658454105867137
0.0008902846127932658454105867137
0.0008902846127932658454105867137
0.0008910591626739988812592338212
0.0008910591626739988812592338212
0.0008910591626739988812592338212
0.0008909593338969824576410598098
0.0008909593338969824576410598098
0.0008910648555476716380775098108
0.0008910648555476716380775098108
0.0008910648555476716380775098108
0.0008896701157133423987014114841
0.0008896701157133423987014114841
0.0008902818846123878732221045173
0.0008902818846123878732221045173
0.0008902818846123878732221045173
0.0008905518516208914794203543092
0.0008905518516208914794203543092
0.0008856833778858725517270877291
0.0008856833778858725517270877291
0.0008856833778858725517270877291
0.0008875103934517599239876052192
0.0008875103934517599239876052192
0.0008875103934517599239876052192
0.0008862321017826250291089894400
0.0008862321017826250291089894400
0.0008846513245202842011679738219
0.0008846513245202842011679738219
0.0008846513245202842011679738219
0.0008862738134628723557913203966
0.0008862738134628723557913203966
0.0008875202198731373795614733168
0.0008875202198731373795614733168
0.0008875202198731373795614733168
0.0008878290358920592414308245895
0.0008878290358920592414308245895
0.0008888992344204520671136823389
0.0008888992344204520671136823389
0.0008888992344204520671136823389
0.0008900104561347052031924160546
0.0008900104561347052031924160546
0.0008900104561347052031924160546
0.0008898392324132461360332416122
0.0008898392324132461360332416122
0.0008929123888300375912529999866
0.0008929123888300375912529999866
0.0008929123888300375912529999866
0.0008929435053262849491636524072
0.0008929435053262849491636524072
0.0008965940101836454813984497061
0.0008965940101836454813984497061
0.0008965940101836454813984497061
0.0008847780350955383657848869620
0.0008847780350955383657848869620
0.0008825504200420743044971854408
0.0008825504200420743044971854408
0.0008825504200420743044971854408
0.0008839340567387956170561767048
0.0008839340567387956170561767048
0.0008839340567387956170561767048
0.0008821319395996889374451211217
0.0008821319395996889374451211217
0.0008850201761595663491093528594
0.0008850201761595663491093528594
0.0008850201761595663491093528594
0.0008811156594150876877974459155
0.0008811156594150876877974459155
0.0008805487951696307579243427792
0.0008805487951696307579243427792
0.0008805487951696307579243427792
0.0008791382308627128319132807370
0.0008791382308627128319132807370
0.0008830281436873169595319424217
0.0008830281436873169595319424217
0.0008830281436873169595319424217
0.0008849897047927859810396790912
0.0008849897047927859810396790912
0.0008869939951969212456007251608
0.0008869939951969212456007251608
0.0008869939951969212456007251608
0.0008859413778649877170831815838
0.0008859413778649877170831815838
0.0008859413778649877170831815838
0.0008831257369240673184986969542
0.0008831257369240673184986969542
0.0008808958600761489675339561865
0.0008808958600761489675339561865
0.0008808958600761489675339561865
0.0008758822775663082560587056649
0.0008758822775663082560587056649
0.0008763137021750400736864390255
0.0008763137021750400736864390255
0.0008763137021750400736864390255
0.0008754221623864031872355838795
0.0008754221623864031872355838795
0.0008788306602138058502792250604
0.0008788306602138058502792250604
0.0008788306602138058502792250604
0.0008802820483694274390226885811
0.0008802820483694274390226885811
0.0008818683666911973139753811579
0.0008818683666911973139753811579
0.0008818683666911973139753811579
0.0008847113103280038265270076932
0.0008847113103280038265270076932
0.0008847113103280038265270076932
0.0008849276771448591957971217582
0.0008849276771448591957971217582
0.0008850475649076777409512834966
0.0008850475649076777409512834966
0.0008850475649076777409512834966
0.0008857777447915838914451554241
0.0008857777447915838914451554241
0.0008846867727627357376240933057
0.0008846867727627357376240933057
0.0008846867727627357376240933057
0.0008826371031275071486811582510
0.0008826371031275071486811582510
0.0008842418748716179037675302846
0.0008842418748716179037675302846
0.0008842418748716179037675302846
0.0008813189196075175581933920878
0.0008813189196075175581933920878
0.0008813189196075175581933920878
0.0008737093183898091803122606945
0.0008737093183898091803122606945
0.0008722374375882449741868111432
0.0008722374375882449741868111432
0.0008722374375882449741868111432
0.0008718187743350192942371860460
0.0008718187743350192942371860460
0.0008708993698247897814373829135
0.0008708993698247897814373829135
0.0008708993698247897814373829135
0.0008699214772327335400109829739
0.0008699214772327335400109829739
0.0008705520876703468281918880559
0.0008705520876703468281918880559
0.0008705520876703468281918880559
0.0008667577345513548656919467898
0.0008667577345513548656919467898
0.0008667577345513548656919467898
0.0008695739730333802715123081557
0.0008695739730333802715123081557
0.0008678543526712720636767063914
0.0008678543526712720636767063914
0.0008678543526712720636767063914
0.0008667481297424766144949401310
0.0008667481297424766144949401310
0.0008681054064630119613970512203
0.0008681054064630119613970512203
0.0008681054064630119613970512203
0.0008659082549026192753453583541
0.0008659082549026192753453583541
0.0008676397044517689502839803597
0.0008676397044517689502839803597
0.0008676397044517689502839803597
0.0008723059163889009986310037906
0.0008723059163889009986310037906
0.0008723059163889009986310037906
0.0008728102621921249776153391507
0.0008728102621921249776153391507
0.0008757423375950431379844962987
0.0008757423375950431379844962987
0.0008757423375950431379844962987
0.0008744175633209825513455135715
0.0008744175633209825513455135715
0.0008736511248000352797215648121
0.0008736511248000352797215648121
0.0008736511248000352797215648121
0.0008759067762129509568422059654
0.0008759067762129509568422059654
0.0008705928700188779658433300140
0.0008705928700188779658433300140
0.0008705928700188779658433300140
0.0008698294898304776248321456485
0.0008698294898304776248321456485
0.0008723822341670811146610555920
0.0008723822341670811146610555920
0.0008723822341670811146610555920
0.0008758770193544927262534226758
0.0008758770193544927262534226758
0.0008758770193544927262534226758
0.0008760853979742802868360728098
0.0008760853979742802868360728098
0.0008777264056910860809251848789
0.0008777264056910860809251848789
0.0008777264056910860809251848789
0.0008796280690694927980804186780
0.0008796280690694927980804186780
0.0008819038125773123966685963435
0.0008819038125773123966685963435
0.0008819038125773123966685963435
0.0008815154559069721024849225076
0.0008815154559069721024849225076
0.0008766704209404767221685655994
0.0008766704209404767221685655994
0.0008766704209404767221685655994
0.0008768052960186911795413941368
0.0008768052960186911795413941368
0.0008792015518270172383341265267
0.0008792015518270172383341265267
0.0008792015518270172383341265267
0.0008821778429994093334481931325
0.0008821778429994093334481931325
0.0008821778429994093334481931325
0.0008821175027902728485948849567
0.0008821175027902728485948849567
0.0008808488231276079860316236740
0.0008808488231276079860316236740
0.0008808488231276079860316236740
0.0008846835363435573546390490500
0.0008846835363435573546390490500
0.0008835472936979916906457527462
0.0008835472936979916906457527462
0.0008835472936979916906457527462
0.0008854078080812146358148906795
0.0008854078080812146358148906795
0.0008854184131816755471495323580
0.0008848804553067662789676622098
0.0008848804553067662789676622098
0.0008851212371003604335445198358
0.0008851212371003604335445198358
0.0008851212371003604335445198358
0.0008866625374006924212218381686
0.0008866625374006924212218381686
0.0008838584192442209795119148021
0.0008838584192442209795119148021
0.0008838584192442209795119148021
0.0008838521426667732928753382401
0.0008838521426667732928753382401
0.0008873233224713135782443954248
0.0008873233224713135782443954248
0.0008873233224713135782443954248
0.0008866310115176541409475043309
0.0008866310115176541409475043309
0.0008872139291501226302726458972
0.0008872139291501226302726458972
0.0008872139291501226302726458972
0.0008830695410851471511796252070
0.0008830695410851471511796252070
0.0008830695410851471511796252070
0.0008813516734786938588729746185
0.0008813516734786938588729746185
0.0008625658380189161912221781794
0.0008625658380189161912221781794
0.0008625658380189161912221781794
0.0008612776897276813604543119626
0.0008612776897276813604543119626
0.0008627147886414061910221355681
0.0008627147886414061910221355681
0.0008627147886414061910221355681
0.0008609186062851681470242006973
0.0008609186062851681470242006973
0.0008612993752370998111739228518
0.0008612993752370998111739228518
0.0008612993752370998111739228518
0.0008592749949468170406156443362
0.0008592749949468170406156443362
0.0008592749949468170406156443362
0.0008598006683873330864513413869
0.0008598006683873330864513413869
0.0008592220157326129656022851446
0.0008592220157326129656022851446
0.0008592220157326129656022851446
0.0008596986420406170172450379514
0.0008596986420406170172450379514
0.0008638732000550780399400137361
0.0008638732000550780399400137361
0.0008638732000550780399400137361
0.0008637375194472499134085134218
0.0008637375194472499134085134218
0.0008645639435738393768857513216
0.0008645639435738393768857513216
0.0008645639435738393768857513216
0.0008666320255477774974351681360
0.0008666320255477774974351681360
0.0008696213577887891536525182943
0.0008696213577887891536525182943
0.0008696213577887891536525182943
0.0008683807492236872000951123010
0.0008683807492236872000951123010
0.0008683807492236872000951123010
0.0008683204019970597952242258697
0.0008683204019970597952242258697
0.0008705724959445596784880470949
0.0008705724959445596784880470949
0.0008705724959445596784880470949
0.0008685971439596168586559511166
0.0008685971439596168586559511166
0.0008692972758921312294361922909
0.0008692972758921312294361922909
0.0008692972758921312294361922909
0.0008734533506137623693715955394
0.0008734533506137623693715955394
0.0008743283628989321656815076041
0.0008743283628989321656815076041
0.0008743283628989321656815076041
0.0008745954705800099630304734985
0.0008745954705800099630304734985
0.0008732143293632297565475778482
0.0008732143293632297565475778482
0.0008732143293632297565475778482
0.0008718217622334202576008592050
0.0008718217622334202576008592050
0.0008718217622334202576008592050
0.0008694865084647733045285716526
0.0008694865084647733045285716526
0.0008695016139755215135094183662
0.0008695016139755215135094183662
0.0008695016139755215135094183662
0.0008755058780695137296299857814
0.0008755058780695137296299857814
0.0008770796909440243283494310855
0.0008770796909440243283494310855
0.0008770796909440243283494310855
0.0008752770929095381670420108579
0.0008752770929095381670420108579
0.0008739163163174452602123199678
0.0008739163163174452602123199678
0.0008739163163174452602123199678
0.0008730678037694052733244441428
0.0008730678037694052733244441428
0.0008730678037694052733244441428
0.0008740183344570436763005815147
0.0008740183344570436763005815147
0.0008727421336120620030296855210
0.0008727421336120620030296855210
0.0008727421336120620030296855210
0.0008729887949806616401238080718
0.0008729887949806616401238080718
0.0008761725685525407849395952825
0.0008761725685525407849395952825
0.0008761725685525407849395952825
0.0008736048310219037677028907574
0.0008736048310219037677028907574
0.0008734887854775048498520546917
0.0008734887854775048498520546917
0.0008734887854775048498520546917
0.0008724563912055958076854857780
0.0008724563912055958076854857780
0.0008724563912055958076854857780
0.0008725819036547945632571754519
0.0008725819036547945632571754519
0.0008723102196840281692912247208
0.0008723102196840281692912247208
0.0008723102196840281692912247208
0.0008736511655604925953091441794
0.0008736511655604925953091441794
0.0008756558287257772033446950969
0.0008756558287257772033446950969
0.0008756558287257772033446950969
0.0008789282120474981092549818527
0.0008789282120474981092549818527
0.0008767386390314013221393738896
0.0008767386390314013221393738896
0.0008767386390314013221393738896
0.0008763796525071759197336518007
0.0008763796525071759197336518007
0.0008763796525071759197336518007
0.0008799186575557502883383087687
0.0008799186575557502883383087687
0.0008791841848654994734089719073
0.0008791841848654994734089719073
0.0008791841848654994734089719073
0.0008818024059246743696525466099
0.0008818024059246743696525466099
0.0008808048021689264776699023885
0.0008808048021689264776699023885
0.0008808048021689264776699023885
0.0008828572377768027634941256769
0.0008828572377768027634941256769
0.0008839013430564800369972445786
0.0008839013430564800369972445786
0.0008839013430564800369972445786
0.0008853988301448141279761560575
0.0008853988301448141279761560575
0.0008868834582706545359350280985
0.0008868834582706545359350280985
0.0008868834582706545359350280985
0.0008867374819482065159889259779
0.0008867374819482065159889259779
0.0008867374819482065159889259779
0.0008873735353495134085315436280
0.0008873735353495134085315436280
0.0008908734639192534255581442254
0.0008908734639192534255581442254
0.0008908734639192534255581442254
0.0008911440759677295065952879355
0.0008911440759677295065952879355
0.0008929407001346521096331960664
0.0008929407001346521096331960664
0.0008929407001346521096331960664
0.0008906510749595055463240012758
0.0008906510749595055463240012758
0.0008935064584298192636925074440
0.0008935064584298192636925074440
0.0008935064584298192636925074440
0.0008944721788947083390316308078
0.0008944721788947083390316308078
0.0008952290326648147260584903097
0.0008952290326648147260584903097
0.0008952290326648147260584903097
0.0008929511220676146953334503249
0.0008929511220676146953334503249
0.0008929511220676146953334503249
0.0008924511457977061652159776673
0.0008924511457977061652159776673
0.0008949626341338782439823729400
0.0008949626341338782439823729400
0.0008949626341338782439823729400
0.0008942371835918898559891190664
0.0008942371835918898559891190664
0.0008894994242794115882436224121
0.0008894994242794115882436224121
0.0008894994242794115882436224121
0.0008916277132717214000646775280
0.0008916277132717214000646775280
0.0008905799854150472060200115660
0.0008905799854150472060200115660
0.0008905799854150472060200115660
0.0008921850196034416655133901085
0.0008921850196034416655133901085
0.0008921850196034416655133901085
0.0008952045621582912846205806467
0.0008952045621582912846205806467
0.0008933573846799875797819433080
0.0008933573846799875797819433080
0.0008933573846799875797819433080
0.0008947022679243495412993067079
0.0008947022679243495412993067079
0.0008959361113673472466929700947
0.0008959361113673472466929700947
0.0008959361113673472466929700947
0.0008953398667015218229539418115
0.0008953398667015218229539418115
0.0008954810137676104835776438410
0.0008954810137676104835776438410
0.0008954810137676104835776438410
0.0008954772426374148540195078894
0.0008954772426374148540195078894
0.0008954772426374148540195078894
0.0008959264463263751050128927094
0.0008959264463263751050128927094
0.0009000452140592579880837586904
0.0009000452140592579880837586904
0.0009000452140592579880837586904
0.0008979480292993137261326417359
0.0008979480292993137261326417359
0.0008967876954170132168998040944
0.0008967876954170132168998040944
0.0008967876954170132168998040944
0.0008967312585576480047334170243
0.0008967312585576480047334170243
0.0008950761387584595107267512893
0.0008950761387584595107267512893
0.0008950761387584595107267512893
0.0008948601876776719329775565825
0.0008948601876776719329775565825
0.0008948601876776719329775565825
0.0008954496287243463395473514543
0.0008954496287243463395473514543
0.0008955897670343640999467026306
0.0008955897670343640999467026306
0.0008955897670343640999467026306
0.0008947098583946418349040764317
0.0008947098583946418349040764317
0.0008945053904237505738785939504
0.0008945053904237505738785939504
0.0008945053904237505738785939504
0.0008935909958653747401383574596
0.0008935909958653747401383574596
0.0008915731745473295755359026038
0.0008915731745473295755359026038
0.0008915731745473295755359026038
0.0008915223682498067570739446210
0.0008915223682498067570739446210
0.0008939855967456043062512952032
0.0008939855967456043062512952032
0.0008939855967456043062512952032
0.0008939421370307413990184853123
0.0008939421370307413990184853123
0.0008939421370307413990184853123
0.0008952443763569164132558992911
0.0008952443763569164132558992911
0.0008969664343322234850304636491
0.0008969664343322234850304636491
0.0008969664343322234850304636491
0.0008957535339299993280982347503
0.0008957535339299993280982347503
0.0008957765221575954701758110873
0.0008957765221575954701758110873
0.0008957765221575954701758110873
0.0008970162976871793785390960523
0.0008970162976871793785390960523
0.0008958489089172443412913997243
0.0008958489089172443412913997243
0.0008958489089172443412913997243
0.0008946790077078279059078322786
0.0008946790077078279059078322786
0.0008946961745050831125158316831
0.0008946961745050831125158316831
0.0008946961745050831125158316831
0.0008950046826165028975139944048
0.0008950046826165028975139944048
0.0008950046826165028975139944048
0.0008922321061663806169075767612
0.0008922321061663806169075767612
0.0008925459554512238599419182606
0.0008925459554512238599419182606
0.0008925459554512238599419182606
0.0008921734980822635623274479162
0.0008921734980822635623274479162
0.0008926412212647044472238560202
0.0008926412212647044472238560202
0.0008926412212647044472238560202
0.0008933121871046770126627041324
0.0008933121871046770126627041324
0.0008933914747674106090590313010
0.0008933914747674106090590313010
0.0008933914747674106090590313010
0.0008927753135747014729896639550
0.0008927753135747014729896639550
0.0008927753135747014729896639550
0.0008916671839039149344670236944
0.0008916671839039149344670236944
0.0008938415892365032371337165927
0.0008938415892365032371337165927
0.0008938415892365032371337165927
0.0008938712571360900726549879734
0.0008938712571360900726549879734
0.0008946575581969045713816189268
0.0008946575581969045713816189268
0.0008946575581969045713816189268
0.0008950170263213006302690317358
0.0008950170263213006302690317358
0.0008950669007449917746155103669
0.0008950669007449917746155103669
0.0008950669007449917746155103669
0.0008951545158096157842813354154
0.0008951545158096157842813354154
0.0008951545158096157842813354154
0.0008941743247442560262666175826
0.0008941743247442560262666175826
0.0008947448501131090399764887941
0.0008947448501131090399764887941
0.0008947448501131090399764887941
0.0008971963457805396369059454857
0.0008971963457805396369059454857
0.0008982007040515985685362095051
0.0008982007040515985685362095051
0.0008982007040515985685362095051
0.0008990354946128357032965648741
0.0008990354946128357032965648741
0.0009001719919564838254897232746
0.0009001719919564838254897232746
0.0009001719919564838254897232746
0.0008998401659842832009505556853
0.0008998401659842832009505556853
0.0008998401659842832009505556853
0.0009025390393139357565852959583
0.0009025390393139357565852959583
0.0009009048968523136201052132933
0.0009009048968523136201052132933
0.0009009048968523136201052132933
0.0009009928642549354347073989039
0.0009009928642549354347073989039
0.0009005385820325559949682532054
0.0009005385820325559949682532054
0.0009005385820325559949682532054
0.0009015705018010049569382514062
0.0009015705018010049569382514062
0.0009003632347467447588714054645
0.0009003632347467447588714054645
0.0009003632347467447588714054645
0.0009017331039620311843866701920
0.0009017331039620311843866701920
0.0009017756407469192482493977068
0.0009017756407469192482493977068
0.0009017756407469192482493977068
0.0009034272160170728158309303359
0.0009034272160170728158309303359
0.0009034272160170728158309303359
0.0009045567452960636091868895991
0.0009045567452960636091868895991
0.0009038283525292945209182280227
0.0009038283525292945209182280227
0.0009038283525292945209182280227
0.0009047388248042555842847524753
0.0009047388248042555842847524753
0.0009042904119521038838712543194
0.0009042904119521038838712543194
0.0009042904119521038838712543194
0.0009043884871252212528975475709
0.0009043884871252212528975475709
0.0009053791938896931404431485973
0.0009053791938896931404431485973
0.0009053791938896931404431485973
0.0009056340416794656609419955225
0.0009056340416794656609419955225
0.0009061961755509621812167792033
0.0009061961755509621812167792033
0.0009061961755509621812167792033
0.0009045953866654789493980388684
0.0009045953866654789493980388684
0.0009045953866654789493980388684
0.0009043705621983870700615958135
0.0009043705621983870700615958135
0.0009050516603275222101590041151
0.0009050516603275222101590041151
0.0009050516603275222101590041151
0.0009057905025293543291712141207
0.0009057905025293543291712141207
0.0009050658980377081844202216269
0.0009050658980377081844202216269
0.0009050658980377081844202216269
0.0009090785620135067224733247872
0.0009090785620135067224733247872
0.0009102865967431207931589056365
0.0009102865967431207931589056365
0.0009102865967431207931589056365
0.0009119291839651589456827392914
0.0009119291839651589456827392914
0.0009119291839651589456827392914
0.0009134064697842472886894892725
0.0009134064697842472886894892725
0.0009138268022320977807549910681
0.0009138268022320977807549910681
0.0009138268022320977807549910681
0.0009131520896260036248922176186
0.0009131520896260036248922176186
0.0009125470067558376447024400016
0.0009125470067558376447024400016
0.0009125470067558376447024400016
0.0009139798745967669228914378873
0.0009139798745967669228914378873
0.0009118141093402069322086681447
0.0009118141093402069322086681447
0.0009118141093402069322086681447
0.0009102390374852905664965084262
0.0009102390374852905664965084262
0.0009102390374852905664965084262
0.0009104410030637929555978021140
0.0009104410030637929555978021140
0.0009072650103540645406422358276
0.0009072650103540645406422358276
0.0009072650103540645406422358276
0.0009076944773016037994405138420
0.0009076944773016037994405138420
0.0009058853798352495185299812546
0.0009058853798352495185299812546
0.0009058853798352495185299812546
0.0009074305930010739352124694138
0.0009074305930010739352124694138
0.0009071784849342421723119026141
0.0009071784849342421723119026141
0.0009071784849342421723119026141
0.0009069870690008027898855786390
0.0009069870690008027898855786390
0.0009069870690008027898855786390
