0.0007443297826866563358928843423
0.0007443297826866563358928843423
0.0007406550777368248599759040519
0.0007406550777368248599759040519
0.0007406550777368248599759040519
0.0005260192000996994706612697211
0.0005260192000996994706612697211
0.0004522809308206135327502757047
0.0004522809308206135327502757047
0.0004522809308206135327502757047
0.0004998366942823250901949939668
0.0004998366942823250901949939668
0.0005268392720018419817302922324
0.0005268392720018419817302922324
0.0005268392720018419817302922324
0.0007201219906619833565744875487
0.0007201219906619833565744875487
0.0007580958047197793630663032835
0.0007580958047197793630663032835
0.0007580958047197793630663032835
0.0007224087395803334135617957427
0.0007224087395803334135617957427
0.0007224087395803334135617957427
0.0007886599972891574643865323199
0.0007886599972891574643865323199
0.0007760604430175308825324968219
0.0007760604430175308825324968219
0.0007760604430175308825324968219
0.0007619509175233511385004732385
0.0007619509175233511385004732385
0.0007199564759143243584958622804
0.0007199564759143243584958622804
0.0007199564759143243584958622804
0.0007314139847216845160114639776
0.0007314139847216845160114639776
0.0007143911706535620352476515530
0.0007143911706535620352476515530
0.0007143911706535620352476515530
0.0007287699689507780414347623807
0.0007287699689507780414347623807
0.0007086646200535202427508256317
0.0007086646200535202427508256317
0.0007086646200535202427508256317
0.0006832646113293646146604298699
0.0006832646113293646146604298699
0.0006832646113293646146604298699
0.0007232297808467564224761307899
0.0007232297808467564224761307899
0.0007494321740730395010371984363
0.0007494321740730395010371984363
0.0007494321740730395010371984363
0.0007351757492275764841729449518
0.0007351757492275764841729449518
0.0007561876397551804848051571321
0.0007561876397551804848051571321
0.0007561876397551804848051571321
0.0007813979611282639205297028464
0.0007813979611282639205297028464
0.0007791175441504018143118906102
0.0007822178010792935364876343186
0.0007822178010792935364876343186
0.0008195510038409626040737099273
0.0008195510038409626040737099273
0.0008195510038409626040737099273
0.0008111123854900880434185797064
0.0008111123854900880434185797064
0.0007932971358445810484005943262
0.0007932971358445810484005943262
0.0007932971358445810484005943262
0.0008094667057235228959984826109
0.0008094667057235228959984826109
0.0008163612116857103915736743010
0.0008163612116857103915736743010
0.0008163612116857103915736743010
0.0008204271263559353194874908942
0.0008204271263559353194874908942
0.0008703720384124978594124776278
0.0008703720384124978594124776278
0.0008703720384124978594124776278
0.0008828196321859568048880885735
0.0008828196321859568048880885735
0.0008828196321859568048880885735
0.0008853255000720639930853952042
0.0008853255000720639930853952042
0.0008826842648021215914751068410
0.0008826842648021215914751068410
0.0008826842648021215914751068410
0.0009054276231362141302657062070
0.0009054276231362141302657062070
0.0009147858833272078441991596161
0.0009147858833272078441991596161
0.0009147858833272078441991596161
0.0009392090051647552815554684067
0.0009392090051647552815554684067
0.0009203777809290983226366642186
0.0009203777809290983226366642186
0.0009203777809290983226366642186
0.0008998293716966826191452075428
0.0008998293716966826191452075428
0.0008998293716966826191452075428
0.0008810040618981909930384648746
0.0008810040618981909930384648746
0.0008749113740571395933930539396
0.0008749113740571395933930539396
0.0008749113740571395933930539396
0.0008707370111395449089102443333
0.0008707370111395449089102443333
0.0008605379201449999926547985367
0.0008605379201449999926547985367
0.0008605379201449999926547985367
0.0008439469442540102529121679336
0.0008439469442540102529121679336
0.0008293802278344502391586398959
0.0008293802278344502391586398959
0.0008293802278344502391586398959
0.001188323529122678903850347677
0.001188323529122678903850347677
0.001173284652302651082389853854
0.001173284652302651082389853854
0.001173284652302651082389853854
0.001157701267507024818757021447
0.001157701267507024818757021447
0.001157701267507024818757021447
0.001162678842780141263822048833
0.001162678842780141263822048833
0.001152428657548772232519675452
0.001152428657548772232519675452
0.001152428657548772232519675452
0.001185817989654248707758369714
0.001185817989654248707758369714
0.001186632011087117985973459082
0.001186632011087117985973459082
0.001186632011087117985973459082
0.001184384391352049952257674966
0.001184384391352049952257674966
0.001172675037027743344274526568
0.001172675037027743344274526568
0.001172675037027743344274526568
0.001178077091041683319993822569
0.001178077091041683319993822569
0.001170196146387919849614016948
0.001170196146387919849614016948
0.001170196146387919849614016948
0.001159365250434851125901605469
0.001159365250434851125901605469
0.001159365250434851125901605469
0.001155888676938402726982521680
0.001155888676938402726982521680
0.001137767001534668424931041204
0.001137767001534668424931041204
0.001137767001534668424931041204
0.001120635821188496681544405487
0.001120635821188496681544405487
0.001108014585140745991048768641
0.001108014585140745991048768641
0.001108014585140745991048768641
0.001101059784006351063875816161
0.001101059784006351063875816161
0.001101059380067587132153025800
0.001110021795242858017903805157
0.001110021795242858017903805157
0.001102810279535446264555883307
0.001102810279535446264555883307
0.001102810279535446264555883307
0.001087949214994754361619933598
0.001087949214994754361619933598
0.001081107130840180687815248254
0.001081107130840180687815248254
0.001081107130840180687815248254
0.001099694432101815743496871046
0.001099694432101815743496871046
0.001114522304025694466928142882
0.001114522304025694466928142882
0.001114522304025694466928142882
0.001102332937125866649813865180
0.001102332937125866649813865180
0.001084863631123315181820837475
0.001084863631123315181820837475
0.001084863631123315181820837475
0.001082104960429338267771475106
0.001082104960429338267771475106
0.001082104960429338267771475106
0.001075938526842302302344390291
0.001075938526842302302344390291
0.001066412336708489487796454317
0.001066412336708489487796454317
0.001066412336708489487796454317
0.001066202410823302971112099926
0.001066202410823302971112099926
0.001070741573145982265757739264
0.001070741573145982265757739264
0.001070741573145982265757739264
0.001075641741674457991871862424
0.001075641741674457991871862424
0.001076830398979034256435224584
0.001076830398979034256435224584
0.001076830398979034256435224584
0.001070057151906698771822663817
0.001070057151906698771822663817
0.001070057151906698771822663817
0.001068560917781703501004260322
0.001068560917781703501004260322
0.001069152911062327820364793124
0.001069152911062327820364793124
0.001069152911062327820364793124
0.001070981461966511979731220532
0.001070981461966511979731220532
0.001058821767159732139013475403
0.001058821767159732139013475403
0.001058821767159732139013475403
0.001051949855130559228953937320
0.001051949855130559228953937320
0.001041807483474566231295986203
0.001041807483474566231295986203
0.001041807483474566231295986203
0.001031530561357912783791477053
0.001031530561357912783791477053
0.001035101220461289633299481115
0.001035101220461289633299481115
0.001035101220461289633299481115
0.001042353719066455840201119892
0.001042353719066455840201119892
0.001042353719066455840201119892
0.001033472367547308980194168129
0.001033472367547308980194168129
0.001050304323904603560913885337
0.001050304323904603560913885337
0.001050304323904603560913885337
0.001040894758396605808177299981
0.001040894758396605808177299981
0.001030842417252957500571231722
0.001030842417252957500571231722
0.001030842417252957500571231722
0.001042128291148378206142541847
0.001042128291148378206142541847
0.001052912421912381679550540588
0.001052912421912381679550540588
0.001052912421912381679550540588
0.001043854856783257260373249770
0.001043854856783257260373249770
0.001047428112304367852753880530
0.001047428112304367852753880530
0.001047428112304367852753880530
0.001050601013460423236714320388
0.001050601013460423236714320388
0.001050601013460423236714320388
0.001045681565886589575910359449
0.001045681565886589575910359449
0.001047222105236483139885985388
0.001047222105236483139885985388
0.001047222105236483139885985388
0.001066739710525223872826434623
0.001066739710525223872826434623
0.001066355953880657714434551184
0.001066355953880657714434551184
0.001066355953880657714434551184
0.001066799184830133014107961000
0.001066799184830133014107961000
0.001066799184830133014107961000
0.001060533369280915730110614583
0.001060533369280915730110614583
0.001059645312858099576451658160
0.001059645312858099576451658160
0.001059645312858099576451658160
0.001053089024686808186040180410
0.001053089024686808186040180410
0.001059001365793651907496847531
0.001059001365793651907496847531
0.001059001365793651907496847531
0.001060252732795535474438461249
0.001060252732795535474438461249
0.001068338108222718870627378367
0.001068338108222718870627378367
0.001068338108222718870627378367
0.001068891467753977313525430829
0.001068891467753977313525430829
0.001062659831753124706147587676
0.001062659831753124706147587676
0.001062659831753124706147587676
0.001054238610402274411377759190
0.001054238610402274411377759190
0.001054238610402274411377759190
0.001045950441611638976215260092
0.001045950441611638976215260092
0.001039294165086791731483030624
0.001039294165086791731483030624
0.001039294165086791731483030624
0.001040847263238972765192131153
0.001040847263238972765192131153
0.001041333448196888961247846490
0.001041333448196888961247846490
0.001041333448196888961247846490
0.001048726809508255723549956633
0.001048726809508255723549956633
0.001048318021740599044419476436
0.001048318021740599044419476436
0.001048318021740599044419476436
0.001040487047943488988737115104
0.001040487047943488988737115104
0.001040487047943488988737115104
0.001032599005566792384724085132
0.001032599005566792384724085132
0.001034317058527668669984685944
0.001034317058527668669984685944
0.001034317058527668669984685944
0.001028375111159225173801626563
0.001028375111159225173801626563
0.001022299571976600836297907296
0.001022299571976600836297907296
0.001022299571976600836297907296
0.001030445301385947327949164478
0.001030445301385947327949164478
0.001024584406405061383441346857
0.001024584406405061383441346857
0.001024584406405061383441346857
0.001018861010261506901921529769
0.001018861010261506901921529769
0.001017886854305564537706734495
0.001017886854305564537706734495
0.001017886854305564537706734495
0.001011158641409354145245194424
0.001011158641409354145245194424
0.001011158641409354145245194424
0.001002958262275383124514354748
0.001002958262275383124514354748
0.001004704740947867617121146751
0.001004704740947867617121146751
0.001004704740947867617121146751
0.001004411207985776377396333597
0.001004411207985776377396333597
0.001016577863537665441329964483
0.001016577863537665441329964483
0.001016577863537665441329964483
0.001017353372611524993178350704
0.001017353372611524993178350704
0.001018146249893664748850690910
0.001018146249893664748850690910
0.001018146249893664748850690910
0.001012589252267761265887156151
0.001012589252267761265887156151
0.001013285823404272081505420281
0.001013285823404272081505420281
0.001013285823404272081505420281
0.001014857507437854225353373877
0.001014857507437854225353373877
0.001014857507437854225353373877
0.001009871399356834435634306832
0.001009871399356834435634306832
0.001016145271754456074361647591
0.001016145271754456074361647591
0.001016145271754456074361647591
0.001016996376498347812630139973
0.001016996376498347812630139973
0.001011955958700012163104740656
0.001011955958700012163104740656
0.001011955958700012163104740656
0.001023961712213444169880802409
0.001023961712213444169880802409
0.001023961712213444169880802409
0.001018475883545581585904713709
0.001018475883545581585904713709
0.001012033486079974604509995846
0.001012033486079974604509995846
0.001012033486079974604509995846
0.001011636647999046947355925502
0.001011636647999046947355925502
0.001005153061152689889797667392
0.001005153061152689889797667392
0.001005153061152689889797667392
0.001004419338462597920212651213
0.001004419338462597920212651213
0.001004325661579512433849478100
0.001004325661579512433849478100
0.001004325661579512433849478100
0.001003882451900898425390474460
0.001003882451900898425390474460
0.001000570881047769278577595788
0.001000570881047769278577595788
0.001000570881047769278577595788
0.0009948473960587923309748642824
0.0009948473960587923309748642824
0.0009948473960587923309748642824
0.0009945727539405055549728434882
0.0009945727539405055549728434882
0.0009893541844398926000446564980
0.0009893541844398926000446564980
0.0009893541844398926000446564980
0.0009830770960341017140375912442
0.0009830770960341017140375912442
0.0009816801054766696664963862630
0.0009816801054766696664963862630
0.0009816801054766696664963862630
0.0009884614009262030050150432129
0.0009884614009262030050150432129
0.0009873140098125930532614319930
0.0009873140098125930532614319930
0.0009873140098125930532614319930
0.0009940027100454885505384412144
0.0009940027100454885505384412144
0.0009940027100454885505384412144
0.0009959697942745986146438725589
0.0009959697942745986146438725589
0.0009973027984091801571893120011
0.0009973027984091801571893120011
0.0009973027984091801571893120011
0.0009974085626946007739926241531
0.0009974085626946007739926241531
0.0009985660383667479702411079111
0.0009985660383667479702411079111
0.0009985660383667479702411079111
0.0009989146915872333361214761781
0.0009989146915872333361214761781
0.0009966817471982335548467222229
0.0009966817471982335548467222229
0.0009966817471982335548467222229
0.0009967003860710098292642976351
0.0009967003860710098292642976351
0.0009931447629939157853675805142
0.0009931447629939157853675805142
0.0009931447629939157853675805142
0.0009900725478771120231650470030
0.0009900725478771120231650470030
0.0009900725478771120231650470030
0.0009922007977741813159709150910
0.0009922007977741813159709150910
0.0009898000342841668810764049863
0.0009898000342841668810764049863
0.0009898000342841668810764049863
0.0009868919614976754130024494349
0.0009868919614976754130024494349
0.0009849432662772751557143098154
0.0009849432662772751557143098154
0.0009849432662772751557143098154
0.0009825843852024783517934996693
0.0009825843852024783517934996693
0.0009793574651163387229263847351
0.0009793574651163387229263847351
0.0009793574651163387229263847351
0.0009797812177507576109870437397
0.0009797812177507576109870437397
0.0009800602199193716334964072555
0.0009800602199193716334964072555
0.0009800602199193716334964072555
0.0009764257912930694001012338982
0.0009764257912930694001012338982
0.0009764257912930694001012338982
0.0009753731676782234671397081535
0.0009753731676782234671397081535
0.0009715116636227131041414331493
0.0009715116636227131041414331493
0.0009715116636227131041414331493
0.0009705199524860987327870770803
0.0009705199524860987327870770803
0.0009680133532306294566478016378
0.0009680133532306294566478016378
0.0009680133532306294566478016378
0.0009632648829778079294662021565
0.0009632648829778079294662021565
0.0009632648829778079294662021565
0.0009585337367147222443882115152
0.0009585337367147222443882115152
0.0009597238907457315969522356229
0.0009597238907457315969522356229
0.0009597238907457315969522356229
0.0009642715301849577923675374502
0.0009642715301849577923675374502
0.0009668027236305311522580054102
0.0009668027236305311522580054102
0.0009668027236305311522580054102
0.0009662431331217081446550290809
0.0009662431331217081446550290809
0.0009637272773731883662167403480
0.0009637272773731883662167403480
0.0009637272773731883662167403480
0.0009664227829298268926945028568
0.0009664227829298268926945028568
0.0009636408515728005787097473890
0.0009636408515728005787097473890
0.0009636408515728005787097473890
0.0009608998612534263284794507607
0.0009608998612534263284794507607
0.0009608998612534263284794507607
0.0009642478267276059509719384578
0.0009642478267276059509719384578
0.0009637839093413141578088098028
0.0009637839093413141578088098028
0.0009637839093413141578088098028
0.0009624355227280799382888127933
0.0009624355227280799382888127933
0.0009599010451409686700372843536
0.0009599010451409686700372843536
0.0009599010451409686700372843536
0.0009553636435456665504591531636
0.0009553636435456665504591531636
0.0009585420326484575452807641040
0.0009585420326484575452807641040
0.0009585420326484575452807641040
0.0009581496504047453923597422687
0.0009581496504047453923597422687
0.0009581496504047453923597422687
0.0009565116510294232838490170199
0.0009565116510294232838490170199
0.0009537611936366256568296387775
0.0009537611936366256568296387775
0.0009537611936366256568296387775
0.0009532494727902551324758166070
0.0009532494727902551324758166070
0.0009501120371514038933412278844
0.0009501120371514038933412278844
0.0009501120371514038933412278844
0.0009473275741974003730198612879
0.0009473275741974003730198612879
0.0009431282132078221105572795259
0.0009431282132078221105572795259
0.0009431282132078221105572795259
0.0009455929898291161038186570275
0.0009455929898291161038186570275
0.0009465315262379313531343642445
0.0009465315262379313531343642445
0.0009465315262379313531343642445
0.0009427529434535630760098929266
0.0009427529434535630760098929266
0.0009427529434535630760098929266
0.0009432188937719173552375546024
0.0009432188937719173552375546024
0.0009431394323498537707657255968
0.0009431394323498537707657255968
0.0009431394323498537707657255968
0.0009426459078096414845170864642
0.0009426459078096414845170864642
0.0009444023904859173488627669947
0.0009444023904859173488627669947
0.0009444023904859173488627669947
0.0009438050349573224898300744698
0.0009438050349573224898300744698
0.0009426674040832141106354025551
0.0009426674040832141106354025551
0.0009426674040832141106354025551
0.0009421355786919944362144779487
0.0009421355786919944362144779487
0.0009419047727683755327681281434
0.0009419047727683755327681281434
0.0009419047727683755327681281434
0.0009404599975138758662477231604
0.0009404599975138758662477231604
0.0009404599975138758662477231604
0.0009413203045008069587142420643
0.0009413203045008069587142420643
0.0009395005041205804030686065517
0.0009395005041205804030686065517
0.0009395005041205804030686065517
0.0009425307566473171650127508569
0.0009425307566473171650127508569
0.0009438124451302323802022659449
0.0009438124451302323802022659449
0.0009438124451302323802022659449
0.0009420410411777077628320305668
0.0009420410411777077628320305668
0.0009432828347961742396082584106
0.0009432828347961742396082584106
0.0009432828347961742396082584106
0.0009416911772674472493764054076
0.0009416911772674472493764054076
0.0009416911772674472493764054076
0.0009420623265833545099304361638
0.0009420623265833545099304361638
0.0009416880875455692939077688807
0.0009416880875455692939077688807
0.0009416880875455692939077688807
0.0009430438433304991736263584399
0.0009430438433304991736263584399
0.0009419706395067931661864117470
0.0009419706395067931661864117470
0.0009419706395067931661864117470
0.0009407843772573349023724067658
0.0009407843772573349023724067658
0.0009419870121892703451434013365
0.0009419870121892703451434013365
0.0009419870121892703451434013365
0.0009385751706161859966583107738
0.0009385751706161859966583107738
0.0009385751706161859966583107738
0.0009344060336038625291104470853
0.0009344060336038625291104470853
0.0009310948286935378424161632044
0.0009310948286935378424161632044
0.0009310948286935378424161632044
0.0009308567308884466168162276241
0.0009308567308884466168162276241
0.0009311080573837635111149750846
0.0009311080573837635111149750846
0.0009311080573837635111149750846
0.0009340633018417403480176043370
0.0009340633018417403480176043370
0.0009332532523935313747094411596
0.0009332532523935313747094411596
0.0009332532523935313747094411596
0.0009342373544354964411442565588
0.0009342373544354964411442565588
0.0009342373544354964411442565588
0.0009331521398124620963460784195
0.0009331521398124620963460784195
0.0009323144176564781787855465711
0.0009323144176564781787855465711
0.0009323144176564781787855465711
0.0009317858903687533075214923656
0.0009317858903687533075214923656
0.0009305210397647576028784699698
0.0009305210397647576028784699698
0.0009305210397647576028784699698
0.0009316060455358232596573094860
0.0009316060455358232596573094860
0.0009303559649428282402012001856
0.0009303559649428282402012001856
0.0009303559649428282402012001856
0.0009288944742887535013437582621
0.0009288944742887535013437582621
0.0009345857962793447546863896313
0.0009345857962793447546863896313
0.0009345857962793447546863896313
0.0009322461066559368113349897981
0.0009322461066559368113349897981
0.0009322461066559368113349897981
0.0009373364448077580646657844102
0.0009373364448077580646657844102
0.0009363963403120260045876721252
0.0009363963403120260045876721252
0.0009363963403120260045876721252
0.0009355896516906787310905247696
0.0009355896516906787310905247696
0.0009358185119820151403391146304
0.0009358185119820151403391146304
0.0009358185119820151403391146304
0.0009320250855919259587304004042
0.0009320250855919259587304004042
0.0009320770523581160862109385131
0.0009320770523581160862109385131
0.0009320770523581160862109385131
0.0009318269329094169220415821658
0.0009318269329094169220415821658
0.0009297432775575150556378442525
0.0009297432775575150556378442525
0.0009297432775575150556378442525
0.0009279846502213716304485019375
0.0009279846502213716304485019375
0.0009279846502213716304485019375
0.0009260158968261815330322925320
0.0009260158968261815330322925320
0.0009269844097892514440390869455
0.0009269844097892514440390869455
0.0009269844097892514440390869455
0.0009238489548078143246858942674
0.0009238489548078143246858942674
0.0009269952507442088272880283360
0.0009269952507442088272880283360
0.0009269952507442088272880283360
0.0009283395143500215361696828411
0.0009283395143500215361696828411
0.0009281203598024950024229678980
0.0009278323772493124680722219719
0.0009278323772493124680722219719
0.0009245952740757158466159767560
0.0009245952740757158466159767560
0.0009245952740757158466159767560
0.0009285313055572730973750353205
0.0009285313055572730973750353205
0.0009250783640302547674896589454
0.0009250783640302547674896589454
0.0009250783640302547674896589454
0.0009240500956620869591011604931
0.0009240500956620869591011604931
0.0009207419924544861277555793161
0.0009207419924544861277555793161
0.0009207419924544861277555793161
0.0009224766152487529401276247674
0.0009224766152487529401276247674
0.0009199227274415851385924052039
0.0009199227274415851385924052039
0.0009199227274415851385924052039
0.0009201438778561446823829598006
0.0009201438778561446823829598006
0.0009201438778561446823829598006
0.0009200100938963135737125324642
0.0009200100938963135737125324642
0.0009192541425212544245140270170
0.0009192541425212544245140270170
0.0009192541425212544245140270170
0.0009172019218449211842669879302
0.0009172019218449211842669879302
0.0009165848639663380991863385808
0.0009165848639663380991863385808
0.0009165848639663380991863385808
0.0009173548100232994955320214935
0.0009173548100232994955320214935
0.0009176867131885333463739099424
0.0009176867131885333463739099424
0.0009176867131885333463739099424
0.0009156790944711117290584601115
0.0009156790944711117290584601115
0.0009156790944711117290584601115
0.0009151011290477341012810569344
0.0009151011290477341012810569344
0.0009131088930310239959484614225
0.0009131088930310239959484614225
0.0009131088930310239959484614225
0.0009112167265038276564683221845
0.0009112167265038276564683221845
0.0009128257380715783196497406489
0.0009128257380715783196497406489
0.0009128257380715783196497406489
0.0009131563658925424529732035102
0.0009131563658925424529732035102
0.0009136463023849901200650194723
0.0009136463023849901200650194723
0.0009136463023849901200650194723
0.0009147029912360100102035204368
0.0009147029912360100102035204368
0.0009141201891105837629715543360
0.0009141201891105837629715543360
0.0009141201891105837629715543360
0.0009141376532025870455320229999
0.0009141376532025870455320229999
0.0009141376532025870455320229999
0.0009137010081200046500027032596
0.0009137010081200046500027032596
0.0009147706263175380006332852262
0.0009147706263175380006332852262
0.0009147706263175380006332852262
0.0009124928799931901683662644290
0.0009124928799931901683662644290
0.0009126532788432290274451173726
0.0009126532788432290274451173726
0.0009126532788432290274451173726
0.0009116257490013453311725905345
0.0009116257490013453311725905345
0.0009134961263134557700856404185
0.0009134961263134557700856404185
0.0009134961263134557700856404185
0.0009120320957967952168554891355
0.0009120320957967952168554891355
0.0009136848770645941158846152087
0.0009136848770645941158846152087
0.0009136848770645941158846152087
0.0009126559857050387841003260959
0.0009126559857050387841003260959
0.0009126559857050387841003260959
0.0009125554178577612484528242238
0.0009125554178577612484528242238
0.0009149222963064232242587285694
0.0009149222963064232242587285694
0.0009149222963064232242587285694
0.0009164185571748112800736313635
0.0009164185571748112800736313635
0.0009181145978493034600562163176
0.0009181145978493034600562163176
0.0009181145978493034600562163176
0.0009191826832246572053850523339
0.0009191826832246572053850523339
0.0009201680714079532955160011598
0.0009201680714079532955160011598
0.0009201680714079532955160011598
0.0009194089853084875610859729207
0.0009194089853084875610859729207
0.0009194089853084875610859729207
0.0009183257842950785632265407141
0.0009183257842950785632265407141
0.0009158884886844433359213725958
0.0009158884886844433359213725958
0.0009158884886844433359213725958
0.0009133064168433987782483019008
0.0009133064168433987782483019008
0.0009152856914469557705191664665
0.0009152856914469557705191664665
0.0009152856914469557705191664665
0.0009174204626602185792727844916
0.0009174204626602185792727844916
0.0009157926376771632573120771067
0.0009157926376771632573120771067
0.0009157926376771632573120771067
0.0009172671924361611866780144546
0.0009172671924361611866780144546
0.0009172671924361611866780144546
0.0009155352515805446963010244721
0.0009155352515805446963010244721
0.0009161267562991865361448437664
0.0009161267562991865361448437664
0.0009161267562991865361448437664
0.0009166450862181194994592344399
0.0009166450862181194994592344399
0.0009156013978823863459501420584
0.0009156013978823863459501420584
0.0009156013978823863459501420584
0.0009153311764599553655134473237
0.0009153311764599553655134473237
0.0009185459068289835194416980142
0.0009185459068289835194416980142
0.0009185459068289835194416980142
0.0009181060288875382698749173864
0.0009181060288875382698749173864
0.0009181060288875382698749173864
0.0009189441933472580264827527702
0.0009189441933472580264827527702
0.0009203077658355671123934683970
0.0009203077658355671123934683970
0.0009203077658355671123934683970
0.0009193767885618068733213433316
0.0009193767885618068733213433316
0.0009189033617931788004383233728
0.0009189033617931788004383233728
0.0009189033617931788004383233728
0.0009186589011211975355922032789
0.0009186589011211975355922032789
0.0009193320341225591568003847025
0.0009193320341225591568003847025
0.0009193320341225591568003847025
0.0009184742758320073971823185462
0.0009184742758320073971823185462
0.0009193926602929869837147689515
0.0009193926602929869837147689515
0.0009193926602929869837147689515
0.0009198506685289406706713816394
0.0009198506685289406706713816394
0.0009198506685289406706713816394
0.0009216760218006063854322617459
0.0009216760218006063854322617459
0.0009224240008786965106048246603
0.0009224240008786965106048246603
0.0009224240008786965106048246603
0.0009232971236632666468543300092
0.0009232971236632666468543300092
0.0009237148045252076833572713444
0.0009237148045252076833572713444
0.0009237148045252076833572713444
0.0009241299498218478943997410907
0.0009241299498218478943997410907
0.0009219485195431685957575094772
0.0009219485195431685957575094772
0.0009219485195431685957575094772
0.0009222509885486783251053691317
0.0009222509885486783251053691317
0.0009198904944865218306766068825
0.0009198904944865218306766068825
0.0009198904944865218306766068825
0.0009200992816580927545738748811
0.0009200992816580927545738748811
0.0009200992816580927545738748811
0.0009224126629639894109676058470
0.0009224126629639894109676058470
0.0009217602860714379920891216199
0.0009217602860714379920891216199
0.0009217602860714379920891216199
0.0009219371806208912500972559020
0.0009219371806208912500972559020
0.0009235517452146195910434846665
0.0009235517452146195910434846665
0.0009235517452146195910434846665
0.0009229953955284512848411314223
0.0009229953955284512848411314223
0.0009229953955284512848411314223
0.0009237989908080228846807023625
0.0009237989908080228846807023625
0.0009241548056783465241430502598
0.0009241548056783465241430502598
0.0009241548056783465241430502598
0.0009238399906451664971091452305
0.0009238399906451664971091452305
0.0009234050443751330762236165299
0.0009234050443751330762236165299
0.0009234050443751330762236165299
0.0009230630458561863522095454287
0.0009230630458561863522095454287
0.0009216160920741637448973975391
0.0009216160920741637448973975391
0.0009216160920741637448973975391
0.0009196055722198178071412689786
0.0009196055722198178071412689786
0.0009197477700329518124212934094
0.0009197477700329518124212934094
0.0009197477700329518124212934094
0.0009190642471676513112672353846
0.0009190642471676513112672353846
0.0009190642471676513112672353846
0.0009210368887269263744394703694
0.0009210368887269263744394703694
0.0009243509407724048118312477502
0.0009243509407724048118312477502
0.0009243509407724048118312477502
0.0009239048218374411611108275735
0.0009239048218374411611108275735
0.0009254868646281874538004083354
0.0009254868646281874538004083354
0.0009254868646281874538004083354
0.0009231976587474407804684673944
0.0009231976587474407804684673944
0.0009221568176232112032566336788
0.0009221568176232112032566336788
0.0009221568176232112032566336788
0.0009235313505093304434581618955
0.0009235313505093304434581618955
0.0009235313505093304434581618955
0.0009237396437860892946930230599
0.0009237396437860892946930230599
0.0009225831215761758660052096388
0.0009225831215761758660052096388
0.0009225831215761758660052096388
0.0009214813939238456066648497305
0.0009214813939238456066648497305
0.0009236265979291491305050956214
0.0009236265979291491305050956214
0.0009236265979291491305050956214
0.0009247890378923084279812415072
0.0009247890378923084279812415072
0.0009251893672210181111020399196
0.0009251893672210181111020399196
0.0009251893672210181111020399196
0.0009241607035513859188010598697
0.0009241607035513859188010598697
0.0009236615957603408755318477276
0.0009236615957603408755318477276
0.0009236615957603408755318477276
0.0009214215719133026377402130757
0.0009214215719133026377402130757
0.0009214215719133026377402130757
0.0009200534001813567681181152849
0.0009200534001813567681181152849
0.0009216539040401511333809832973
0.0009216539040401511333809832973
0.0009216539040401511333809832973
0.0009220361097404828293448672844
0.0009220361097404828293448672844
0.0009215758943627093298008038346
0.0009215758943627093298008038346
0.0009215758943627093298008038346
0.0009205385097321030800371222909
0.0009205385097321030800371222909
0.0009188031925002016750971738447
0.0009188031925002016750971738447
0.0009188031925002016750971738447
0.0009193203765850938517012217633
0.0009193203765850938517012217633
0.0009194055922342961796738895838
0.0009194055922342961796738895838
0.0009194055922342961796738895838
0.0009192622471206439607936407935
0.0009192622471206439607936407935
0.0009192622471206439607936407935
0.0009177367939512834073941141746
0.0009177367939512834073941141746
0.0009170533978502078956254188169
0.0009170533978502078956254188169
0.0009170533978502078956254188169
0.0009189035118425046741782548600
0.0009189035118425046741782548600
0.0009195187325470062605727437374
0.0009195187325470062605727437374
0.0009195187325470062605727437374
0.0009187256084482971745361113453
0.0009187256084482971745361113453
0.0009174071238029603411102706149
0.0009174071238029603411102706149
0.0009174071238029603411102706149
0.0009185383989982948858876530858
0.0009185383989982948858876530858
0.0009185383989982948858876530858
0.0009161986853323524334944341652
0.0009161986853323524334944341652
0.0009162256004015010424752499068
0.0009162256004015010424752499068
0.0009162256004015010424752499068
0.0009160841990960804083035595424
0.0009160841990960804083035595424
0.0009173589723662380030064058249
0.0009173589723662380030064058249
0.0009173589723662380030064058249
0.0009162303026164675427330188669
0.0009162303026164675427330188669
0.0009149713111386390221914491935
0.0009149713111386390221914491935
0.0009149713111386390221914491935
0.0009154801402609762930699809366
0.0009154801402609762930699809366
0.0009154801402609762930699809366
0.0009143572654698138265738252002
0.0009143572654698138265738252002
0.0009128797355268346912129098149
0.0009128797355268346912129098149
0.0009128797355268346912129098149
0.0009144777057583956418799118126
0.0009144777057583956418799118126
0.0009140290103537698420753364890
0.0009140290103537698420753364890
0.0009140290103537698420753364890
0.0009147440815468044564590436077
0.0009147440815468044564590436077
0.0009147316867736376321612094885
0.0009147316867736376321612094885
0.0009147316867736376321612094885
0.0009150432411633905393972134310
0.0009150432411633905393972134310
0.0009150432411633905393972134310
0.0009141619318433524932486247959
0.0009141619318433524932486247959
0.0009133158056323235053466814640
0.0009133158056323235053466814640
0.0009133158056323235053466814640
0.0009115195038229370165184807591
0.0009115195038229370165184807591
0.0009121356883410315807235843540
0.0009121356883410315807235843540
0.0009121356883410315807235843540
0.0009102863945377612669243196161
0.0009102863945377612669243196161
0.0009102249785013838809712600393
0.0009102249785013838809712600393
0.0009102249785013838809712600393
0.0009100192767235286629436913889
0.0009100192767235286629436913889
0.0009107030733470085574016925255
0.0009107030733470085574016925255
0.0009107030733470085574016925255
0.0009112874945080641477767499343
0.0009112874945080641477767499343
0.0009112874945080641477767499343
0.0009119804148200492631999318209
0.0009119804148200492631999318209
0.0009137059940002784064338798552
0.0009137059940002784064338798552
0.0009137059940002784064338798552
0.0009128045811705140805855401133
0.0009128045811705140805855401133
0.0009125886388851804411607197432
0.0009125886388851804411607197432
0.0009125886388851804411607197432
0.0009123322114620031834572133785
0.0009123322114620031834572133785
0.0009127869883788459036284033658
0.0009127869883788459036284033658
0.0009127869883788459036284033658
0.0009118584190449936376301871298
0.0009118584190449936376301871298
0.0009123455491225260617351139662
0.0009123455491225260617351139662
0.0009123455491225260617351139662
0.0009117969876737433057214606705
0.0009117969876737433057214606705
0.0009117969876737433057214606705
0.0009103539975858942258525101180
0.0009103539975858942258525101180
0.0009114359269489530079991250713
0.0009114359269489530079991250713
0.0009114359269489530079991250713
0.0009130330046486728957517753878
0.0009130330046486728957517753878
0.0009129868916696250349352272763
0.0009129868916696250349352272763
0.0009129868916696250349352272763
0.0009139963418812651284836601633
0.0009139963418812651284836601633
0.0009146098372446093015444793877
0.0009134013440592400262020782636
0.0009134013440592400262020782636
0.0009145237630199529824848856147
0.0009145237630199529824848856147
0.0009145237630199529824848856147
0.0009155486686867906981868818514
0.0009155486686867906981868818514
0.0009148890235486387713512960525
0.0009148890235486387713512960525
0.0009148890235486387713512960525
0.0009144247061205377050846924049
0.0009144247061205377050846924049
0.0009124121487864900086929933825
0.0009124121487864900086929933825
0.0009124121487864900086929933825
0.0009122140885655371213286499391
0.0009122140885655371213286499391
0.0009119228434208971098862639572
0.0009119228434208971098862639572
0.0009119228434208971098862639572
0.0009096241081377373104745750098
0.0009096241081377373104745750098
0.0009096241081377373104745750098
0.0009101959197234792821881696894
0.0009101959197234792821881696894
0.0009084922068417591784373243469
0.0009084922068417591784373243469
0.0009084922068417591784373243469
0.0009073958472431518522292209201
0.0009073958472431518522292209201
0.0009085072923229255867173927665
0.0009085072923229255867173927665
0.0009085072923229255867173927665
0.0009079387488690336951410607630
0.0009079387488690336951410607630
0.0009082157949890778618034199269
0.0009082157949890778618034199269
0.0009082157949890778618034199269
0.0009083603903675179601157858956
0.0009083603903675179601157858956
0.0009083603903675179601157858956
0.0009090424346913414184538072164
0.0009090424346913414184538072164
0.0009081024806967204673863580544
0.0009081024806967204673863580544
0.0009081024806967204673863580544
0.0009089049339460715690625685686
0.0009089049339460715690625685686
0.0009089283839302218541842316291
0.0009089283839302218541842316291
0.0009089283839302218541842316291
0.0009100734726594440700801721849
0.0009100734726594440700801721849
0.0009083948367225697163535022616
0.0009083948367225697163535022616
0.0009083948367225697163535022616
0.0009078919622735449974817674308
0.0009078919622735449974817674308
0.0009083293778649767267493220054
0.0009083293778649767267493220054
0.0009083293778649767267493220054
0.0009089400866108268162017557735
0.0009089400866108268162017557735
0.0009089400866108268162017557735
0.0009073940084474301203041122778
0.0009073940084474301203041122778
0.0009089340274944809598994217713
0.0009089340274944809598994217713
0.0009089340274944809598994217713
0.0009102342396913600512354729518
0.0009102342396913600512354729518
0.0009100717963025436676704106847
0.0009100717963025436676704106847
0.0009100717963025436676704106847
0.0009101525477165706036810397245
0.0009101525477165706036810397245
0.0009101810466569531538499363310
0.0009101810466569531538499363310
0.0009101810466569531538499363310
0.0009122566517390387702932156866
0.0009122566517390387702932156866
0.0009111174400631363005133365632
0.0009111174400631363005133365632
0.0009111174400631363005133365632
0.0009100465407934542684597390106
0.0009100465407934542684597390106
0.0009100465407934542684597390106
0.0009096373167000731976083820003
0.0009096373167000731976083820003
0.0009085999358897287786127430019
0.0009085999358897287786127430019
0.0009085999358897287786127430019
0.0009079901223693577719630716587
0.0009079901223693577719630716587
0.0009083675841173106357890018051
0.0009083675841173106357890018051
0.0009083675841173106357890018051
0.0009070405727084428881759963526
0.0009070405727084428881759963526
0.0009070405727084428881759963526
0.0009058660804055755539056443298
0.0009058660804055755539056443298
0.0009049990124632371877690989567
0.0009049990124632371877690989567
0.0009049990124632371877690989567
0.0009037720409207653442488025346
0.0009037720409207653442488025346
0.0009044408614454488536088602146
0.0009044408614454488536088602146
0.0009044408614454488536088602146
0.0009028205083913535182164155914
0.0009028205083913535182164155914
0.0009033147249751102332871088771
0.0009033147249751102332871088771
0.0009033147249751102332871088771
0.0009008771338168511507137660136
0.0009008771338168511507137660136
0.0009002921783410617619966505980
0.0009002921783410617619966505980
0.0009002921783410617619966505980
0.0009005502742132414780825430040
0.0009005502742132414780825430040
0.0009005502742132414780825430040
0.0008997519448677260395144969712
0.0008997519448677260395144969712
0.0008982793111860096869753778100
0.0008982793111860096869753778100
0.0008982793111860096869753778100
0.0008984089652206197797794855530
0.0008984089652206197797794855530
0.0008994832236784682001811473570
0.0008994832236784682001811473570
0.0008994832236784682001811473570
0.0008992879457273691988925482323
0.0008992879457273691988925482323
0.0008977465415997158077787677418
0.0008977465415997158077787677418
0.0008977465415997158077787677418
0.0008967232027242551863744866951
0.0008967232027242551863744866951
0.0008967232027242551863744866951
