0.4523608680414322007087048121
0.4523608680414322007087048121
0.7501504895101618988409013061
0.7501504895101618988409013061
0.7501504895101618988409013061
0.6295532961726978667264537098
0.6295532961726978667264537098
0.7199808337993851244999406758
0.7199808337993851244999406758
0.7199808337993851244999406758
0.6985555467948839765866517898
0.6985555467948839765866517898
0.6837932789698708747779646046
0.6837932789698708747779646046
0.6837932789698708747779646046
0.6644857257129586968005549587
0.6644857257129586968005549587
0.6496008063957624536138456950
0.6496008063957624536138456950
0.6496008063957624536138456950
0.6433612002754207700338643691
0.6433612002754207700338643691
0.6433612002754207700338643691
0.6455356455586090438080667877
0.6455356455586090438080667877
0.6461968529499542677068573382
0.6461968529499542677068573382
0.6461968529499542677068573382
0.6299099790557106129326618964
0.6299099790557106129326618964
0.6419430563104795306385375161
0.6419430563104795306385375161
0.6419430563104795306385375161
0.6544539178870063233686807963
0.6544539178870063233686807963
0.6280810870533094522163271669
0.6280810870533094522163271669
0.6280810870533094522163271669
0.6332698357416372655301216644
0.6332698357416372655301216644
0.6404570464337677946318656555
0.6404570464337677946318656555
0.6404570464337677946318656555
0.6469721392282319930726739620
0.6469721392282319930726739620
0.6469721392282319930726739620
0.6415105766675192054093503368
0.6415105766675192054093503368
0.6352494522748558803589686656
0.6352494522748558803589686656
0.6352494522748558803589686656
0.6227350775094391954279916531
0.6227350775094391954279916531
0.6185795223969829705233456587
0.6185795223969829705233456587
0.6185795223969829705233456587
0.6083428516785327268275755438
0.6083428516785327268275755438
0.6106340402491287178634345200
0.6257979942717397474059971690
0.6257979942717397474059971690
0.6269172460986990236032661137
0.6269172460986990236032661137
0.6269172460986990236032661137
0.6097232797325398633505513341
0.6097232797325398633505513341
0.6068549262047050170245398526
0.6068549262047050170245398526
0.6068549262047050170245398526
0.6106591492941945551064867334
0.6106591492941945551064867334
0.6080099498935495497101764410
0.6080099498935495497101764410
0.6080099498935495497101764410
0.6053847288705490370176452547
0.6053847288705490370176452547
0.6138695577334986664891909035
0.6138695577334986664891909035
0.6138695577334986664891909035
0.6112658021732334204043792079
0.6112658021732334204043792079
0.6112658021732334204043792079
0.6101931607129909451117795493
0.6101931607129909451117795493
0.6057312248512311955102852344
0.6057312248512311955102852344
0.6057312248512311955102852344
0.6005409300982353535558764141
0.6005409300982353535558764141
0.5925802561157970512489634297
0.5925802561157970512489634297
0.5925802561157970512489634297
0.5957339842287018675620287329
0.5957339842287018675620287329
0.5892021363260649169342243956
0.5892021363260649169342243956
0.5892021363260649169342243956
0.5952296822396212371449914487
0.5952296822396212371449914487
0.5952296822396212371449914487
0.5958988869572569876161758888
0.5958988869572569876161758888
0.5994788068340640767192002006
0.5994788068340640767192002006
0.5994788068340640767192002006
0.6004576835093194663704164695
0.6004576835093194663704164695
0.6070509629338842314864881739
0.6070509629338842314864881739
0.6070509629338842314864881739
0.6011762997759333972687569150
0.6011762997759333972687569150
0.6001846129354979746356302833
0.6001846129354979746356302833
0.6001846129354979746356302833
0.6059736198653400838878788700
0.6059736198653400838878788700
0.6075469098268983374370963504
0.6075469098268983374370963504
0.6075469098268983374370963504
0.6021604836327728860442787680
0.6021604836327728860442787680
0.6021604836327728860442787680
0.5953491810457753365778107137
0.5953491810457753365778107137
0.5889524360193419165045231271
0.5889524360193419165045231271
0.5889524360193419165045231271
0.5849794310864420352305373477
0.5849794310864420352305373477
0.5871849336617664488020364785
0.5871849336617664488020364785
0.5871849336617664488020364785
0.5881787024254869071349644905
0.5881787024254869071349644905
0.5926378155897269501648168661
0.5926378155897269501648168661
0.5926378155897269501648168661
0.5867457169672271895006928965
0.5867457169672271895006928965
0.5823195623042149929641000853
0.5823195623042149929641000853
0.5823195623042149929641000853
0.5874137319977435560263614564
0.5874137319977435560263614564
0.5874137319977435560263614564
0.5894662274929568374093649996
0.5894662274929568374093649996
0.5872561824407913000855397736
0.5872561824407913000855397736
0.5872561824407913000855397736
0.5911794202291383907241518001
0.5911794202291383907241518001
0.5905026765992236004085686361
0.5905026765992236004085686361
0.5905026765992236004085686361
0.5927790649607010796439369879
0.5927790649607010796439369879
0.5893674544190661207541156323
0.5893674544190661207541156323
0.5893674544190661207541156323
0.5877665014764931957286453213
0.5877665014764931957286453213
0.5877665014764931957286453213
0.5870382922218038900183781302
0.5870382922218038900183781302
0.5883076703631360660921407457
0.5883076703631360660921407457
0.5883076703631360660921407457
0.5900406691716332364325557773
0.5900406691716332364325557773
0.5917235545241996018061828474
0.5917235545241996018061828474
0.5917235545241996018061828474
0.5862703021653192472708823717
0.5862703021653192472708823717
0.5869577225341922566559443740
0.5869577225341922566559443740
0.5869577225341922566559443740
0.5849709609191205205229087658
0.5849709609191205205229087658
0.5849709609191205205229087658
0.5853720502488967025351236724
0.5853720502488967025351236724
0.5851472909994162349675665664
0.5851472909994162349675665664
0.5851472909994162349675665664
0.5857545377239815527846616287
0.5857545377239815527846616287
0.5858918386147055507880296155
0.5858918386147055507880296155
0.5858918386147055507880296155
0.5839875936640990533945168292
0.5839875936640990533945168292
0.5857115478397049081598197718
0.5857115478397049081598197718
0.5857115478397049081598197718
0.5864195485407277918873081919
0.5864195485407277918873081919
0.5864195485407277918873081919
0.5858207918868860306043000411
0.5858207918868860306043000411
0.5833119736575200574942051783
0.5833119736575200574942051783
0.5833119736575200574942051783
0.5872316017996255470572097452
0.5872316017996255470572097452
0.5845149390396112745793418163
0.5845149390396112745793418163
0.5845149390396112745793418163
0.5851572679466113077811152926
0.5851572679466113077811152926
0.5889960024151848119042311760
0.5889960024151848119042311760
0.5889960024151848119042311760
0.5885846576803386767262682757
0.5885846576803386767262682757
0.5879985090533333743946970135
0.5879985090533333743946970135
0.5879985090533333743946970135
0.5935529597145788571811502187
0.5935529597145788571811502187
0.5935529597145788571811502187
0.5919943213825246007352687410
0.5919943213825246007352687410
0.5936163256488375423377453258
0.5936163256488375423377453258
0.5936163256488375423377453258
0.5961067186835786641779382048
0.5961067186835786641779382048
0.5948571645848803804735635343
0.5948571645848803804735635343
0.5948571645848803804735635343
0.5895086241627200404407831490
0.5895086241627200404407831490
0.5878954241110891513019587975
0.5878954241110891513019587975
0.5878954241110891513019587975
0.5892482124960635048838992278
0.5892482124960635048838992278
0.5899547583691882193182893506
0.5899547583691882193182893506
0.5899547583691882193182893506
0.5858398978849741792098103717
0.5858398978849741792098103717
0.5858398978849741792098103717
0.5865807040814008988223631002
0.5865807040814008988223631002
0.5836138780893582764639985059
0.5836138780893582764639985059
0.5836138780893582764639985059
0.5833973226481722363450108567
0.5833973226481722363450108567
0.5820283098138990587675899327
0.5820283098138990587675899327
0.5820283098138990587675899327
0.5799254232078750430072711925
0.5799254232078750430072711925
0.5795462228314824538845183537
0.5755003666878212012616302440
0.5755003666878212012616302440
0.5738359574419890250442067000
0.5738359574419890250442067000
0.5738359574419890250442067000
0.5725555628364900758413756896
0.5725555628364900758413756896
0.5713312126096818799962829034
0.5713312126096818799962829034
0.5713312126096818799962829034
0.5702737584225228495889976092
0.5702737584225228495889976092
0.5690693809528632701014682934
0.5690693809528632701014682934
0.5690693809528632701014682934
0.5678450699649341504250047098
0.5678450699649341504250047098
0.5642868772741020625136556070
0.5642868772741020625136556070
0.5642868772741020625136556070
0.5622736147594614935319324892
0.5622736147594614935319324892
0.5622736147594614935319324892
0.5614692427097516576493248758
0.5614692427097516576493248758
0.5590578099859568320873398317
0.5590578099859568320873398317
0.5590578099859568320873398317
0.5592824770527433767492287096
0.5592824770527433767492287096
0.5562389120122263116308867986
0.5562389120122263116308867986
0.5562389120122263116308867986
0.5554007272036855641353351503
0.5554007272036855641353351503
0.5561423358394149029822777175
0.5561423358394149029822777175
0.5561423358394149029822777175
0.5567519028911784098179031237
0.5567519028911784098179031237
0.5567519028911784098179031237
0.5597970098986855897038651131
0.5597970098986855897038651131
0.5581095389855343736706994896
0.5581095389855343736706994896
0.5581095389855343736706994896
0.5564011582437953697197297946
0.5564011582437953697197297946
0.5549759785818382643633528897
0.5549759785818382643633528897
0.5549759785818382643633528897
0.5543007589239995807144431311
0.5543007589239995807144431311
0.5541365644345177559716303471
0.5541365644345177559716303471
0.5541365644345177559716303471
0.5510923092621224914544632796
0.5510923092621224914544632796
0.5497818608211627529347645696
0.5497818608211627529347645696
0.5497818608211627529347645696
0.5472114314744007048890146327
0.5472114314744007048890146327
0.5472114314744007048890146327
0.5451509927425702289880539361
0.5451509927425702289880539361
0.5443435101968153698049421793
0.5443435101968153698049421793
0.5443435101968153698049421793
0.5463949564036489088066315080
0.5463949564036489088066315080
0.5464698698752602514762443357
0.5464698698752602514762443357
0.5464698698752602514762443357
0.5520941272599492318952672185
0.5520941272599492318952672185
0.5513416084329583608432223584
0.5513416084329583608432223584
0.5513416084329583608432223584
0.5501894183577793920966694612
0.5501894183577793920966694612
0.5477388975174865387801441634
0.5477388975174865387801441634
0.5477388975174865387801441634
0.5484473627192431824081024812
0.5484473627192431824081024812
0.5484473627192431824081024812
0.5466568399374205350689706698
0.5466568399374205350689706698
0.5447096512750604896017387856
0.5447096512750604896017387856
0.5447096512750604896017387856
0.5447210929065847122198824477
0.5447210929065847122198824477
0.5422239878672570491581581557
0.5422239878672570491581581557
0.5422239878672570491581581557
0.5415822875283175127042589469
0.5415822875283175127042589469
0.5429556625889840822218419239
0.5429556625889840822218419239
0.5429556625889840822218419239
0.5417092750223778085887508798
0.5417092750223778085887508798
0.5417092750223778085887508798
0.5417530366695346331339036009
0.5417530366695346331339036009
0.5407056947700306183550165554
0.5407056947700306183550165554
0.5407056947700306183550165554
0.5401778166423199516325962378
0.5401778166423199516325962378
0.5395352097453733933423685846
0.5395352097453733933423685846
0.5395352097453733933423685846
0.5378424462487716601820749947
0.5378424462487716601820749947
0.5377656472475290763832387466
0.5377656472475290763832387466
0.5377656472475290763832387466
0.5371853037900315110607579472
0.5371853037900315110607579472
0.5371853037900315110607579472
0.5389213613478864478388002008
0.5389213613478864478388002008
0.5377983381539358581944554839
0.5377983381539358581944554839
0.5377983381539358581944554839
0.5377804207993327003042269472
0.5377804207993327003042269472
0.5354523215382476668406807532
0.5354523215382476668406807532
0.5354523215382476668406807532
0.5365573165062553258320181869
0.5365573165062553258320181869
0.5373367130631760412362571567
0.5373367130631760412362571567
0.5373367130631760412362571567
0.5384381532981854263658882964
0.5384381532981854263658882964
0.5384381532981854263658882964
