0.001836921725362174783157999488
0.001836921725362174783157999488
0.001385703556467620747031692065
0.001385703556467620747031692065
0.001385703556467620747031692065
0.001436988684938376732831384271
0.001436988684938376732831384271
0.001178026197065455485401018557
0.001178026197065455485401018557
0.001178026197065455485401018557
0.001091213078228419530320456226
0.001091213078228419530320456226
0.001080054556334964501285300701
0.001080054556334964501285300701
0.001080054556334964501285300701
0.001105718665247311572316400544
0.001105718665247311572316400544
0.001188974646742625692251476105
0.001188974646742625692251476105
0.001188974646742625692251476105
0.001143182864234377477533613323
0.001143182864234377477533613323
0.001143182864234377477533613323
0.001157742014495035654165246194
0.001157742014495035654165246194
0.001227057499905520301628652157
0.001227057499905520301628652157
0.001227057499905520301628652157
0.001229615781985535686753872028
0.001229615781985535686753872028
0.001170987023062413489646205791
0.001170987023062413489646205791
0.001170987023062413489646205791
0.001110321144798751081952971604
0.001110321144798751081952971604
0.001123064207696326662877018787
0.001123064207696326662877018787
0.001123064207696326662877018787
0.001100098908575882542048522040
0.001100098908575882542048522040
0.001061764018631908758269753376
0.001061764018631908758269753376
0.001061764018631908758269753376
0.001012445994919627460444774710
0.001012445994919627460444774710
0.001012445994919627460444774710
0.001020137419982646142341015235
0.001020137419982646142341015235
0.0009713133916175826361333500497
0.0009713133916175826361333500497
0.0009713133916175826361333500497
0.001047538857118429866633049360
0.001047538857118429866633049360
0.001040654891560056531288738114
0.001040654891560056531288738114
0.001040654891560056531288738114
0.001055531195674204486186937958
0.001055531195674204486186937958
0.001055531195674204486186937958
0.001063908548867744070666066132
0.001063908548867744070666066132
0.001041262346614326893212338784
0.001041262346614326893212338784
0.001041262346614326893212338784
0.001061978249479350512167404527
0.001061978249479350512167404527
0.001056748776039809344259588457
0.001056748776039809344259588457
0.001056748776039809344259588457
0.001063565432611712940989866765
0.001063565432611712940989866765
0.001047728946508529491247903266
0.001047728946508529491247903266
0.001047728946508529491247903266
0.001050807987640761827799175151
0.001050807987640761827799175151
0.001041465491684786920104449143
0.001041465491684786920104449143
0.001041465491684786920104449143
0.001016607527878995814192991090
0.001016607527878995814192991090
0.001016607527878995814192991090
0.0009939028896452593537088937935
0.0009939028896452593537088937935
0.0009824763269756057787866453966
0.0009824763269756057787866453966
0.0009824763269756057787866453966
0.0009640984980164250544156982556
0.0009640984980164250544156982556
0.0009462542238361033991332944347
0.0009462542238361033991332944347
0.0009462542238361033991332944347
0.0009963564637726117144155926371
0.0009963564637726117144155926371
0.0009988630743398478539709983622
0.0009988630743398478539709983622
0.0009988630743398478539709983622
0.001004012663433721890046605630
0.001004012663433721890046605630
0.001004012663433721890046605630
0.001031068130743936308563451702
0.001031068130743936308563451702
0.001030020977530662552121638630
0.001030020977530662552121638630
0.001030020977530662552121638630
0.001049798596850608121244272642
0.001049798596850608121244272642
0.001027243563326328953914219202
0.001027243563326328953914219202
0.001027243563326328953914219202
0.001011763835833700766939110381
0.001011763835833700766939110381
0.0009926509530182908225741916226
0.0009926509530182908225741916226
0.0009926509530182908225741916226
0.0009951113282980652953824212998
0.0009951113282980652953824212998
0.0009808601539332618444580190993
0.0009808601539332618444580190993
0.0009808601539332618444580190993
0.0009843742840252589419733383184
0.0009843742840252589419733383184
0.0009843742840252589419733383184
0.0009667500726291131076249769955
0.0009667500726291131076249769955
0.0009526711005522743947291712659
0.0009526711005522743947291712659
0.0009526711005522743947291712659
0.0009553094943432812147069040809
0.0009553094943432812147069040809
0.0009712092714518074235351446413
0.0009712092714518074235351446413
0.0009712092714518074235351446413
0.001017228701775616485050016392
0.001017228701775616485050016392
0.001018697391825970471653948890
0.001018697391825970471653948890
0.001018697391825970471653948890
0.001033299654219637967305959164
0.001033299654219637967305959164
0.001020698560741259673245047560
0.001020698560741259673245047560
0.001020698560741259673245047560
0.001006892594309968651107293820
0.001006892594309968651107293820
0.001006892594309968651107293820
0.001008333545844476466979037345
0.001008333545844476466979037345
0.001010494360411884920808940775
0.001010494360411884920808940775
0.001010494360411884920808940775
0.001014318272314816365390124951
0.001014318272314816365390124951
0.001015998885438442834298091521
0.001015998885438442834298091521
0.001015998885438442834298091521
0.001001539612468503066728690206
0.001001539612468503066728690206
0.001004807523593120533790564675
0.001004807523593120533790564675
0.001004807523593120533790564675
0.001020274422470725213546039639
0.001020274422470725213546039639
0.001020274422470725213546039639
0.001023755415996489434153669338
0.001023755415996489434153669338
0.001037064481404290534187027903
0.001037064481404290534187027903
0.001037064481404290534187027903
0.001023137101167936847640866466
0.001023137101167936847640866466
0.001024644949989268369995300159
0.001024644949989268369995300159
0.001024644949989268369995300159
0.001015948179702288111381817526
0.001015948179702288111381817526
0.001015429119585744924693488470
0.001015429119585744924693488470
0.001015429119585744924693488470
0.001007915091918830626663551471
0.001007915091918830626663551471
0.001007915091918830626663551471
0.0009952340886169011140273544273
0.0009952340886169011140273544273
0.0009843924795911418388451143481
0.0009843924795911418388451143481
0.0009843924795911418388451143481
0.0009833835662614021108130202737
0.0009833835662614021108130202737
0.0009832711760690330380263059674
0.0009832711760690330380263059674
0.0009832711760690330380263059674
0.0009923655082607776580526541751
0.0009923655082607776580526541751
0.0009837658234738354801007995147
0.0009837658234738354801007995147
0.0009837658234738354801007995147
0.0009747953908347609393667486413
0.0009747953908347609393667486413
0.0009747953908347609393667486413
0.0009967780738564715447921091337
0.0009967780738564715447921091337
0.001008009659306379278554312751
0.001008009659306379278554312751
0.001008009659306379278554312751
0.001004864448026026063374104304
0.001004864448026026063374104304
0.001006191991489458933731002411
0.001006191991489458933731002411
0.001006191991489458933731002411
0.001008456528235695503243549997
0.001008456528235695503243549997
0.0009932519969676865509437935800
0.0009932519969676865509437935800
0.0009932519969676865509437935800
0.001005105652977672675047144712
0.001005105652977672675047144712
0.001008961113104214761901987043
0.001008961113104214761901987043
0.001008961113104214761901987043
0.001008396863529017709337216962
0.001008396863529017709337216962
0.001008396863529017709337216962
0.001006723097597583384159511677
0.001006723097597583384159511677
0.001004665438583490325683514341
0.001004665438583490325683514341
0.001004665438583490325683514341
0.001008050556455462599314880634
0.001008050556455462599314880634
0.001020207697208183643803038737
0.001020207697208183643803038737
0.001020207697208183643803038737
0.001019425836031231986714408001
0.001019425836031231986714408001
0.001015230375168472052634302582
0.001015230375168472052634302582
0.001015230375168472052634302582
0.001015573750185414938179585681
0.001015573750185414938179585681
0.001007516677404305616260992204
0.001007516677404305616260992204
0.001007516677404305616260992204
0.001010735921813004116529114015
0.001010735921813004116529114015
0.001010735921813004116529114015
0.001012049501395789278296150175
0.001012049501395789278296150175
0.001014325090801585164072080932
0.001014325090801585164072080932
0.001014325090801585164072080932
0.001012583182387816157808683377
0.001012583182387816157808683377
0.001008785319821168246414977984
0.001008785319821168246414977984
0.001008785319821168246414977984
0.001001811135720103976423612510
0.001001811135720103976423612510
0.001001513569013915877912662010
0.001001513569013915877912662010
0.001001513569013915877912662010
0.001016456568858635928540233374
0.001016456568858635928540233374
0.001016456568858635928540233374
0.001018781100443775262648503987
0.001018781100443775262648503987
0.001016655861678765158675836957
0.001016655861678765158675836957
0.001016655861678765158675836957
0.001020443743017791216660191631
0.001020443743017791216660191631
0.001018941617214715341529811066
0.001018941617214715341529811066
0.001018941617214715341529811066
0.001015587691817929259888126982
0.001015587691817929259888126982
0.001023941446757836803176890273
0.001023941446757836803176890273
0.001023941446757836803176890273
0.001021745460662460580074739672
0.001021745460662460580074739672
0.001021745460662460580074739672
0.001025439559328909321784024583
0.001025439559328909321784024583
0.001029373685761732020948075056
0.001029373685761732020948075056
0.001029373685761732020948075056
0.001030045289552491456533205066
0.001030045289552491456533205066
0.001025492723085097692235256986
0.001025492723085097692235256986
0.001025492723085097692235256986
0.001031674448155731367635274811
0.001031674448155731367635274811
0.001037010938469106596201175216
0.001037010938469106596201175216
0.001037010938469106596201175216
0.001039441908829981021902437838
0.001039441908829981021902437838
0.001039441908829981021902437838
0.001041078253443234886176577524
0.001041078253443234886176577524
0.001033626792271518652668785161
0.001033626792271518652668785161
0.001033626792271518652668785161
0.001035423333260428439698962467
0.001035423333260428439698962467
0.001028066994334953531098436844
0.001028066994334953531098436844
0.001028066994334953531098436844
0.001026868431357508552129383468
0.001026868431357508552129383468
0.001020700308544917298234469488
0.001020700308544917298234469488
0.001020700308544917298234469488
0.001021997422352447817157002106
0.001021997422352447817157002106
0.001014655798220107843892702989
0.001014655798220107843892702989
0.001014655798220107843892702989
0.001010395385556271422737017520
0.001010395385556271422737017520
0.001010395385556271422737017520
0.001005688671275025360016244043
0.001005688671275025360016244043
0.001000102441949575237957587809
0.001000102441949575237957587809
0.001000102441949575237957587809
0.0009985170453072679930949466623
0.0009985170453072679930949466623
0.0009987495508995932264162750566
0.0009987495508995932264162750566
0.0009987495508995932264162750566
0.001000558012759091414860592328
0.001000558012759091414860592328
0.001007004625631080849204874524
0.001007004625631080849204874524
0.001007004625631080849204874524
0.001010507632779115661909090048
0.001010507632779115661909090048
0.001008550327814233711563517258
0.001008550327814233711563517258
0.001008550327814233711563517258
0.001014108307253249575430210910
0.001014108307253249575430210910
0.001014108307253249575430210910
0.001019778204029064008258988818
0.001019778204029064008258988818
0.001021734177513863174796879435
0.001021734177513863174796879435
0.001021734177513863174796879435
0.001022481456960399476953432963
0.001022481456960399476953432963
0.001030882366974956398047963737
0.001030882366974956398047963737
0.001030882366974956398047963737
0.001036260745242099235831128358
0.001036260745242099235831128358
0.001036260745242099235831128358
0.001032445106876268769011433158
0.001032445106876268769011433158
0.001026678717290917009723943634
0.001026678717290917009723943634
0.001026678717290917009723943634
0.001028521482895373423300348867
0.001028521482895373423300348867
0.001025655416218673022213050285
0.001025655416218673022213050285
0.001025655416218673022213050285
0.001023035123046015835180858850
0.001023035123046015835180858850
0.001017198504743223854752650776
0.001017198504743223854752650776
0.001017198504743223854752650776
0.001013935710128255187388665454
0.001013935710128255187388665454
0.001011846693857450169917338649
0.001011846693857450169917338649
0.001011846693857450169917338649
0.001012511484792600829626855122
0.001012511484792600829626855122
0.001012511484792600829626855122
0.001017048305926070184825615679
0.001017048305926070184825615679
0.001014473141619124570798926558
0.001014473141619124570798926558
0.001014473141619124570798926558
0.001010525546239594112426664893
0.001010525546239594112426664893
0.001007236550337243688136430554
0.001007236550337243688136430554
0.001007236550337243688136430554
0.001014669361005524244940393260
0.001014669361005524244940393260
0.001012892049465471602346675426
0.001012892049465471602346675426
0.001012892049465471602346675426
0.001012810282961796331861221106
0.001012810282961796331861221106
0.001012810282961796331861221106
0.001013630927699629881484740532
0.001013630927699629881484740532
0.001007695984329577852051010928
0.001007695984329577852051010928
0.001007695984329577852051010928
0.001002481205019696369900529276
0.001002481205019696369900529276
0.001004870757294736393122789879
0.001004870757294736393122789879
0.001004870757294736393122789879
0.001000462429424898330260538089
0.001000462429424898330260538089
0.0009944745923777989013164642266
0.0009944745923777989013164642266
0.0009944745923777989013164642266
0.001000391905268270715087705492
0.001000391905268270715087705492
0.0009953410181312209890788610076
0.0009953410181312209890788610076
0.0009953410181312209890788610076
0.0009912421819802650681026645022
0.0009912421819802650681026645022
0.0009912421819802650681026645022
0.001003181706471422173898374943
0.001003181706471422173898374943
0.0009973974881465755477694907910
0.0009973974881465755477694907910
0.0009973974881465755477694907910
0.001008722168895328335166204958
0.001008722168895328335166204958
0.001009107127699500256051867732
0.001009107127699500256051867732
0.001009107127699500256051867732
0.001009653785664137548962793886
0.001009653785664137548962793886
0.001004619367111125861306097342
0.001004619367111125861306097342
0.001004619367111125861306097342
0.0009999341827350641119991060594
0.0009999341827350641119991060594
0.001000068186682349396371838935
0.001000068186682349396371838935
0.001000068186682349396371838935
0.0009954264519074677808740685533
0.0009954264519074677808740685533
0.0009954264519074677808740685533
0.0009966843365927491846672379436
0.0009966843365927491846672379436
0.0009914464639567034392678251208
0.0009914464639567034392678251208
0.0009914464639567034392678251208
0.0009978282486491852737587116817
0.0009978282486491852737587116817
0.0009984001585455460764869109439
0.0009984001585455460764869109439
0.0009984001585455460764869109439
0.0009938956200182476020105361696
0.0009938956200182476020105361696
0.0009937591599507712587741657226
0.0009946998317131242043992179910
0.0009946998317131242043992179910
0.0009953135521897629474172517433
0.0009953135521897629474172517433
0.0009953135521897629474172517433
0.0009905204533202726796424175310
0.0009905204533202726796424175310
0.0009859183679961379485046014554
0.0009859183679961379485046014554
0.0009859183679961379485046014554
0.0009869241070534318428681049597
0.0009869241070534318428681049597
0.0009875329746686182924460626100
0.0009875329746686182924460626100
0.0009875329746686182924460626100
0.0009826791487487447205914291742
0.0009826791487487447205914291742
0.0009838100570314537866082775676
0.0009838100570314537866082775676
0.0009838100570314537866082775676
0.0009846321504142368342403333624
0.0009846321504142368342403333624
0.0009846321504142368342403333624
0.0009898874591332774573344576734
0.0009898874591332774573344576734
0.0009946906662926808568796543757
0.0009946906662926808568796543757
0.0009946906662926808568796543757
0.0009997501513166760285713108255
0.0009997501513166760285713108255
0.0009944472285478103489498067209
0.0009944472285478103489498067209
0.0009944472285478103489498067209
0.0009919649005559759981679897892
0.0009919649005559759981679897892
0.0009963983678923802788950758504
0.0009963983678923802788950758504
0.0009963983678923802788950758504
0.0009975692310643976657453676382
0.0009975692310643976657453676382
0.0009975692310643976657453676382
0.0009935742616789049136096050251
0.0009935742616789049136096050251
0.0009890013548499277339093335091
0.0009890013548499277339093335091
0.0009890013548499277339093335091
0.0009894631252204174436243357374
0.0009894631252204174436243357374
0.0009896291469061858493589170603
0.0009896291469061858493589170603
0.0009896291469061858493589170603
0.0009854554461442483525052626685
0.0009854554461442483525052626685
0.0009898215743741963631664320499
0.0009898215743741963631664320499
0.0009898215743741963631664320499
0.0009939307346069205177899995159
0.0009939307346069205177899995159
0.0009940186650510023830910584460
0.0009940186650510023830910584460
0.0009940186650510023830910584460
0.0009905900036194922894540022483
0.0009905900036194922894540022483
0.0009905900036194922894540022483
0.0009910296319837531796007159021
0.0009910296319837531796007159021
0.0009911864004188956091784067603
0.0009911864004188956091784067603
0.0009911864004188956091784067603
0.0009908660867314610970141590899
0.0009908660867314610970141590899
0.0009902905163765521117392756226
0.0009902905163765521117392756226
0.0009902905163765521117392756226
0.0009875275940339520906147327690
0.0009875275940339520906147327690
0.0009889263442382727001227276129
0.0009889263442382727001227276129
0.0009889263442382727001227276129
0.0009896358735377924483276944095
0.0009896358735377924483276944095
0.0009862480591301047566498062474
0.0009862480591301047566498062474
0.0009862480591301047566498062474
0.0009870278107251847972187414170
0.0009870278107251847972187414170
0.0009870278107251847972187414170
0.0009870331286013119703332611048
0.0009870331286013119703332611048
0.0009916220988555511927258097577
0.0009916220988555511927258097577
0.0009916220988555511927258097577
0.0009883947353059462169997504958
0.0009883947353059462169997504958
0.0009861020893979172078776988756
0.0009861020893979172078776988756
0.0009861020893979172078776988756
0.0009869552827400006155299133733
0.0009869552827400006155299133733
0.0009866984164296575843728415444
0.0009866984164296575843728415444
0.0009866984164296575843728415444
0.0009864658122655274577349433218
0.0009864658122655274577349433218
0.0009864658122655274577349433218
0.0009865546386749739531006905953
0.0009865546386749739531006905953
0.0009821901914794303363629357339
0.0009821901914794303363629357339
0.0009821901914794303363629357339
0.0009829916166809240312176793404
0.0009829916166809240312176793404
0.0009833414085670206347163824394
0.0009833414085670206347163824394
0.0009833414085670206347163824394
0.0009838593404626140760631066957
0.0009838593404626140760631066957
0.0009802454359600766595785502537
0.0009802454359600766595785502537
0.0009802454359600766595785502537
0.0009799746226065533830506817561
0.0009799746226065533830506817561
0.0009799746226065533830506817561
0.0009760955749758663317912212010
0.0009760955749758663317912212010
0.0009764844247881849121224893834
0.0009764844247881849121224893834
0.0009764844247881849121224893834
0.0009889837001803984918949084259
0.0009889837001803984918949084259
0.0009884202199945535761570845295
0.0009884202199945535761570845295
0.0009884202199945535761570845295
0.0009927964110294880524409076062
0.0009927964110294880524409076062
0.0009907835064850640467284190141
0.0009907835064850640467284190141
0.0009907835064850640467284190141
0.001002698030617433011785841968
0.001002698030617433011785841968
0.001002698030617433011785841968
0.0009986544674406518435045738219
0.0009986544674406518435045738219
0.001004101448790717737753241026
0.001004101448790717737753241026
0.001004101448790717737753241026
0.001000719086774104963390723894
0.001000719086774104963390723894
0.001000358937342336765464676520
0.001000358937342336765464676520
0.001000358937342336765464676520
0.0009965170470018806559097592586
0.0009965170470018806559097592586
0.0009928141279852518597764393708
0.0009928141279852518597764393708
0.0009928141279852518597764393708
0.0009897172254459054325051953212
0.0009897172254459054325051953212
0.0009948566101916770169253782467
0.0009948566101916770169253782467
0.0009948566101916770169253782467
0.0009945093703762883773169650221
0.0009945093703762883773169650221
0.0009945093703762883773169650221
0.0009943345608991880882203480286
0.0009943345608991880882203480286
0.001001395923386116473409500803
0.001001395923386116473409500803
0.001001395923386116473409500803
0.001005488343653498627313822729
0.001005488343653498627313822729
0.001009080172845069970232338491
0.001009080172845069970232338491
0.001009080172845069970232338491
0.001009624702689715577605604062
0.001009624702689715577605604062
0.001006784331398999493055917521
0.001006784331398999493055917521
0.001006784331398999493055917521
0.001013246164535407587729238888
0.001013246164535407587729238888
0.001012456362053553464587649354
0.001012456362053553464587649354
0.001012456362053553464587649354
0.001008691409856399915736800352
0.001008691409856399915736800352
0.001008691409856399915736800352
0.001005210204429127199595440807
0.001005210204429127199595440807
0.001002148443653686407386986140
0.001002148443653686407386986140
0.001002148443653686407386986140
0.0009991854792788641194626744290
0.0009991854792788641194626744290
0.001000171232476539241050191119
0.001000171232476539241050191119
0.001000171232476539241050191119
0.001000012366741680088676637782
0.001000012366741680088676637782
0.0009998642926419639357578784751
0.001002858314515077336265921140
0.001002858314515077336265921140
0.001002936499362650986833223814
0.001002936499362650986833223814
0.001002936499362650986833223814
0.001003528289733771545848259027
0.001003528289733771545848259027
0.001006811315885443770286816778
0.001006811315885443770286816778
0.001006811315885443770286816778
0.001004043722823423640445876257
0.001004043722823423640445876257
0.001001882579718931743993566588
0.001001882579718931743993566588
0.001001882579718931743993566588
0.001002625796330332081500805174
0.001002625796330332081500805174
0.001006216761160208276805242256
0.001006216761160208276805242256
0.001006216761160208276805242256
0.001006657128471120538206044417
0.001006657128471120538206044417
0.001006657128471120538206044417
0.001006879255470545122400268349
0.001006879255470545122400268349
0.001004626338371168530177769303
0.001004626338371168530177769303
0.001004626338371168530177769303
0.001011565348005847870862065890
0.001011565348005847870862065890
0.001012036362060882950860620039
0.001012036362060882950860620039
0.001012036362060882950860620039
0.001009302739491219541528312452
0.001009302739491219541528312452
0.001006111591255901009638882427
0.001006111591255901009638882427
0.001006111591255901009638882427
0.001002612618447533109220310925
0.001002612618447533109220310925
0.001002612618447533109220310925
0.0009995140924355665842469120503
0.0009995140924355665842469120503
0.0009969206429059792308303652051
0.0009969206429059792308303652051
0.0009969206429059792308303652051
0.0009976727503864976437756109923
0.0009976727503864976437756109923
0.001001389692747823147944242968
0.001001389692747823147944242968
0.001001389692747823147944242968
0.0009982612642897914612822453208
0.0009982612642897914612822453208
0.0009989251306023894750444381348
0.0009989251306023894750444381348
0.0009989251306023894750444381348
0.0009968195295493872858488883338
0.0009968195295493872858488883338
0.0009943996695241513436461815230
0.0009943996695241513436461815230
0.0009943996695241513436461815230
0.0009916316315224001007214828546
0.0009916316315224001007214828546
0.0009916316315224001007214828546
0.0009916844060485536499119390130
0.0009916844060485536499119390130
0.0009916637558653684131270497213
0.0009916637558653684131270497213
0.0009916637558653684131270497213
0.0009881827642148733142169683245
0.0009881827642148733142169683245
0.0009857496039791536286110713539
0.0009857496039791536286110713539
0.0009857496039791536286110713539
0.0009834936229796962490366765592
0.0009834936229796962490366765592
0.0009836327077150070402684136063
0.0009836327077150070402684136063
0.0009836327077150070402684136063
0.0009908179977042216900855507553
0.0009908179977042216900855507553
0.0009880969701787293054489406327
0.0009880969701787293054489406327
0.0009880969701787293054489406327
0.0009849993828012257803386093819
0.0009849993828012257803386093819
0.0009849993828012257803386093819
0.0009852206555731590703562658683
0.0009852206555731590703562658683
0.0009859305528311696751173079428
0.0009859305528311696751173079428
0.0009859305528311696751173079428
0.0009844303078046357943204782934
0.0009844303078046357943204782934
0.0009821282588474470338066421936
0.0009821282588474470338066421936
0.0009821282588474470338066421936
0.0009793936058672751119967404357
0.0009793936058672751119967404357
0.0009769797118743301006160717343
0.0009769797118743301006160717343
0.0009769797118743301006160717343
0.0009743643776261965589196111581
0.0009743643776261965589196111581
0.0009743643776261965589196111581
0.0009725972538786493244551846037
0.0009725972538786493244551846037
0.0009692666735369342681016237814
0.0009692666735369342681016237814
0.0009692666735369342681016237814
0.0009702945827254173631516609488
0.0009702945827254173631516609488
0.0009680526729301676786527721382
0.0009680526729301676786527721382
0.0009680526729301676786527721382
0.0009684114664105636356703501492
0.0009684114664105636356703501492
0.0009657486783316528727334906947
0.0009657486783316528727334906947
0.0009657486783316528727334906947
0.0009662487728026230254180420165
0.0009662487728026230254180420165
0.0009662487728026230254180420165
0.0009643218266774894275030729977
0.0009643218266774894275030729977
0.0009615296485181598317706886402
0.0009615296485181598317706886402
0.0009615296485181598317706886402
0.0009587541178040917660641722088
0.0009587541178040917660641722088
0.0009596893670829390504412307246
0.0009596893670829390504412307246
0.0009596893670829390504412307246
0.0009597728267933839040824361119
0.0009597728267933839040824361119
0.0009624895866174228246090960125
0.0009624895866174228246090960125
0.0009624895866174228246090960125
0.0009645239448953781403790310390
0.0009645239448953781403790310390
0.0009645239448953781403790310390
0.0009672327764956044882990162205
0.0009672327764956044882990162205
0.0009673467064827089411645963441
0.0009673467064827089411645963441
0.0009673467064827089411645963441
0.0009683814690403184615621074410
0.0009683814690403184615621074410
0.0009687177650818561044100416000
0.0009687177650818561044100416000
0.0009687177650818561044100416000
0.0009691737894109005683431567164
0.0009691737894109005683431567164
0.0009693609975471347345586696155
0.0009693609975471347345586696155
0.0009693609975471347345586696155
0.0009665051651516145792008546692
0.0009665051651516145792008546692
0.0009668294368700909221338941447
0.0009668294368700909221338941447
0.0009668294368700909221338941447
0.0009671758795282280323992920649
0.0009671758795282280323992920649
0.0009671758795282280323992920649
0.0009645649727177274421823485833
0.0009645649727177274421823485833
0.0009622900408673552257022684830
0.0009622900408673552257022684830
0.0009622900408673552257022684830
0.0009598890697281863123376579683
0.0009598890697281863123376579683
0.0009654725534658273290370061167
0.0009654725534658273290370061167
0.0009654725534658273290370061167
0.0009660116139114272666630590858
0.0009660116139114272666630590858
0.0009684868533283053075832234646
0.0009684868533283053075832234646
0.0009684868533283053075832234646
0.0009673522723671412999186226792
0.0009673522723671412999186226792
0.0009672776959566612642724211911
0.0009672776959566612642724211911
0.0009672776959566612642724211911
0.0009654440542349937086840430214
0.0009654440542349937086840430214
0.0009654440542349937086840430214
0.0009685011289868917432338478777
0.0009685011289868917432338478777
0.0009720075457959965905916148854
0.0009720075457959965905916148854
0.0009720075457959965905916148854
0.0009727797075082888793217021580
0.0009727797075082888793217021580
0.0009733605260627670752851830177
0.0009733605260627670752851830177
0.0009733605260627670752851830177
0.0009708556224221674148201787572
0.0009708556224221674148201787572
0.0009689723239256698764802649693
0.0009689723239256698764802649693
0.0009689723239256698764802649693
0.0009691218119727428873298227214
0.0009691218119727428873298227214
0.0009691218119727428873298227214
0.0009665198508227710106402485298
0.0009665198508227710106402485298
0.0009647576698808162896494512899
0.0009647576698808162896494512899
0.0009647576698808162896494512899
0.0009648847568169144571339521856
0.0009648847568169144571339521856
0.0009628566818812279977825355000
0.0009628566818812279977825355000
0.0009628566818812279977825355000
0.0009685566562973309792320231605
0.0009685566562973309792320231605
0.0009662663016917444550371562691
0.0009662663016917444550371562691
0.0009662663016917444550371562691
0.0009640654445330567696921257491
0.0009640654445330567696921257491
0.0009640654445330567696921257491
0.0009644412573456936975260734572
0.0009644412573456936975260734572
0.0009641168819869124195079524223
0.0009641168819869124195079524223
0.0009641168819869124195079524223
0.0009616102564670727130977036214
0.0009616102564670727130977036214
0.0009622025603397752347349597733
0.0009622025603397752347349597733
0.0009622025603397752347349597733
0.0009598710257307026606383840192
0.0009598710257307026606383840192
0.0009603054114968921425896178450
0.0009603054114968921425896178450
0.0009603054114968921425896178450
0.0009637658263151306513922956835
0.0009637658263151306513922956835
0.0009637658263151306513922956835
0.0009652286837980334554181617257
0.0009652286837980334554181617257
0.0009651180773499265882899674509
0.0009651180773499265882899674509
0.0009651180773499265882899674509
0.0009653381291479302581691491983
0.0009653381291479302581691491983
0.0009659901219527500731588729914
0.0009659901219527500731588729914
0.0009659901219527500731588729914
0.0009637391501779232228391712415
0.0009637391501779232228391712415
0.0009616410570774008450876390803
0.0009616410570774008450876390803
0.0009616410570774008450876390803
0.0009595085037451457675135963250
0.0009595085037451457675135963250
0.0009597174313410019985081956328
0.0009597174313410019985081956328
0.0009597174313410019985081956328
0.0009579010785671016054859506853
0.0009579010785671016054859506853
0.0009579010785671016054859506853
0.0009587107575204928482214925712
0.0009587107575204928482214925712
0.0009596064340399653085003002078
0.0009596064340399653085003002078
0.0009596064340399653085003002078
0.0009575110777463841105235415498
0.0009575110777463841105235415498
0.0009608113705194234934483244133
0.0009608113705194234934483244133
0.0009608113705194234934483244133
0.0009658290472824820257871821770
0.0009658290472824820257871821770
0.0009636348845921694019098866981
0.0009636348845921694019098866981
0.0009636348845921694019098866981
0.0009618292480219572599813928445
0.0009618292480219572599813928445
0.0009622177986792085392262441002
0.0009622177986792085392262441002
0.0009622177986792085392262441002
0.0009624060676020849925257308345
0.0009624060676020849925257308345
0.0009624060676020849925257308345
0.0009607366128772620193470413622
0.0009607366128772620193470413622
0.0009591510289556705271829364713
0.0009591510289556705271829364713
0.0009591510289556705271829364713
0.0009571105691066608684095433414
0.0009571105691066608684095433414
0.0009577264065811809813015721554
0.0009577264065811809813015721554
0.0009577264065811809813015721554
0.0009559500625597065803602207568
0.0009559500625597065803602207568
0.0009558095265729955619898868669
0.0009537891417560140285577553958
0.0009537891417560140285577553958
0.0009524722579011250808297100601
0.0009524722579011250808297100601
0.0009524722579011250808297100601
0.0009502751024764580370195400250
0.0009502751024764580370195400250
0.0009481116460694551125434102445
0.0009481116460694551125434102445
0.0009481116460694551125434102445
0.0009460582628515657723258764415
0.0009460582628515657723258764415
0.0009487407781706946934384144170
0.0009487407781706946934384144170
0.0009487407781706946934384144170
0.0009489836601136010073232974681
0.0009489836601136010073232974681
0.0009561952542656776288469712862
0.0009561952542656776288469712862
0.0009561952542656776288469712862
0.0009542907369703037008444587364
0.0009542907369703037008444587364
0.0009542907369703037008444587364
0.0009544296064914934892574795192
0.0009544296064914934892574795192
0.0009548950687638831060512636942
0.0009548950687638831060512636942
0.0009548950687638831060512636942
0.0009572170173882622062137494770
0.0009572170173882622062137494770
0.0009551168174598858072002232012
0.0009551168174598858072002232012
0.0009551168174598858072002232012
0.0009585530073804907785094869100
0.0009585530073804907785094869100
0.0009641341342441490888576586624
0.0009641341342441490888576586624
0.0009641341342441490888576586624
0.0009637971023996835353190308429
0.0009637971023996835353190308429
0.0009637971023996835353190308429
0.0009618299254547663536600019984
0.0009618299254547663536600019984
0.0009602121141250530750492020336
0.0009602121141250530750492020336
0.0009602121141250530750492020336
0.0009589067202482711970762249987
0.0009589067202482711970762249987
0.0009594763501889689615119102337
0.0009594763501889689615119102337
0.0009594763501889689615119102337
0.0009578376434526593098833327897
0.0009578376434526593098833327897
0.0009579998001195238075060695488
0.0009579998001195238075060695488
0.0009579998001195238075060695488
0.0009559081109979899580766471302
0.0009559081109979899580766471302
0.0009566301995910926333728842684
0.0009566301995910926333728842684
0.0009566301995910926333728842684
0.0009574635373806349875290710644
0.0009574635373806349875290710644
0.0009574635373806349875290710644
0.0009581821460590440487580631183
0.0009581821460590440487580631183
0.0009562098638243257708555363572
0.0009562098638243257708555363572
0.0009562098638243257708555363572
0.0009564542758478786936371225054
0.0009564542758478786936371225054
0.0009549029155885793638127705486
0.0009549029155885793638127705486
0.0009549029155885793638127705486
0.0009548803533513927498721767383
0.0009548803533513927498721767383
0.0009527587274380165019061427405
0.0009527587274380165019061427405
0.0009527587274380165019061427405
0.0009581893260876031473478422070
0.0009581893260876031473478422070
0.0009563141057829206902058943641
0.0009563141057829206902058943641
0.0009563141057829206902058943641
0.0009571259127283121777628721608
0.0009571259127283121777628721608
0.0009571259127283121777628721608
0.0009551457457900899660922562457
0.0009551457457900899660922562457
0.0009533795338040684314517627984
0.0009533795338040684314517627984
0.0009533795338040684314517627984
0.0009513257104629799801882317423
0.0009513257104629799801882317423
0.0009514686029382461009017111330
0.0009514686029382461009017111330
0.0009514686029382461009017111330
0.0009493407812082598131922727355
0.0009493407812082598131922727355
0.0009492562479073582633463839279
0.0009491222567586224367345665731
0.0009491222567586224367345665731
0.0009522988293193274229661770354
0.0009522988293193274229661770354
0.0009522988293193274229661770354
0.0009528522544935730848726005198
0.0009528522544935730848726005198
0.0009509607685432051408121472094
0.0009509607685432051408121472094
0.0009509607685432051408121472094
0.0009488526325854797795079369909
0.0009488526325854797795079369909
0.0009487776128505081916689139582
0.0009487776128505081916689139582
0.0009487776128505081916689139582
0.0009466481375978667730864184353
0.0009466481375978667730864184353
0.0009449621470703377549107539715
0.0009449621470703377549107539715
0.0009449621470703377549107539715
0.0009450588587575980672361628928
0.0009450588587575980672361628928
0.0009450588587575980672361628928
0.0009433030717633851063820766317
0.0009433030717633851063820766317
0.0009458279089181641947101666761
0.0009458279089181641947101666761
0.0009458279089181641947101666761
0.0009461085505121864395665754062
0.0009461085505121864395665754062
0.0009444031618168921835548754226
0.0009444031618168921835548754226
0.0009444031618168921835548754226
0.0009446842677610368521699187960
0.0009446842677610368521699187960
0.0009435556653360740281715556496
0.0009435556653360740281715556496
0.0009435556653360740281715556496
0.0009421858592359759689596117846
0.0009421858592359759689596117846
0.0009421858592359759689596117846
0.0009410450291320694379301622121
0.0009410450291320694379301622121
0.0009439244320150750848675891173
0.0009439244320150750848675891173
0.0009439244320150750848675891173
0.0009441506159054075272293684440
0.0009441506159054075272293684440
0.0009428457241144652115405911854
0.0009428457241144652115405911854
0.0009428457241144652115405911854
0.0009428866045819811321491254099
0.0009428866045819811321491254099
0.0009454515353163707415772053285
0.0009454515353163707415772053285
0.0009454515353163707415772053285
0.0009441630186683739681600572247
0.0009441630186683739681600572247
0.0009447081755211401009549298166
0.0009447081755211401009549298166
0.0009447081755211401009549298166
0.0009430930929026737873335964968
0.0009430930929026737873335964968
0.0009430930929026737873335964968
0.0009416677439226533826138407695
0.0009416677439226533826138407695
0.0009405416670132867888556467469
0.0009405416670132867888556467469
0.0009405416670132867888556467469
0.0009449603725914808037655847091
0.0009449603725914808037655847091
0.0009450913656636396311418456539
0.0009450913656636396311418456539
0.0009450913656636396311418456539
0.0009460415409989277195727884008
0.0009460415409989277195727884008
0.0009453542568082320777400928989
0.0009453542568082320777400928989
0.0009453542568082320777400928989
0.0009473271799643677309520358556
0.0009473271799643677309520358556
0.0009476013140321129415258079315
0.0009476013140321129415258079315
0.0009476013140321129415258079315
0.0009480219070954241339383978953
0.0009480219070954241339383978953
0.0009480219070954241339383978953
0.0009459285490710731594161571364
0.0009459285490710731594161571364
0.0009442804654661346421327849088
0.0009442804654661346421327849088
0.0009442804654661346421327849088
0.0009447080388741276014657753887
0.0009447080388741276014657753887
0.0009448780362636671365501245764
0.0009448780362636671365501245764
0.0009448780362636671365501245764
0.0009453451383357529243226369242
0.0009453451383357529243226369242
0.0009453451383357529243226369242
0.0009463572557304368441910653641
0.0009463572557304368441910653641
0.0009449575968225226439754774862
0.0009449575968225226439754774862
0.0009449575968225226439754774862
0.0009435923054006134145458986405
0.0009435923054006134145458986405
0.0009419874488873397226507030919
0.0009419874488873397226507030919
0.0009419874488873397226507030919
0.0009405659710039273020661139090
0.0009405659710039273020661139090
0.0009406058477804849161177227627
0.0009406058477804849161177227627
0.0009406058477804849161177227627
0.0009409656034413248835636369246
0.0009409656034413248835636369246
0.0009411927468540105133188054057
0.0009411927468540105133188054057
0.0009411927468540105133188054057
0.0009414320540375604635567421994
0.0009414320540375604635567421994
0.0009414320540375604635567421994
0.0009396460828424456699084809882
0.0009396460828424456699084809882
0.0009399761952111482749261015062
0.0009399761952111482749261015062
0.0009399761952111482749261015062
0.0009386457445768941047437743034
0.0009386457445768941047437743034
0.0009389416371340570609650943649
0.0009389416371340570609650943649
0.0009389416371340570609650943649
0.0009393346609041903099468992129
0.0009393346609041903099468992129
0.0009398980178155459493253653379
0.0009398980178155459493253653379
0.0009398980178155459493253653379
0.0009383660049611541877422106319
0.0009383660049611541877422106319
0.0009383660049611541877422106319
