0.6902695812610516688078280888
0.6902695812610516688078280888
0.4867358615914310010103387908
0.4867358615914310010103387908
0.4867358615914310010103387908
0.4224769367701366677122892754
0.4224769367701366677122892754
0.3636268928211634944829704606
0.3636268928211634944829704606
0.3636268928211634944829704606
0.3837911343571916072392425480
0.3837911343571916072392425480
0.4569630536080955019337950508
0.4569630536080955019337950508
0.4569630536080955019337950508
0.4571752678846897922910651858
0.4571752678846897922910651858
0.4918045553680753369901950949
0.4918045553680753369901950949
0.4918045553680753369901950949
0.5130320935263946424436876545
0.5130320935263946424436876545
0.5130320935263946424436876545
0.5621514471033976683574768215
0.5621514471033976683574768215
0.5506121846096341551331255118
0.5506121846096341551331255118
0.5506121846096341551331255118
0.5800218191196340130551029711
0.5800218191196340130551029711
0.5902493628239565176337579788
0.5902493628239565176337579788
0.5902493628239565176337579788
0.5756631237777324646425251428
0.5756631237777324646425251428
0.5783987062548118435833429350
0.5783987062548118435833429350
0.5783987062548118435833429350
0.5928888134943698681634116116
0.5928888134943698681634116116
0.6011584775365595350478502853
0.6011584775365595350478502853
0.6011584775365595350478502853
0.5966684822879585385916595331
0.5966684822879585385916595331
0.5966684822879585385916595331
0.5799521989432724972135574158
0.5799521989432724972135574158
0.5683908753882623763711487399
0.5683908753882623763711487399
0.5683908753882623763711487399
0.5495745029176441499387340019
0.5495745029176441499387340019
0.5890583624697108081401072398
0.5890583624697108081401072398
0.5890583624697108081401072398
0.5938544472632998204902289189
0.5938544472632998204902289189
0.5938544472632998204902289189
0.5843683792466181297146951338
0.5843683792466181297146951338
0.5826538700585199302087935655
0.5826538700585199302087935655
0.5826538700585199302087935655
0.5745414754984505032529694202
0.5745414754984505032529694202
0.5806086391033695358457269243
0.5806086391033695358457269243
0.5806086391033695358457269243
0.5885911263306920693785892267
0.5885911263306920693785892267
0.5890027157514706072776056432
0.5890027157514706072776056432
0.5890027157514706072776056432
0.5874712759489950329955704942
0.5874712759489950329955704942
0.5779589248993540281699311992
0.5779589248993540281699311992
0.5779589248993540281699311992
0.5798280917783515021739892824
0.5798280917783515021739892824
0.5798280917783515021739892824
0.5783046350106739761679874658
0.5783046350106739761679874658
0.5700108865598403928350787008
0.5700108865598403928350787008
0.5700108865598403928350787008
0.5644516984421003053966425766
0.5644516984421003053966425766
0.5569272590187358779240595464
0.5569272590187358779240595464
0.5569272590187358779240595464
0.5609482274535076312683806297
0.5609482274535076312683806297
0.5564115819669746511365779084
0.5564115819669746511365779084
0.5564115819669746511365779084
0.5518441984589758417373473023
0.5518441984589758417373473023
0.5518441984589758417373473023
0.5588219896205849826926937952
0.5588219896205849826926937952
0.5674482976515805878625014638
0.5674482976515805878625014638
0.5674482976515805878625014638
0.5687501075595427754082251949
0.5687501075595427754082251949
0.5742855668770113688228792684
0.5742855668770113688228792684
0.5742855668770113688228792684
0.5698991217437083891664903373
0.5698991217437083891664903373
0.5637642389665368910257949499
0.5637642389665368910257949499
0.5637642389665368910257949499
0.5628580224467894638451443337
0.5628580224467894638451443337
0.5626277776926099406344458968
0.5626277776926099406344458968
0.5626277776926099406344458968
0.5631463784161997612222503981
0.5631463784161997612222503981
0.5631463784161997612222503981
0.5681286724603973818092702411
0.5681286724603973818092702411
0.5689618755145424202183431143
0.5689618755145424202183431143
0.5689618755145424202183431143
0.5634454965370234902451723755
0.5634454965370234902451723755
0.5615939986466756658098821461
0.5615939986466756658098821461
0.5615939986466756658098821461
0.5562141078920182991727876474
0.5562141078920182991727876474
0.5621088735250328456276951946
0.5621088735250328456276951946
0.5621088735250328456276951946
0.5600410269395046213684656701
0.5600410269395046213684656701
0.5600255546800296135941364173
0.5600255546800296135941364173
0.5600255546800296135941364173
0.5584094542602586997534847671
0.5584094542602586997534847671
0.5584094542602586997534847671
0.5607445205000902064801131700
0.5607445205000902064801131700
0.5625152701056396797262637900
0.5625152701056396797262637900
0.5625152701056396797262637900
0.5619979523307605427436707637
0.5619979523307605427436707637
0.5574975844289620799352187198
0.5574975844289620799352187198
0.5574975844289620799352187198
0.5528366010329841242732450344
0.5528366010329841242732450344
0.5553916319514145964858114203
0.5553916319514145964858114203
0.5553916319514145964858114203
0.5508071904814902861897208073
0.5508071904814902861897208073
0.5508071904814902861897208073
0.5474694235992976630767300250
0.5474694235992976630767300250
0.5454558739077798023705058957
0.5454558739077798023705058957
0.5454558739077798023705058957
0.5476766764261989439277281490
0.5476766764261989439277281490
0.5489438432094391325054509471
0.5489438432094391325054509471
0.5489438432094391325054509471
0.5466912664163891470160541340
0.5466912664163891470160541340
0.5490743637369896676380678590
0.5490743637369896676380678590
0.5490743637369896676380678590
0.5485271790444331518625062744
0.5485271790444331518625062744
0.5485271790444331518625062744
0.5509872670259890047353981936
0.5509872670259890047353981936
0.5531166515036667191858939835
0.5531166515036667191858939835
0.5531166515036667191858939835
0.5520241757705405723120636896
0.5520241757705405723120636896
0.5542941357016096527047183126
0.5542941357016096527047183126
0.5542941357016096527047183126
0.5496771014814683375662338745
0.5496771014814683375662338745
0.5483024758915331773227301394
0.5483024758915331773227301394
0.5483024758915331773227301394
0.5492626834036547918278987718
0.5492626834036547918278987718
0.5492626834036547918278987718
0.5485422285691642689622731849
0.5485422285691642689622731849
0.5469848685388593051665575932
0.5469848685388593051665575932
0.5469848685388593051665575932
0.5453166926719487193201496654
0.5453166926719487193201496654
0.5458009366639446679786701406
0.5458009366639446679786701406
0.5458009366639446679786701406
0.5425760251705295180659186553
0.5425760251705295180659186553
0.5400233782554651383547183462
0.5400233782554651383547183462
0.5400233782554651383547183462
0.5407192572414720107029784537
0.5407192572414720107029784537
0.5409154550789310083057430026
0.5409154550789310083057430026
0.5409154550789310083057430026
0.5401180225274070214872204221
0.5401180225274070214872204221
0.5401180225274070214872204221
0.5395353740133743255848223356
0.5395353740133743255848223356
0.5356900911227225740828661818
0.5356900911227225740828661818
0.5356900911227225740828661818
0.5340290098906607050948025976
0.5340290098906607050948025976
0.5357284308520417081507625186
0.5357284308520417081507625186
0.5357284308520417081507625186
0.5330783515225563508041700545
0.5330783515225563508041700545
0.5341231884483284358784457009
0.5341231884483284358784457009
0.5341231884483284358784457009
0.5386836506030521419463467247
0.5386836506030521419463467247
0.5414954897348097445248576649
0.5414954897348097445248576649
0.5414954897348097445248576649
0.5401524535202416289747128298
0.5401524535202416289747128298
0.5401524535202416289747128298
0.5385853096798478201457430610
0.5385853096798478201457430610
0.5398949638308839070837928281
0.5398949638308839070837928281
0.5398949638308839070837928281
0.5399476182884354361379640762
0.5399476182884354361379640762
0.5369336547210586512070701655
0.5369336547210586512070701655
0.5369336547210586512070701655
0.5365185134553895470646536186
0.5365185134553895470646536186
0.5365185134553895470646536186
0.5402136369179565711302374232
0.5402136369179565711302374232
0.5401455566498020152161443917
0.5401455566498020152161443917
0.5401455566498020152161443917
0.5429140435879431246498754685
0.5429140435879431246498754685
0.5421401744106741984274740659
0.5421401744106741984274740659
0.5421401744106741984274740659
0.5445887107156817452793526886
0.5445887107156817452793526886
0.5502356323008518913714369123
0.5502356323008518913714369123
0.5502356323008518913714369123
0.5476838713346437649633828710
0.5476838713346437649633828710
0.5440990520021463360901709371
0.5440990520021463360901709371
0.5440990520021463360901709371
0.5470369474655244029421994465
0.5470369474655244029421994465
0.5470369474655244029421994465
0.5485836017853167992700212710
0.5485836017853167992700212710
0.5478989202224781320054384757
0.5478989202224781320054384757
0.5478989202224781320054384757
0.5501615717384797539973675108
0.5501615717384797539973675108
0.5501008204215863771359235832
0.5501008204215863771359235832
0.5501008204215863771359235832
0.5516234624734383551409011404
0.5516234624734383551409011404
0.5503308317427597806021420546
0.5503308317427597806021420546
0.5503308317427597806021420546
0.5508600682073395957182682212
0.5508600682073395957182682212
0.5508600682073395957182682212
0.5487104079925251455290268704
0.5487104079925251455290268704
0.5488811936467577202748530338
0.5488811936467577202748530338
0.5488811936467577202748530338
0.5496022905027995407946427441
0.5496022905027995407946427441
0.5484276753351838485859174895
0.5484276753351838485859174895
0.5484276753351838485859174895
0.5450940516961246908123460485
0.5450940516961246908123460485
0.5468166820065067806553095443
0.5468166820065067806553095443
0.5468166820065067806553095443
0.5489081694736952125880070829
0.5489081694736952125880070829
0.5502329458106976794103953869
0.5502329458106976794103953869
0.5502329458106976794103953869
0.5492647855998494697075334034
0.5492647855998494697075334034
0.5492647855998494697075334034
0.5490411852968721719982795671
0.5490411852968721719982795671
0.5523185906490727449831403712
0.5523185906490727449831403712
0.5523185906490727449831403712
0.5502934941390457742349336726
0.5502934941390457742349336726
0.5499881468855549373119815979
0.5499881468855549373119815979
0.5499881468855549373119815979
0.5505099640248777177489699236
0.5505099640248777177489699236
0.5496458644671914501923984454
0.5496458644671914501923984454
0.5496458644671914501923984454
0.5511302596766346137673468839
0.5511302596766346137673468839
0.5528378050287971719429170138
0.5528378050287971719429170138
0.5528378050287971719429170138
0.5507246069590568390423550564
0.5507246069590568390423550564
0.5507246069590568390423550564
0.5518416995259296360148681960
0.5518416995259296360148681960
0.5529803853429738041847085444
0.5529803853429738041847085444
0.5529803853429738041847085444
0.5511037955233489113331060779
0.5511037955233489113331060779
0.5539884695660608443783281659
0.5539884695660608443783281659
0.5539884695660608443783281659
0.5524231801903560732333789039
0.5524231801903560732333789039
0.5524231801903560732333789039
0.5505115211235900216931869289
0.5505115211235900216931869289
0.5498898347036792004083610059
0.5498898347036792004083610059
0.5498898347036792004083610059
0.5515520834383096777510680211
0.5515520834383096777510680211
0.5527151955233607459429717851
0.5527151955233607459429717851
0.5527151955233607459429717851
0.5516861187014067029547017617
0.5516861187014067029547017617
0.5537547772177715171871821468
0.5537547772177715171871821468
0.5537547772177715171871821468
0.5536869258606319072559003145
0.5536869258606319072559003145
0.5557295382649179945097558822
0.5557295382649179945097558822
0.5557295382649179945097558822
0.5556351653569011701360334790
0.5556351653569011701360334790
0.5556351653569011701360334790
0.5549231475755271434414762102
0.5549231475755271434414762102
0.5529372877245477274965917495
0.5529372877245477274965917495
0.5529372877245477274965917495
0.5518550211381284279844385801
0.5518550211381284279844385801
0.5504170714980367421497019572
0.5504170714980367421497019572
0.5504170714980367421497019572
0.5521861436866100231499342886
0.5521861436866100231499342886
0.5517292650134666268889914207
0.5517292650134666268889914207
0.5517292650134666268889914207
0.5508138707613591223152587612
0.5508138707613591223152587612
0.5508138707613591223152587612
