0.000009153922607387927242365138120
0.000005347604814668674824199556226
0.000005601958738365827109466721348
0.000005261564306498188113650739302
0.000005217891931131178649655393105
0.000005090074260933125403812287102
0.000005248447932096993801156342243
0.000005178844795229387204244334571
0.000005103778859107307437847830161
0.000005106310120264297452604817998
0.000005117472409066764984032851449
0.000005093348234834912133115732183
0.000005118984378471863023402228799
0.000005084403119101167178083746727
0.0002209829776356670496723768530
0.0002066082348648495904699160491
0.0003829089489719987786121388307
0.0003607156599853604042062110703
0.0003410021723659903539343551010
0.0003233289926546582684072445860
0.0003074131008351200258523853894
0.0002929992198070993864232061957
0.0002799242085466251822538498506
0.0002679842906325858389764976069
0.0002570364527334188714068823684
0.0002469321114997798191302629001
0.0003538654032926576255663795434
0.0003409132716290768556406105064
0.0003289251803433938430430551317
0.0004220098632951997987093941903
0.0004081183868864685957417086085
0.0003951169396196930681724783660
0.0003829449830724112814251684511
0.0004631097159597955614589320975
0.0004496301332947248251108967686
0.0005233305002330779220297985441
0.0005929029236047021815989868128
0.0005770238446154816730525216482
0.0006415229146763220751364754525
0.0006252303606349373264133160700
0.0006097224906677412939505630152
0.0005949810552923531280891042304
0.0005809380671709182386655082578
0.0006378525019609431139804197126
0.0006234694028430908490914466180
0.0006097193043047206238422229465
0.0005965649174451800355171288950
0.0006483195237307467499270954750
0.0006349205553235289005902118525
0.0006837700899660185680533236825
0.0006702054235492222265883502330
0.0006571600427048597351242717106
0.0006446268718632597637714363044
0.0006325717375421307308990199504
0.0006209443669179613872364424666
0.0006647342072838403735233608860
0.0006529559713797034690605241287
0.0006946320309941902465647463382
0.0006827539447632282921696158369
0.0006712722344705452948281865591
0.0006601777593328011872100284318
0.0006494469772283908541126741577
0.0006390563922462895043906113353
0.0006290085215098600146935251224
0.0007137403002063479652180282643
0.0007028428001227813894541310543
0.0006922715564416959098778827878
0.0006820076310630540699142383877
0.0006720522699239303704922408565
0.0006623841012782292213108801216
0.0006529934354085104981320673187
0.0006438698351039010598022666313
0.0006350101128857793578107262116
0.0006263852605764335815155004199
0.0006179798761320320722276063747
0.0006098059269823043371161394979
0.0006018422371875499795798562323
0.0005940936899011418691159836584
0.0005865520102486928327710130438
0.0005791977622447729089545941714
0.0005720193377594726100120301171
0.0005650113566377050363557166046
0.0005581943739129455172187745440
0.0005879562175709636047270105270
0.0005810273140678640526258922524
0.0005742495796904576300013800566
0.0005676250027121019000173488548
0.0006306697361097224753989808940
0.0006235652185407397169044651411
0.0006505802822963145840523699973
0.0006770072803936185808222032335
0.0007028495107923056070013963516
0.0007281457931598810192787450283
0.0007203722290367342216853245130
0.0007127523604733010558305880400
0.0007052977076929866858859775835
0.0006979983443833517592609952785
0.0006908522993028997318369689667
0.0006838498536667527372770763953
0.0006770012269360666353181971440
0.0006702822378720885773117525169
0.0006637044406489680344270228824
0.0006868958235737064287893555317
0.0006802773614311251947875151478
0.0007028546586363694764515999964
0.0007250036952901916478505957328
0.0007182147694358853613491490923
0.0007115501613443149019354831851
0.0007050072644973449434688096489
0.0006985844107971151512164085615
0.0006922766620224555173363786264
0.0007133320948642688380637071179
0.0007340069990705055036761959132
0.0007275597304825311482504756386
0.0007212135220517015036100660211
0.0007149919961821516397698577745
0.0007349370394366435371234429865
0.0007545403898326585054490449799
0.0007482000524958711750952977794
0.0007419531856594937749675009050
0.0007862162841143842161808406285
0.0007797713642063675000577265110
0.0007734193362091851174713825230
0.0007671728173704429568704809220
0.0007610315633676561149279879715
0.0007791716587093673163150387552
0.0007730282044165405085789395827
0.0007669807701318349303929370963
0.0007610335408624606254176870683
0.0007551756709184532317502454324
0.0007494058030612578863725978495
0.0007437184284577658163252896650
0.0007610291593073911283151350466
0.0007553433574345076819288511157
0.0007497451431404768911170274920
0.0007442225645577286488055691638
0.0007387904543355237746823918550
0.0007334336312885630326590918707
0.0007281531105450080203693788870
0.0007229518550134007260128994914
0.0007394276800239669442540655003
0.0007556659256081448152350085795
0.0007503795200341808226425586163
0.0007451676855508719251862922124
0.0007400307766881987127462615075
0.0007349596667587391695785391980
0.0007299592713065247773970923820
0.0007661689711558493002182372811
0.0007610273887032585928693387102
0.0007965346021226465730745646252
0.0007912595103371710249854375848
0.0007860494335118991726078198431
0.0008008095315561527078621870081
0.0008153725118942038243263876270
0.0008101144879223722185185544698
0.0008244230477121303339849893594
0.0008191703111327504714490223114
0.0008139862332158828766991843156
0.0008088677722508659923500548440
0.0008038119641136758561474212295
0.0007988142003805878630696771771
0.0007938768112611777231181530420
0.0007890055324437757995185934350
0.0008213000225905978329496102460
0.0008163225432006812651798035522
0.0008480572881020451561350655106
0.0008429824555120434960387655244
0.0008379683945895792395200473900
0.0008330143962345779984499809113
0.0008281154005013455119288595988
0.0008232740363309356007801058350
0.0008184898281161606301280557371
0.0008489245919096756558343408029
0.0008440500738964526986413807317
0.0008739838017220869580760722165
0.0008862995664558782611406778658
0.0009156539480226450781368872979
0.0009105096593122331482229019310
0.0009394008010850760907099410067
0.0009341791276256679952252969410
0.0009626167688363098173125894973
0.0009740331239856577804695307226
0.0009687102380102397430630152964
0.0009634445415880812013773963915
0.0009582380670419217128497495642
0.0009694327472359444309176831998
0.0009642490766179454133210318338
0.0009591232047970639321523890263
0.0009701350342997091269802200564
0.0009650275023350302848861104137
0.0009599742748633297675963753845
0.0009549801256560430345387981891
0.0009500337065732426940822582678
0.0009451375943374832429411749536
0.0009402901920924381897148082042
0.0009354905043639507865804317168
0.0009461664591980438809958295521
0.0009720889041454795933252192198
0.0009672031919440583198376507136
0.0009623684193878032348056839867
0.0009575829071679437286048852817
0.0009678897717841662672875416601
0.0009780920012820635990191507495
0.0009881917925484772475181660288
0.0009833726346071376025071467060
0.0009785987036479180116593351934
0.0009885494009415836502482571239
0.0009837987969214659056813623245
0.0009790965078870236720591710504
0.0009889050631757603820978675652
0.0009842219341364204219930823761
0.0009795823252962243003908725321
0.0009749851886579302790344084406
0.0009704303575623931670967055744
0.0009659206580747239069291613369
0.0009895836317584228360003883294
0.0009850257485029830423587360631
0.0009944428622004185643042627985
0.0009899011435269195405454586212
0.0009854029899267885399409670851
0.0009809498875329876002221906300
0.0009902184189911977758502077648
0.0009857829176195511362223749872
0.0009813806280305036261002697570
0.0009770172338543487799372021945
0.0009861382477286966526259133016
0.0009817957075966780045432736976
0.0009908126195543511141197204722
0.0009864956471658537587158442362
0.0009954144890256482661195957273
0.001004255381584555762823751607
0.0009999291469246981813801805550
0.0009956493918735020038829164256
0.0009913972252462488675802716643
0.0009871850417128248763316602679
0.0009958728551738378332868014689
0.0009916772824045622102156502771
0.0009875140243297240392141978988
0.0009833880576819085092073165081
0.0009919466513613080060616226848
0.0009878362161184984524663175455
0.0009837598908833187746485411112
0.0009922112174901687562860489963
0.0009881504375622149743535512308
0.0009841199405210048077882596320
0.0009801246769694994075734728485
0.0009761618036730106471784292179
0.0009844747761002662300681463803
0.0009805274275137399789434300911
0.0009766125179210545764441289655
0.0009727285601881312182797906100
0.0009809220080528143889454351592
0.0009890500673058820584530663005
0.0009971120664039443739877768400
0.001005114236708948224216224475
0.001024909668977681814062541410
0.001020925224405267723967056379
0.001016972854243681907620513948
0.001013055378586066677083426922
0.001020838646240586383558042015
0.001040194695060186762406940732
0.001059399622107302440224652765
0.001055378627723041852452371987
0.001051384033970150988431344325
0.001047418661674659956182605162
0.001043487705288027291105640537
0.001039584927258250508832036494
0.001047034953752353860890476266
0.001043145673632328006671553010
0.001039286670294363773769527802
0.001035454555895687512029016816
0.001031650046141526528979960287
0.001050113110024011732951812396
0.001046286131456859720130384780
0.001053524386559336270755006975
0.001049712835357918841986555959
0.001045925918178277177576281982
0.001042167994529462580848617973
0.001038436447026855065233107269
0.001045568858492759236748866268
0.001041853977714318021232004564
0.001048927004837037614446899093
0.001045223119923667639413020173
0.001052232359856322274524203329
0.001048545819601184338304997224
0.001044886343415274824701988858
0.001041249667349277645473406012
0.001037642159498290574800900256
0.001034055253539481172476814329
0.001040958252449505835564789999
0.001037387804622230153844280444
0.001044232225089383607705446271
0.001040672512885664520163542176
0.001047460214261296973999337914
0.001054199485741998769037561864
0.001050640634759671865882920272
0.001047108921230586170166016459
0.001053784194636684936341696587
0.001060414055286250439423026838
0.001056884783195603028980923965
0.001053376904043589846714290858
0.001059941850494496054572527581
0.001056448897146002245987600148
0.001052978396202930248715462755
0.001049530298984054945530092050
0.001056020449389170386568718844
0.001072350621598775099880448228
0.001078725651929182333219838675
0.001075240945324400455314945348
0.001071776127270927998381286465
0.001078089420436157061291849096
0.001094086465566969466247341225
0.001100289672380779233264342890
0.001096791153003047373276102666
0.001102943397843778306824453649
0.001099458085332679614601737983
0.001095996894453299387953075981
0.001092553750490641779353035750
0.001108154337486356918849316682
0.001114178763203900766612620438
0.001110713369554030477118900281
0.001107271628209323241314718807
0.001103848071214837126582202973
0.001100447696037986227074861062
0.001097068026866415017182123440
0.001093709155307235843431061014
0.001090371170875941238191980153
0.001087057484017135323032300498
0.001083760689439915947203273192
0.001080483100920797113022672574
0.001086386131543760602678200232
0.001083121797136959359915521649
0.001088984628081555321514833439
0.001085728797458424132219128943
0.001091544333991007585273665769
0.001088302392183200773944442984
0.001085079567893086140484501190
0.001090845533435940098319726827
0.001087632630070726635726388944
0.001084438951220041959949311353
0.001081268599106685300324617024
0.001078113387355096227736860891
0.001083817031181575046195872352
0.001080671718899982862908465917
0.001077546822037439328097517395
0.001083200655415831717435237685
0.001097562131485921970313197860
0.001094414784690105793344991226
0.001091284942850262699133183307
0.001096840123659602964016338185
0.001102360160296652861896033398
0.001099234749435635454854354094
0.001104717273940330327451908397
0.001101601597030322219809530112
0.001107046846158012503872881594
0.001103943521170067610621062185
0.001100859001982782779704830544
0.001106260061284117701572989418
0.001103184355426262051319043797
0.001108550633655645366380061282
0.001105485397962684116530384925
0.001102437143673751839041476636
0.001099404971416017953349053138
0.001096390513587668057923640616
0.001101699230368669213439738687
0.001098691493997829720019271055
0.001095704443458163706721912275
0.001092732922528959292773985479
0.001097994622505027408037692282
0.001103227556588419342326024880
0.001108432947911579245016776941
0.001105458662818510964418510874
0.001102498646521906763401847635
0.001107665835034865393402046559
0.001104718751009444877488620288
0.001101785851378162397071188445
0.001098868551815453216020046833
0.001095967941953730757448412772
0.001093080499376117654374476024
0.001090208535172972727137245399
0.001087352890917236210312567488
0.001100386129775639383867723938
0.001097518553996100648398077089
0.001094667146808541812125777412
0.001099703863225771373168804475
0.001096861354914727828445998986
0.001094035235308812736005725925
0.001091221117693192010953162640
0.001088420561894795283260732317
0.001093409695942481892389439160
0.001090619768012344552770431056
0.001087844343896032289806585867
0.001085080745255742098621269101
0.001090024648792015351438579867
0.001094950260497079961429781391
0.001092191182696069439772742737
0.001089448131684930107590905813
0.001094332376294772716351550359
0.001091597356788444200537400592
0.001096454715553172682534140406
0.001101286185920404728924083942
0.001113636027895199482301511924
0.001118401861327589069735737006
0.001115637643467408923477822144
0.001120373570712156402446866157
0.001117619038440705563361867661
0.001114877173321311735538390501
0.001112149905882958505609000900
0.001109434885488491175615926796
0.001106735379025068085659405367
0.001118799503781200677675886102
0.001123448192959991613559961889
0.001120735885313332156816297923
0.001125354272331815800514494389
0.001122645599753061271512330796
0.001127238892585209235834058308
0.001124541132293277371698027736
0.001121856530301519458268676116
0.001126417650481851823063116951
0.001123741165069127734072572382
0.001121077424711952577336652330
0.001118425903420167154881630313
0.001115788683710657577480225517
0.001113164148988654103066607562
0.001117684807289338609274031668
0.001122181051258033529554231310
0.001119561898948295451575549896
0.001131114834887085331575270137
0.001128484938324500556141690374
0.001125866661918469664716954362
0.001123259499068153613813514712
0.001127681067400934982320474649
0.001132080769413289899963436793
0.001129477741317069048829672417
0.001126887341492462687560454057
0.001131260754352302980386009776
0.001135613266725477618283793075
0.001133026768312754003299275466
0.001130453912264731654851801175
0.001127888289025349698712368296
0.001125338491244203129908970042
0.001122797971115856491566552908
0.001127109511440478261091420216
0.001124574396548089804682062077
0.001122050907177645023216802804
0.001119541021469609245385739776
0.001117042390582388515278481054
0.001114555143901426995006670281
0.001125578540753558439478669947
0.001136552885772028127358095631
0.001140759043421185482855994244
0.001138240661500631056735126454
0.001135733422416853279662391933
0.001133238263049122608368833975
0.001137415199021278339012035590
0.001134925500200019059253245419
0.001132447323591053275945159066
0.001129978389627918646769435751
0.001127523034276578441561702645
0.001125077181590442318278987058
0.001122642559196555930381598859
0.001126777536066533488329785629
0.001124350468725557097257801866
0.001121932400029955951112981493
0.001119524556628928724734209227
0.001123631456856824950253588604
0.001121232068928370404239616115
0.001118841878957914722705244762
0.001116463761160225341754441065
0.001114094223262533163622749303
0.001118167234810253318405252271
0.001128644482428152520155509441
0.001126263721853366135352126744
0.001123893116000798202723189871
0.001121532899033508062319684326
0.001119180692746576000995436942
0.001116839522980322906840372660
0.001114507593938129962330340779
0.001112186761973273403770082038
0.001109876192867534655546642049
0.001107573344591355232144745003
0.001105280957124567056465211401
0.001102998716278761558497517511
0.001106985834173595550648877178
0.001104709123512826511590720332
0.001108675896062676228473121717
0.001112626721470840046538683729
0.001110352641045866721588725643
0.001108086942449256630676040535
0.001105832569433814260663211848
0.001115929484454478229158962881
0.001119826423854103816871309982
0.001117559517725391877547617228
0.001115302364775989115478270502
0.001113054164598814382509996493
0.001110814862861012969576285412
0.001108586435798109702015542324
0.001106367896848891166612865707
0.001110226871931661850993807456
0.001114072214284590953870005400
0.001111854733472206611885440771
0.001109645191215135202086788535
0.001107445511433362680209517802
0.001105255157862449629396516860
0.001109072580159131024491922056
0.001106887135879027614561256913
0.001104709786618228087586519383
0.001102540305014760372561809099
0.001100381165245065393191158130
0.001104169945569678121790300643
0.001102015790989055997786541255
0.001105785468902151148716733472
0.001115447560442395422662939578
0.001113282877764096743894934198
0.001111126973550788743049140119
0.001108978553053623148429265587
0.001112701510772115662983146415
0.001110559949554343020122507305
0.001108426095200457162448730760
0.001106299965375921135643917020
0.001104182304655125315585616295
0.001102071954517201365902093300
0.001105764192836467238793968875
0.001103661513497716236184098961
0.001101566335231125964970535074
0.001105238089684149381741021262
0.001103145618923122198623799129
0.001101063520218538614818420462
0.001104715885146625934328467731
0.001108353578190022137987547410
0.001106273217282670950840459375
0.001109894965046372968930999971
0.001113502064852220738620087243
0.001111423458850017006246433677
0.001109352123355507480363437732
0.001107287333553356993195135004
0.001110873233688832215184816446
0.001108814153501048024350192640
0.001106763237980595260406622957
0.001104718404366579201625005465
0.001102681652709725201224964341
0.001100653275865956460801953496
0.001104210538203654563988482142
0.001113326072300371422174508575
0.001116847297919128497653430295
0.001114807648856994448312480464
0.001112774800475378586710344693
0.001116279730737111165787233822
0.001119771869209377260329089389
0.001123249785853660902624057856
0.001121216273113550375469282942
0.001119190572559190184143344428
0.001117171879934673436498976413
0.001115160488025419523543345561
0.001118615789991739705952603537
0.001116612389478352939966939957
0.001120052695956272424455698513
0.001123480321188570483613388085
0.001126895333127148883965830592
0.001124888627389380116374947345
0.001122889905230767489929017684
0.001120896513764809896957341766
0.001124292434053112942377702955
0.001122305909019725734671684656
0.001125687322879063179674246370
0.001123703416564184386223842747
0.001121727814319249338283495895
0.001119758050600484252989136874
0.001123120298854004294330320178
0.001121158274505641415646358728
0.001119200840250800622688594846
0.001117250262224890610038941603
0.001115306024082681953445195557
0.001113369050955405722544414984
0.001111437711034761018863428504
0.001109514043423284469621241950
0.001112846902540319493231439832
0.001110926667104867891415956097
0.001109015134846018824438694828
0.001117553601433600792929045506
0.001120849456877334942370150303
0.001118928352982787228161829344
0.001117015109001079358834779616
0.001115107800293245189252138526
0.001118384643017209720435344597
0.001116481636740751937254289322
0.001114586354599477703792698349
0.001117846871108731525148781370
0.001115956158667645478758655033
0.001119204820261915614712054578
0.001117318600791687398655740546
0.001115437060649597696705409170
0.001118669375376027258974926688
0.001116791594396265381741155844
0.001114919981751590562374511730
0.001113055891238836449709815270
0.001111197441359334348672998207
0.001109346443714394400704934936
0.001107500106107412636009729880
0.001105660544636275096380812388
0.001108867429614889646687651197
0.001107031105247724384000106248
0.001120271134397285121277146318
0.001118421230669985515995625633
0.001116577148861953413836888220
0.001119736461604612222446292884
0.001117896597535839459155872443
0.001116063248098454782815971793
0.001119209021691204818950292580
0.001117379988634137435978493584
0.001115555002023159430358693338
0.001118687360465407057380017808
0.001121808960938131996608123390
0.001119987173691237654570937108
0.001118172015518917160821628228
0.001116362661744315149082896524
0.001114558290590184749219886752
0.001112759768764151171224232506
0.001110967807202926265049640577
0.001114065762927610681390747466
0.001112276737388553213158570519
0.001110494505621315650368615347
0.001108717120994659402475683093
0.001106946176690154412639955291
0.001105180711661505533318136202
0.001108258772575918789519069611
0.001106496025055150076392615602
0.001104739144381128597011686871
0.001102988546562925885754055667
0.001101242438279127645161390571
0.001104303252774609360046413679
0.001107353001065413478158098473
0.001105608999550116276013920177
0.001103870797550013529086375968
0.001102138078855025752452519770
0.001100411910554944883380435009
0.001098689443474080032889443436
0.001096973793294576982145265429
0.001095261170107198711494514220
0.001093555052600231181092398981
0.001091853837656305343005374458
0.001090159501541264064407773182
0.001088469589038516485479132644
0.001086784789446253010243034745
0.001089800462041929144150336714
0.001088118681401803350037207281
0.001086441003120614918329126951
0.001089442799801738810993689999
0.001087770603298014178165108491
0.001086101751509179774950206873
0.001089090356640704224557003081
0.001087425976308601327976009907
0.001090404121637859097163882834
0.001088742300663761379974820026
0.001087085281196649813946103844
0.001090050829021407997423655598
0.001088396308971051125197249557
0.001095952753300357407098431233
0.001098890609266620661190413846
0.001097231318217719578218084361
0.001095576361791391352376420392
0.001093927243785438016156644961
0.001092281863549315268272790496
0.001090642412991572124890827174
0.001089007762350034648091067119
0.001087377890453902737939086721
0.001085752913078087618001957009
0.001088666264996000128933754186
0.001087044634913661360004465865
0.001089948048307787488731526944
0.001088328662731625602406609382
0.001086715076171982968935147491
0.001085107062456803446507697639
0.001087996234820098580457170965
0.001090876562203505222723828871
0.001089266711802803009437825173
0.001087662165415508822128061550
0.001086063305596647307956800127
0.001084469297336958223105495142
0.001082878635918315413510803700
0.001081293975579553893126169607
0.001079714261303616564915499393
0.001078138106242091695064201502
0.001076567370281666835813423940
0.001075000780548821312771083770
0.001073439076698281501775027354
0.001071882593003804827255915310
0.001070330107721322639525224390
0.001068781869348012996556082019
0.001071626447898996753577097371
0.001070081481769800203367630333
0.001068540457110177902016330622
0.001067004151022970601791384901
0.001065471618377196306518576639
0.001063943837187412526554858441
0.001062419064259029961877408511
0.001060900382293822014580509576
0.001059385007360225442315238337
0.001057875991157156919478150446
0.001060696917617521174317437924
0.001059188327820591720860921329
0.001061997506522552009992542925
0.001060490780798985439768858593
0.001058990093634755338765227675
0.001057493019786383529489124325
0.001060288681331799397251640665
0.001058793749759170491450546918
0.001057302658511406202876738271
0.001055816555117577565649620699
0.001054335383271188045017478496
0.001057115530297396092755276166
0.001055636089281836482434136953
0.001054160032468932152558148287
0.001052688336779904826952958009
0.001051220414871956161448345473
0.001049756599318995658051176575
0.001060968471872898125977109303
0.001059495654252245483853687764
0.001058024772165481501501151911
0.001060766388440696466747419703
0.001059299989286721625546753955
0.001057838164418183265163676131
0.001056379628395370700559270618
0.001054924367205793378865227017
0.001053473505367611591403996334
0.001052027908351168637048022205
0.001054750594025299983535236807
0.001053306713728339146409772904
0.001051865919886228198070003761
0.001050430585332414662854998495
0.001053140791400253447537604889
0.001051707890326359374738993585
0.001050278474898468506178310058
0.001048852389268914408454317785
0.001047429566121937878197049998
0.001050124920480089460657804994
0.001052813572616924343116809205
0.001055495301194778687963447418
0.001054071312416309992688204870
0.001056743544003137733055512644
0.001059409463085297473620683266
0.001062067443492255264558366056
0.001068793998882467186496611558
0.001071431412707342124935129568
0.001069998718634217087686724935
0.001072627968949146961473856088
0.001071196162403301919757464319
0.001069768311762496495914918918
0.001068345257896949226379096701
0.001070962919155210909202967182
0.001069541579028739806060493660
0.001068123901954839167368594259
0.001066710482848855107070243905
0.001069317503854669322917968380
0.001071916153148784311242224545
0.001070502963238624657449948840
0.001069093753807200009964373223
0.001067687542006416060283018137
0.001070274749274768749370056978
0.001068872978247117539075267279
0.001067473812137895951203481840
0.001070052063370632398353850989
0.001068653460639119448391538366
0.001075185892295259763734203564
0.001077743300952096801266589749
0.001076340368424532377771824280
0.001074942293842617220899607188
0.001073547029360851651402557925
0.001072155636787235414267957371
0.001070768132143948514817490856
0.001069384794391877037971890686
0.001068004689047832677626072638
0.001066627921761297461204050762
0.001069166532643437181449947276
0.001067793004507464923861219122
0.001070324860230297059547459107
0.001068952317937395981097120850
0.001067583190531596251926469703
0.001066218641531692270748872157
0.001064857815565415692097134599
0.001063498733838480059627484180
0.001062142312091622748810888986
0.001060790647077145883746079443
0.001059443548056110556888754394
0.001058098539766211120653774482
0.001064460528630999188054823378
0.001063112094111720838629000907
0.001061767551554690580581715040
0.001068101709515214321222074808
0.001066754135015546350941086683
0.001069237958514887318373942403
0.001075538764871593613544252360
0.001085643467672344224233990668
0.001084281814791842645095880738
0.001082922463836707015748436434
0.001085370444025469493375962489
0.001084012106409638548531224556
0.001082659532782162465061194548
0.001081309257895440555812852838
0.001079962706370526890511933940
0.001078618949480811688261520349
0.001077277976056387570604711679
0.001075940890048221876822661866
0.001074608018239644347324338766
0.001077040644751582708973511000
0.001075709659781151541998441736
0.001074381522998276308636744635
0.001073056791222879030335728915
0.001079219513933040108336012581
0.001077893208460311334722034631
0.001076568143468619859026214671
0.001078975438070413661942424372
0.001077653769303175810583177802
0.001080054031867047163552874560
0.001078733498382181451659854996
0.001077416543947844391497153174
0.001076101918536061880846994628
0.001074791407392187171601151341
0.001077180972187911951666556380
0.001079564786607140843696659532
0.001078254400515445422475065457
0.001076947875257196456730190805
0.001075644046210491879222124212
0.001074342755860786170805102005
0.001076714106205633968570885926
0.001075414952205710031638723945
0.001074119108705257518509915102
0.001072826841694354168281261502
0.001071537916807593126968162043
0.001077548108020970313060883765
0.001076256159734286259286217819
0.001074966990593404017826338181
0.001073680920086731955645338651
0.001072398376896514710795101717
0.001071118690083855190675417660
0.001073463648758968700065350476
0.001072185201630554298844747202
0.001074523501810177090130257764
0.001073247059596614417193997437
0.001071973659929288256361669827
0.001070703619182976283513968871
0.001069436380814295203106292593
0.001068172696114610725578819755
0.001070498896289976912502799488
0.001069236405018060075051113758
0.001067977010060981402298038555
0.001070295192725357885713175065
0.001069037737558772565932864702
0.001067782708482851823812135863
0.001070092066005408814439850483
0.001068838857067691448667867529
0.001071142621956075646099443406
0.001073440119470134788282984495
0.001072188209249559272317670685
0.001070938415737150923715225678
0.001073228519072357399176686396
0.001071981806242667530423955623
0.001074265774821210660477560815
0.001073019279794356816165616478
0.001071775965977813752136263950
0.001070535584132458793907001779
0.001069297764564264342669419427
0.001068064303535893494223012614
0.001066831897991485224828757573
0.001065603404366658473745676851
0.001064376511286259828000060746
0.001063153584545949302206077020
0.001061932845338971854902526808
0.001060715867895760330140998654
0.001066460937396451572917087847
0.001065239869775843534940509575
0.001064023392336957241016095819
0.001066277094673520968846329112
0.001065061901437549996005320166
0.001063849069893197630731851605
0.001062639010607704504493064507
0.001064884315862247850365050609
0.001063675939914864861446035379
0.001065914845216470719333508199
0.001064707526038373288304645912
0.001070376143131014030871626314
0.001069166708296642074940395078
0.001067960223415922068783877192
0.001066755849320742135895185614
0.001068975246462642856160850974
0.001067773378187023844177040774
0.001066573189713979361656777656
0.001065377048876860619165409561
0.001067588310742420321284306255
0.001069795359956211672914572861
0.001075394671697602858003001677
0.001074193178223768458905042348
0.001072994891777020508438976262
0.001071798776455836160808830345
0.001070605644194342145413647899
0.001069415280391189229211807364
0.001071602189957251600342566821
0.001070412859008457667474575175
0.001069227656018201821347478496
0.001068045037629117329022472757
0.001070224157093398581647745582
0.001069040823094093764869022102
0.001067861431833820999546970801
0.001070033312319522922428871741
0.001072202399875677946150622440
0.001077705538863016546025987018
0.001076521488027353682860848036
0.001078673334122753505719274638
0.001077491531001441631047673450
0.001076313234353404895351333573
0.001081782725542271631069303644
0.001080601099559253885424336371
0.001079422265650927477793656176
0.001078244710586728278228278383
0.001077071134733167405910648720
0.001075900223619603728837839131
0.001074731869170964541407211580
0.001073565064598019865671047281
0.001072401599991469412295086524
0.001074530628172193418063911308
0.001073368245231568554453528821
0.001072208982789177642035783029
0.001071052374124783481451122819
0.001069897438387313427672540246
0.001068744606143989172920213071
0.001067594662133974329692227521
0.001069714890864280921897605316
0.001071828739957357098127750741
0.001070678992930554356454611488
0.001069531989083753647641741116
0.001068387085886479858274537763
0.001067245035588338132017656181
0.001066105632226758987070685638
0.001068209167380913532731500701
0.001067069701707937946745509867
0.001065934141634168239814026633
0.001064800518923414674860111909
0.001063668632354303482038823695
0.001062539158948279029706565926
0.001061412286251118039899603937
0.001060288103315637203879999889
0.001065593662838640403244781934
0.001064468145923757367639402748
0.001063344492951064158132077864
0.001065427120613309153740261170
0.001067505921839005530341381613
0.001066382524023064125070121860
0.001068455261991057048317508060
0.001067334391477255364473587104
0.001066215207905841085973492717
0.001065097320798987305860098563
0.001063982855766246834024861987
0.001062869854398792889056005450
0.001061760053146419269437901482
0.001060652158193075707858424607
0.001059547482357623918747271791
0.001058445021912757977292902318
0.001057344217455205612324081313
0.001056246358453809729792190466
0.001055150502590009748743451623
0.001054056071729360561333476090
0.001052964109059348564987687128
0.001051874511578029943822754979
0.001053928245026227317213645099
0.001052839813300302843189664510
0.001051754301192711573841134208
0.001053801212722120652876203851
0.001052717330111087354477222351
0.001054758703729631184096283249
0.001053674558671614604565386124
0.001052593466592865693390976079
0.001054628785185003660363321367
0.001053548967253830893009469580
0.001052472027443567205285584537
0.001051396171396749002608980297
0.001050325083620431002056591375
0.001049253256701262731355185954
0.001051280431584707051689557864
0.001050211129834446125697938962
0.001055320768175370619998064331
0.001054248965610588011875730851
0.001056261942801046943738175577
0.001055194454799308396589833027
0.001054125772357331823172650327
0.001056132923729923958492374385
0.001055065842116898584354761845
0.001054000634542297132912988140
0.001052937457268978260868463928
0.001051877023295812200598779906
0.001053875930734628050674149956
0.001052815951466678019544831727
0.001051758480948824291629374012
0.001050703290647238097879531305
0.001049651091444859787119359499
0.001048600272600879369431674142
0.001047551565866038559529633543
0.001049540400291067515787782866
0.001048492670747993510832101773
0.001050477677129512441016023435
0.001049430648757182114938933074
0.001048387071291509006858639756
0.001047344406207854545068609273
0.001046304461823751695089760551
0.001048281480781150443179511574
0.001050254014480484167201973458
0.001049214006131674461700599646
0.001048176156151255331219992159
0.001050143008988318732318128703
0.001049106478305067321618021043
0.001048072002173403594281421484
0.001047039755728414469926433470
0.001046008826985803362348528771
0.001044980297471951896376231973
0.001043953888889849077471937846
0.001045911598652549988488207746
0.001047866172254534168197849455
0.001046839683843247826983752139
0.001045815483900167691756356014
0.001044792756991228411808794809
0.001043772486218734707448335828
0.001042754664605311422161677041
0.001047661596494824468018421989
0.001046641603000394492000951740
0.001045623872152314074337851247
0.001044608218508410176919524719
0.001043594992902694534511944631
0.001042582671894320499128508055
0.001044516401087576218028241865
0.001043505954627719276565842034
0.001042497027406527117762674712
0.001041490236913676428641686655
0.001043418056230145557896819529
0.001042412058320004212219288021
0.001041408196639909288252140064
0.001040405468609188865745752227
0.001039404943534342774011574453
0.001038406979444294880225398931
0.001037411017272795048506026629
0.001039328795812069930189882023
0.001038332806676083034303510577
0.001037339436803354246316210334
0.001036348063216775748127148810
0.001035359031718589289854657736
0.001034371808929128305071935925
0.001036283493499882948104351656
0.001035296750006990705002634417
0.001034311805627532439442422963
0.001036216758520309222365736774
0.001038118163522951775563779586
0.001037133520818995088290820679
0.001039030692596272971171200693
0.001038048995928866190900660972
0.001039942368063750750441092061
0.001041831181999741520762841101
0.001040848208620334787260599220
0.001039867335138046423403819419
0.001038886782946947613577843391
0.001037909038461624274358681922
0.001036934093954055302332615437
0.001038815157887882543107883153
0.001040692413743230617311652236
0.001039715877111746868594369922
0.001038740921109659715779857566
0.001037768574281710889078374107
0.001039640960721643805190330472
0.001038668907207475674234993077
0.001037699879576859545557682635
0.001039565950748012833311988255
0.001041428613168833503645687135
0.001040458952845125715517851724
0.001039491664506308591163335171
0.001038526221619326001670369401
0.001037563007001136887335077005
0.001036601393452820897369895618
0.001038457006845698089544003878
0.001037495097032772632705819499
0.001039345835316848463890569897
0.001038385396450907038989727057
0.001040231705598265632643211588
0.001039273572232420941814735576
0.001038316461338500361172211809
0.001040158133597396575405069235
0.001039201382341828621703550703
0.001038245890733785755598650964
0.001037292668552611823595393026
0.001039128157698830357885615168
0.001038176384207240888626961868
0.001037226277600634284433669304
0.001036278674956430331334272817
0.001035331551803825522040210319
0.001034386250559413628766374746
0.001033442766111463973728490710
0.001032500842039564851004996946
0.001031560976332749557511396175
0.001030622243057457353552393417
0.001029685166675504825385675121
0.001028750442656374933236041429
0.001030573974107276769167767424
0.001029639642835996600445254828
0.001028707345225127103422535530
0.001027777193085925366424228933
0.001026848031229086938452455111
0.001025920552661639787069801065
0.001024995007504708402413237082
0.001026810129707249556823204371
0.001028621966636300072004060301
0.001027697069019395627117403832
0.001029504417933465794143863401
0.001031309413177210608249015451
0.001030383851445753434539180752
0.001032184843240461759508363115
0.001031260241971414471336531044
0.001030337221220461831189074174
0.001029415941409581086011985550
0.001028496572485889267806903559
0.001030291632551164754695979262
0.001029373034107407714585936008
0.001031163603762457037911059970
0.001030245295730060579595270182
0.001029330069908579526788713991
0.001028415447275089907404680106
0.001027502619657630284040046373
0.001026591500882724505038908063
0.001025682086144248958042538490
0.001027464300024310721132111479
0.001029242287816838996084667347
0.001031018417998218476128864060
0.001032791152683775326122893112
0.001034560663344140834415813943
0.001033648617650285613040436406
0.001032738300301112980143537683
0.001034503973081673524101261029
0.001036265717709539027983422547
0.001038026009601062041102334752
0.001039782590688622578755993306
0.001044200402271205391315817225
0.001043285732660063929130009172
0.001045032489543442939600745879
0.001044118615849034640336045660
0.001051170743657782201436075313
0.001050253650838675458334143608
0.001049337844752680340600335497
0.001048423882902186734263858040
0.001052802350045282543348879562
0.001054528820139502080154419525
0.001053612239701021746686988642
0.001052697578420867395781664434
0.001051783554365765239365353213
0.001050871919950695491191477787
0.001049961553628751007926520650
0.001049052929849550594151679727
0.001048145566698564516178461951
0.001047239143382776862745711930
0.001046335403492437255738457163
0.001045432674632631897085196946
0.001044532063745108316134089871
0.001043632852747488331284749852
0.001042734879665567004199390393
0.001044450356559315856324199028
0.001043554096363807242995881346
0.001042658986867099437298933155
0.001041765182857435027273769288
0.001040873202205101275886133537
0.001042582117623860912058353130
0.001041690604674301541172130951
0.001043396538267894615963254082
0.001042506877476520507534435214
0.001044209319886803383955418439
0.001043320250393178670425711225
0.001042431997224955611027966679
0.001044129668975147194989889182
0.001043241538560529323464168685
0.001042356486387242628716502575
0.001041472084064461254374539923
0.001043165335133026327119001440
0.001042282216976302899005091957
0.001043972288683864535955894421
0.001045658944223714384679216486
0.001044775980140446189897802467
0.001046458937678769397743086752
0.001045576382664159729619255186
0.001044695399712074229611117578
0.001043815597513375822292696578
0.001045494063209103514972544299
0.001049723696163637427645650725
0.001048843258301887366739472109
0.001047962848940051191637645595
0.001047084539843275656502627537
0.001046207709424931408963708947
0.001045332122956388046859708390
0.001049539950979030686869418763
0.001048662806395095283631504532
0.001047787032255843396234892627
0.001046912827471064785601841818
0.001046039964541754784962956046
0.001045168915106846367207028821
0.001044299218856618558300493217
0.001043431919566827035510971248
0.001042565477149473792890981515
0.001044223045430554828030228948
0.001045877164697401796844725571
0.001047528834343788076602861594
0.001046661284845987406830388988
0.001045795435048616103172644823
0.001044930719385183964925722412
0.001044067058962439755275146621
0.001043206269977833259835918328
0.001042345848437849392722252974
0.001043990794711042413127208460
0.001043131526141432897635586215
0.001042273602313250365079227530
0.001043914368825291048946309011
0.001043056988282433513602210514
0.001044694492346806816159458420
0.001043838308425747842293472967
0.001045472021822610978806465127
0.001044616180568122068973675778
0.001043761520104974291241853908
0.001045391423195082113885856998
0.001044538204739734650409046149
0.001043686610086583009978757527
0.001042836335496711492659383841
0.001041986478698617086563112705
0.001041138760113645570849851171
0.001040292576305789430907788738
0.001039448072793485767453148071
0.001038604050972307651847653817
0.001037761479566413033521432167
0.001039383666679411718716598165
0.001038541608571004819108436345
0.001037701812713880796592668490
0.001036862758156800413408962870
0.001036024350851194518935410933
0.001035188417141270940410918201
0.001036804208971135284869371512
0.001038417161347937945769005468
0.001040027651871441085272595083
0.001039190889060026701710869252
0.001040798078925034546165780642
0.001039962192603661455936372301
0.001039126990101217994761658408
0.001040730124955086096981831234
0.001039896386184574996486569169
0.001041496617251615605558958971
0.001040663749847683325796456951
0.001039831530557483033228234308
0.001043854879263745853138270328
0.001043021610421540308424374237
0.001042190019156094207796711949
0.001041359051348100710902306363
0.001042949370851719092782345044
0.001042120002512284603723226431
0.001043707392949634842517830652
0.001042878962506070133064889276
0.001042051649364338055688744740
0.001041224910286183727949657928
0.001040399341901315303361439329
0.001039576301643715995256785160
0.001041157633845442563917815172
0.001042737253762337918752569786
0.001041913541875737196319318048
0.001041090773545755167700098703
0.001040269671652683086641043289
0.001041844919415265576677493472
0.001041024998616669677728990198
0.001040206185418649039656205502
0.001039387942821479408390568523
0.001038570847630744127125475648
0.001040141079308089916767160980
0.001039325615619485049208656554
0.001038511913358763079365848882
0.001040077981113321165630180327
0.001039263914773972216458693857
0.001038451630681548279722786461
0.001040014488950324039109150621
0.001039202531341105756258559511
0.001038392492037175111519477575
0.001037583076272259034377228532
0.001036775213817166539413539607
0.001035968972539911454062205742
0.001035164133813973538559967164
0.001036720375521036329575893576
0.001038274831843353995903387882
0.001037469721039992927201891221
0.001039021243615261211538690184
0.001038217417967765232708264410
0.001039765448063591118238789845
0.001038961610145960448536421161
0.001038159091517596622281514320
0.001037357250085725405846749819
0.001036557361277141246119075034
0.001035758498943844785382091795
0.001034960698558750729975233349
0.001034165369085135500705410016
0.001033370136781690278480480910
0.001032576415229477546641532490
0.001034116994959515046845600887
0.001033323921502336929720029332
0.001032531858413604103284003186
0.001038724572019416383607183138
0.001037929573126047408093689045
0.001037135725990400100996987214
0.001036342957768942213634831035
0.001035551617171886119594283871
0.001034760998886879548580407246
0.001033972971675823315526357276
0.001033184842874488785592032514
0.001032398550546235838246013266
0.001031613670267301716954509906
0.001037759986783484991212381697
0.001036971233981609199138556309
0.001036183754154728699818910846
0.001035397684100284642597796511
0.001034613020627087112642493649
0.001033829171217516569334364402
0.001033046545855604516565344476
0.001032265742560068850168996727
0.001031485770783164715392623764
0.001030707468602017786509388343
0.001029930138499761354979546217
0.001029154055408841627404136755
0.001028379355154470692235746993
0.001027605619335382081618572423
0.001029118446508457127551618767
0.001028344906307416712745596253
0.001029855237430673615574774887
0.001029083170253221290954891987
0.001030590323980334161847618790
0.001029818143226000170959342442
0.001031322751347617956945032696
0.001030551405469215151354096629
0.001029781269512815800265754909
0.001029011671663928118019029867
0.001028243434319068014540820732
0.001027476554498678951199175532
0.001028976357406677294507708614
0.001030472890056296205114276687
0.001029705926590899118568122844
0.001028940383336690067274488394
0.001028175573248132425524560151
0.001029668304530908758963214911
0.001031159287409091384581083739
0.001032648048170852779013316314
0.001031882619030703825767738352
0.001033368626199144040669884827
0.001032604207684601231200486711
0.001031840789191857370447318965
0.001031078707984942439397171992
0.001032560766474684956437683917
0.001031798738374388033010291503
0.001031038381850358739620105304
0.001030278761994622543216710126
0.001029520790014262416291348594
0.001030999132000905937026932766
0.001030241138876900979639043883
0.001031716631808603843344401384
0.001030959430366528666886280415
0.001030204121428891517707550703
0.001029449350883914979108031728
0.001028695354306756184938989059
0.001027942735711605520735344512
0.001029412471141310272538860917
0.001030880997836208006271200778
0.001030129036608344725992594985
0.001029378110878343539341310431
0.001030842890233650718561835135
0.001030091335395643927390580869
0.001029341817402803366226072942
0.001033013560762878241241573322
0.001032262456523960115645027045
0.001031512260196917291181949907
0.001030763959423272124515842665
0.001034424361959445986924167873
0.001033674430220382671216041168
0.001032926256123449092177773616
0.001032178371472995579754310672
0.001031431773409505812973210287
0.001032882296478957034162384809
0.001034330382444615298922191222
0.001033584246251730647589266166
0.001035030653323897094922091966
0.001034285638719300835359198917
0.001033540690950680098126671092
0.001034983065416548483640087804
0.001036423686244775202211193377
0.001040046105093891583913755846
0.001039299877504070688096910423
0.001038554659940610403533140778
0.001037809724855860699677799438
0.001037065994248972164802104294
0.001036323597188022985342444662
0.001035583339037338249431221953
0.001034843205229739674614969016
0.001036274881532810819933358148
0.001035534788148753248430303523
0.001034796280873571639535196665
0.001034058438143964427943318839
0.001033322110387885260150214023
0.001036912083462370939663252935
0.001036174833964569992292974173
0.001035438310814151831678510878
0.001034702969697943170259916102
0.001033968155326254593650262831
0.001035390733271757205817496230
0.001034656475774878483291375958
0.001033924045135202513598573064
0.001033192786666019821949348623
0.001032462372592145268501613534
0.001031732605823069763573115275
0.001031003550153802974368520996
0.001032420039234572712603901495
0.001031691918905674171365248664
0.001030964700377877451997595427
0.001030238899777730128978412656
0.001029513802111901316468395077
0.001028790376203429891733843786
0.001030202757555744018579260199
0.001029479478976775077722638806
0.001028757543198078912916872474
0.001028037352758221862122121820
0.001029446406677929863457836587
0.001028725631864197383921083868
0.001028005806434651932954869850
0.001027287185559372275020146101
0.001028692422699094244447475680
0.001027973943194761943504136597
0.001027256664054695422585735451
0.001026540261917616505198055158
0.001025824735023700728376119723
0.001025110145277288142352137407
0.001024397067174366569106398741
0.001023685689176617292459357974
0.001022974537750424807910863825
0.001022264953569043636648302717
0.001023664659509754160390738261
0.001025062286978229095620651868
0.001026458031846207652096946399
0.001025747680326491056073505506
0.001025037871104417733583256002
0.001024328730397170031081841674
0.001025721234729085294035945723
0.001027111552239119828818593206
0.001026403274114372113844606653
0.001025695279831751016252486254
0.001024988436118691119486903801
0.001026375383144311222859856798
0.001025669446714082443429290158
0.001027054224855232764951625869
0.001026348330411133230314951461
0.001027729718052228091015022594
0.001027024226795460524694241105
0.001026320086509985417978781550
0.001025617294308552181098764030
0.001026996201114027990363318316
0.001028373148371948514287346219
0.001027669702273489371173255231
0.001026967851394321179542262624
0.001026266838104971631653449481
0.001025566848999306754554870572
0.001026940095946478883669073511
0.001026240040430452962911850474
0.001025541193791065142479376416
0.001024843428428337498917156381
0.001024146366599905582639487615
0.001023450183620620073877514803
0.001022755087054422201489242026
0.001022061063552025094030149736
0.001021367716662736757225631942
0.001020675084966829325360594487
0.001019984019308983395023288598
0.001019293209072353217762350802
0.001018603524689148551777342397
0.001017914963870722971725577991
0.001019279818038314106812514216
0.001018591794806756567225779856
0.001017904642393350569820079735
0.001017218297137511935156052484
0.001016532695205767778254398443
0.001015848281569635240383465539
0.001015164471112238170505671734
0.001014481832149355667450376789
0.001013800238682772109494529988
0.001013119935530759719237260083
0.001012440179746056856735787138
0.001011761216657623790512234440
0.001011083168009046514696731229
0.001012440802697805252929722120
0.001011763159996465337321503340
0.001011086784455825781215452721
0.001010411440901327300335849646
0.001011765697693981580219476461
0.001013118506093092088794192028
0.001014469439670110480596892187
0.001013793578054527521305578152
0.001013118253650656969969110924
0.001014466660307869605852232634
0.001013792094618808159457079051
0.001013118980535625546689368364
0.001012446031812961583954521891
0.001011774835908772047745639760
