0.000009153922607387927242365138120
0.000005237672142592687990840146341
0.000004818109945788954297522326346
0.000004741843536846962864553659618
0.000004837823473514567410752192384
0.000004749304222012918160274201186
0.000004888228240580921045437178343
0.0008677318454462155648258739298
0.001137575910527764817768564622
0.001011867533977402919192161353
0.001213296943928486649168244175
0.001378252479790558909248242183
0.001263874868955264722456369020
0.001167108443830401932021675065
0.001084094108614879778147215474
0.001213631509669677089054696775
0.001138135700896442083526556347
0.001071548819010265749236482767
0.001012320787122315070116301657
0.001118372245582243345991237168
0.001062742352553905393273288514
0.001156359586701082312781402640
0.001104048855254105695309035457
0.001056322208513836488319581855
0.001012521576133500963097525964
0.0009722319414095161655818748860
0.0009350916471756239895043884567
0.0009006477005338989186920932229
0.0009766331287424274220655438990
0.001047353301795001176858280906
0.001012647853443811798826454230
0.0009801546962397492963829516585
0.0009497231818329304377007595045
0.0009211243546135219828052194935
0.0009831051482865280590682690979
0.0009551734995686089749975267958
0.0009287931782004088500132872161
0.0009038634860798639593862836098
0.0008802139231610625570908629077
0.0008577838847788109599112565486
0.0008364476232515274424605868375
0.0008161652858123358086078632868
0.0007968613309432810129874180205
0.0007784553066779688541729681349
0.0008296009959733545555685079187
0.0008784855633219663826983086647
0.0008595047899732483041870100813
0.0008413498667652601997480603063
0.0008239131159669318534375051391
0.0008072178031820279588441772167
0.0008516738396860787806918535037
0.0008350835388383337544206290316
0.0008191323453598967483268944478
0.0008608283534259944442453640511
0.0008449849582223995900866405071
0.0008297355279174191004872915872
0.0008690033904480215876577801505
0.0009599565972491616002220538735
0.0009435157824872586195824733574
0.0009788554278735531196871492472
0.001013031006277002827842109508
0.0009965121915171963880116450549
0.0009805264665077715313946437375
0.0009650333130242843028329441605
0.0009500399738960974721929910195
0.0009820120119363121132259320846
0.0009672046375888688344061810611
0.0009528378474513385230644048654
0.0009389096981927087987957768852
0.0009691977934366001773771860761
0.0009554390826367544157566077106
0.0009846464939381117766449562595
0.001013043972794802132898142123
0.0009992325089730221590752092689
0.0009858039534202679913183605122
0.0009727444809009174568421260908
0.0009600095261019884394561313163
0.0009476076814818375951048018831
0.0009355308324972020202067642602
0.0009620282407927375846930928172
0.0009500661762148525925914699929
0.0009384028234163578483174502268
0.0009270160975062366281714321838
0.0009159092302459975888446896234
0.0009050656906303295626620969107
0.0008944664952965420954458410485
0.0009192784418352233415877613438
0.0009087679479073417938471977197
0.0008985087819535321030712454936
0.0008884719075383527702656341491
0.0008786570334264073700927970050
0.0008690538243608470660913505757
0.0008596663212753149263713486699
0.0008504787083229972520366518853
0.0008414846116184470666445088533
0.0008326798449977546726960979365
0.0008240499117392176793522249759
0.0008156111035286475770716643627
0.0008073388245423454756970476799
0.0007992281689895587727467620706
0.0007912888641992807026319577355
0.0008134458473364387368351309720
0.0008055219271821485708568140931
0.0007977465234607573525969307906
0.0007901197506603146167667796119
0.0007826364927676288533183353802
0.0008038248713346842722176833437
0.0007963597728292474594914451708
0.0007890359174591864144108708312
0.0007818506264170924795269996697
0.0007747893092069683106282634764
0.0007950948568630561128110556513
0.0007880397490345765029449794680
0.0007811094985075970042733504897
0.0008008269067212087045997581638
0.0007939107616085003144410368140
0.0007871201641941458274228809237
0.0007804393781468649360296495293
0.0007738687114919721919931351549
0.0007674092374074502764020594131
0.0007862542544427229062857031487
0.0007798014575786837875545299894
0.0007734579794294244074600826938
0.0007672126352746590448792926123
0.0007610606331287985318652400048
0.0007792063542862811166111630663
0.0007970582610844510515528753774
0.0008146283357330138312838078679
0.0008083045984127159779039519444
0.0008020718001598486549483655275
0.0008192063293229704066869672233
0.0008360660090261605797346641287
0.0008755842783831366709850722438
0.0008690324061613605120236066221
0.0008625880419719879664913936535
0.0008562362674060370920960696208
0.0008499698202942083489244970296
0.0008438164499907599914925984410
0.0008377387649434389024077254750
0.0008752663962227747609042065959
0.0008906464680756827163340782273
0.0009058123162680341589859810843
0.0008994718392835945816012900979
0.0008932206734110793506952722453
0.0008870529762399437176981654580
0.0008809774578336981117067809406
0.0008749795170338739397871305849
0.0008690625530154980542042158703
0.0008836538821814282183520713594
0.0008777495227078849955043304859
0.0008719318126857382215572363436
0.0008661953977996279897247967552
0.0008605327260689653631956945129
0.0008549410055633354682485643069
0.0008690671672367471003787215213
0.0008634913547249444018807799510
0.0008579876089467918957461865861
0.0008525568861465280055087866314
0.0008471949019905215148708349820
0.0008418957533385263695015433249
0.0008555587554325247274385911412
0.0008502814433467487834570577765
0.0008450636321054223743059098445
0.0008399087139545613334512115269
0.0008348161002884516849992354009
0.0008297874299725912816180570402
0.0008248179131860946465629964424
0.0008561217562128204306645695378
0.0008510549752899941885678131528
0.0008460508610651823473638351926
0.0008588893664825286309738616117
0.0008538910064005639027435829343
0.0008489560844176362075679995262
0.0008790358472440161771567260384
0.0008740105124712405322018303695
0.0008863307643574436792918119667
0.0008985090082011630727373012942
0.0009105449983610203639713866392
0.0009054591782636589421712012825
0.0009173254499490114478023636428
0.0009290512364107556675397945125
0.0009239494906785726814967090437
0.0009355160713698961866917289984
0.0009304322543783587731442266466
0.0009254050178846825677436480164
0.0009204293246784023438791655159
0.0009317631470298620755518815666
0.0009429777157007163435276717427
0.0009379903853694591453295927339
0.0009490528561262449262520306486
0.0009440836392166448929638315768
0.0009708283873313281221224190692
0.0009815493818167014356325840482
0.0009764937785367149133953670204
0.0009714884044782317869798475924
0.0009665362421367007908090805815
0.0009616304078558846676480355033
0.0009567790216654700332893218999
0.0009519734015738169018385936983
0.0009472165375762293439090777669
0.0009425076960237127781266797145
0.0009528845491443605650891935675
0.0009481901925716260764826156745
0.0009435456903503342092160932461
0.0009389485149897401307123037454
0.0009491424957355074602343487854
0.0009592375105168581591708422208
0.0009546285013443478000708701382
0.0009500633680969396999572067165
0.0009455371010195731928519118602
0.0009410617836583120473102273444
0.0009509640718419744160007602080
0.0009465049439643455938073356328
0.0009562823154357168869266931491
0.0009659674584788067856227856909
0.0009615094026245333163296881745
0.0009570818350470574554159166441
0.0009526959908569143173950465246
0.0009483524804412873411714882877
0.0009440473817464419541534727574
0.0009397772579040645497237917522
0.0009492309901983047788193539930
0.0009449739244928822920343658817
0.0009407599623402905072425621882
0.0009635780152050680794693120312
0.0009593155729458662044796347660
0.0009550965330843373170708155869
0.0009509098116357453672203770402
0.0009467646315022092186889392452
0.0009558579060061909456969002655
0.0009517236753286790671531347528
0.0009476252371767237338222616536
0.0009435637071143876874315397940
0.0009525144776737105145996492352
0.0009484655935535078778021436909
0.0009573200049542685689997866372
0.0009532827433715546105081787306
0.0009492799368306194637800646120
0.0009580186570795070885738348553
0.0009540272331579714169248162571
0.0009626741174023428580043342619
0.0009587020462605653615585912248
0.0009547614362707746563668253758
0.0009508521286320887083289849833
0.0009469752379049891974242699201
0.0009431322353327737539057763904
0.0009516132596562846368358002951
0.0009477814853634791730726820477
0.0009439798723898644126291457522
0.0009402087940804551054187533248
0.0009364697132612417478613487764
0.0009327575074839084674428962440
0.0009290791206928050916715711785
0.0009254265554358059263524143801
0.0009218020289196729768373291894
0.0009182097405653934647802560523
0.0009146424333505482051882704133
0.0009111071606672465258709210941
0.0009193146639712387161149650707
0.0009157854701139206239107983337
0.0009122830705827145773532214011
0.0009088071574471122420963727643
0.0009053570789159870907748086180
0.0009019356719713865527325482792
0.0008985381032565211280188176554
0.0008951713564313252033956018743
0.0009031946864720296123493718559
0.0008998302335295799244276706430
0.0008964915699909634658992797377
0.0008931770487851199673696940467
0.0008898853824168408511814593241
0.0008866234144648064238796179927
0.0008833847558986594553227608672
0.0008801671405077691701517864752
0.0008880106454330101609304896993
0.0008848006079246143473207210752
0.0008816151570362217351752356415
0.0008784503917721284608975089744
0.0008753070767263080199411933175
0.0008830257999324685871814192817
0.0008906929873263379546638622738
0.0008875380345737592224938627120
0.0008951341542919681324427006291
0.0008919875482104395115199048016
0.0008888636192696233924138014612
0.0008857622550284545513950570264
0.0008826848170925755598058052743
0.0008796243597309256870663791467
0.0008870881626962599505320432909
0.0008944993645237458409516862039
0.0008914314057096773789352976363
0.0008883886202998322164663003051
0.0009060758580117405058498850861
0.0009029982398124632933717385229
0.0008999440475449183960404298211
0.0009071578264078974928779556456
0.0009143231863075994877546702155
0.0009112623296921555166489191637
0.0009183685925760771892004711490
0.0009153168229002682437669025558
0.0009122832620749529627072820099
0.0009092689449542604566452466918
0.0009062751962177370651743165908
0.0009132824688634426444927081466
0.0009202415353353867796963672843
0.0009172397565094211415350108714
0.0009241432533891517027582249495
0.0009211495129736146682792914293
0.0009181740234891377289495348482
0.0009152207539479150668620228879
0.0009122856520761559293736831638
0.0009093706017691619614116102225
0.0009064721838865075314881969741
0.0009035931623913888256641727520
0.0009103623404525258392940804720
0.0009266865560474208209322941754
0.0009237720574849158574802673729
0.0009304169871294568996121605441
0.0009370160956030534624677558548
0.0009340966945601391507240993094
0.0009311957556289273565764698069
0.0009283114654741931788151281163
0.0009254473526465624230372799699
0.0009319609107792937014805301235
0.0009291017513740927311649145659
0.0009355622138653223419045995369
0.0009327068009644414502761900175
0.0009391175556364422979176823504
0.0009362689927935407152270832691
0.0009334394151088782181191407368
0.0009397877411291513877280393649
0.0009552368730871352916195147745
0.0009614859907827431425672895877
0.0009586127527934226122182756572
0.0009648107819502200869834575333
0.0009619455925906555499764990633
0.0009590987121331986867370620330
0.0009562666600853729420774056541
0.0009534505531310628043979605645
0.0009506518697542028834430826914
0.0009478705643096526861632638269
0.0009628394638571407211274449855
0.0009688793531199916346079964413
0.0009660677919827938866017773097
0.0009632752376237190583731997765
0.0009692618749372901868945066653
0.0009664759100715130025996666819
0.0009637060587357575219936434642
0.0009609515988614307651139575932
0.0009755414751319681553004491914
0.0009727699863463291480226216617
0.0009786259378957272155710958238
0.0009844519978147954088504879390
0.0009816790178860976218765099994
0.0009789178883937417944789412477
0.0009761743758743704324613980417
0.0009734480753442790447992608399
0.0009707344841602296057512540234
0.0009680375871093389710933902447
0.0009653552036889228308068535754
0.0009626869590750080556181463637
0.0009600337504730900354972884108
0.0009573944417111279286395128466
0.0009547726995382171278391430658
0.0009604704659276975556998417142
0.0009661422464402367556162934506
0.0009717790652092243132113078380
0.0009691442089903562500693832977
0.0009665264079963464811651016663
0.0009639240358241235405652798604
0.0009613325143498136726568309621
0.0009669073182825583700896850530
0.0009724516585233343602494684146
0.0009698586087035375469559979655
0.0009672774667245385208754986447
0.0009647166485911686658377370907
0.0009621631546096726707479289944
0.0009596253919252231621005235286
0.0009570998454270503572832976876
0.0009625679041841443405699292232
0.0009680067028753624193408356693
0.0009734183949317181702770013908
0.0009787983985194766461917506714
0.0009762560019591167664882751745
0.0009737242254191323321158584157
0.0009712068621539387840430735394
0.0009687043654082768106281150753
0.0009662133822132378328059410064
0.0009637365108508996374639703002
0.0009612722816636695517946059890
0.0009588211582743154617324443691
0.0009563821043525445166764635892
0.0009539575958512712137125156389
0.0009515449592816358582483432485
0.0009491422467613062863733157775
0.0009620643778311914119857555768
0.0009596465423823317090656098391
0.0009572438844023950978859296277
0.0009548520487953292869989620487
0.0009752071620701650040236813744
0.0009803419724223615240263811657
0.0009779096175188219307004326274
0.0009754906193946322931265299463
0.0009805870856812362741623004347
0.0009781726393711678460984491221
0.0009832365106459382575959414755
0.0009808287847304654737766155031
0.0009858634956300938538327234577
0.0009834586663199980980973523257
0.0009810660434478597239172957233
0.0009786848682039510516717088654
0.0009763168387683035363805710333
0.0009739589718645623781773238356
0.0009716134090293838235145105491
0.0009692785141032416031504689498
0.0009669548713615441122513297704
0.0009719102705434089094421444047
0.0009768456348380735700187464900
0.0009745192519511190791792586835
0.0009722057211373334538713850965
0.0009699025526193829226674565670
0.0009676111952583182715385185119
0.0009653315648730278157318460487
0.0009630614137755176537581560547
0.0009608011076328971765524954718
0.0009656673427246214494940304976
0.0009634132417970444406431627765
0.0009682527108918646499075367291
0.0009660033243154510831664907308
0.0009637637842613892864185571486
0.0009615355114885801548310044559
0.0009593165167197878642177120716
0.0009641050085819669626013700762
0.0009618896947419359451942068788
0.0009736224986199931906631341239
0.0009713978060429654805427306395
0.0009691826884652967893552157290
0.0009669764517949898618244529075
0.0009647821694764575823372429586
0.0009694835271219190967543866365
0.0009672897765673069015536418634
0.0009788197888200281732015892152
0.0009766171199479765017193127956
0.0009744248084947787039702965123
0.0009722419595490930189513831844
0.0009700685099286287903437492789
0.0009679043961268002500683814092
0.0009657485314702357838791805971
0.0009636047423177173728794085596
0.0009614680566221903169193664778
0.0009660629016114185189268761974
0.0009706359243078841598295703080
0.0009685004965577845989445065204
0.0009663742175611214888959800578
0.0009642571809398150292340220874
0.0009621482424213256022416012932
0.0009600503600185862739347602522
0.0009579608571327108949956111028
0.0009558804782243895464104644700
0.0009603965805157450758684175382
0.0009583213446997914573808021950
0.0009562525310347745754974061142
0.0009541946536406124004675403234
0.0009521458632024034134043383517
0.0009566215477897923404382836728
0.0009545747755640060974524856700
0.0009525379661264570059697160147
0.0009569838635182807888045932288
0.0009549486549300231176618067556
0.0009529223205219270364807359297
0.0009509059715666180491973356222
0.0009553193265834709074448210836
0.0009533060550104687555600310515
0.0009513024574010604000314092776
0.0009493051893459178712854545845
0.0009473199664593528116867260685
0.0009453392647131397394873158879
0.0009433668671703315191019230454
0.0009414039826045959343047143503
0.0009520767957514872790306610945
0.0009501040238044813090737699683
0.0009481404066406100417152053710
0.0009461839870854526926265051694
0.0009442367414950323330408763257
0.0009422965861268193610335895829
0.0009403645054612633369001038422
0.0009446631504995430949250790060
0.0009427345209904453657133834461
0.0009408124821942448852497910594
0.0009450838391849011708855776569
0.0009493360813560599103867139207
0.0009474130870170002452683910619
0.0009516449840253189997742145084
0.0009497254787472807407730026287
0.0009539346358050090624468354179
0.0009520164113981630307499174540
0.0009623016650023506835833240402
0.0009603757982527694749057001855
0.0009584585847024036523139998243
0.0009565489743309267946289561388
0.0009606950740581405404877768267
0.0009587872418963972901192604301
0.0009568864634186352965958553302
0.0009549934246505009005916910032
0.0009591093654157308857170862148
0.0009572197842114285020578168886
0.0009613153960188713130426302856
0.0009594294594748054612104322506
0.0009635024355168230294761303372
0.0009616200898232350733952342365
0.0009597458183740245313801943036
0.0009578789693189047033738565891
0.0009560165521310635061312391635
0.0009541624663728359989960494057
0.0009523175540568776581454262460
0.0009504780288077610904635263913
0.0009545066256569919873261103643
0.0009585171598605538689970875795
0.0009625148598981016815022295064
0.0009606703927157843422013555791
0.0009588314361294853158094910646
0.0009628051625757412005707950421
0.0009609716166593441294737949045
0.0009649244807069996297287856167
0.0009630945021493742550273514273
0.0009670305308706817034077994488
0.0009767024299003593734687948914
0.0009748574781802057916802289131
0.0009730184744394270091439289811
0.0009711881535606498038165996123
0.0009750703981375758266713140022
0.0009789403757444522095420871933
0.0009771094173352510437652051215
0.0009752868746942885015105699829
0.0009791327067247848082403655748
0.0009773113131432581806044081748
0.0009754959545456258482627592541
0.0009736896504737085146672861909
0.0009718894935131757415696990654
0.0009700967527268053209809088165
0.0009683114162512960176915702987
0.0009665331008995506104902111998
0.0009703374751917240908952883812
0.0009685616414076111515614803582
0.0009723506558964959048610329459
0.0009761250944115516532093087215
0.0009798852046499339045607067594
0.0009781025594453780651212409744
0.0009818463404209506499109281971
0.0009855753161771658608765296241
0.0009837935468340602337827847157
0.0009820189089328164163324822426
0.0009802495607699237450559150197
0.0009839556099830254968669682550
0.0009821896284877573210304925061
0.0009858776101990166122199696061
0.0009841145244221084850342230478
0.0009823567831146382842046383553
0.0009806043580815301150893334367
0.0009788586937082230833589369965
0.0009933194383134427459319278572
0.0009915555379297174732990024964
0.0009897995434345750477794162013
0.0009880510874503549986229479787
0.0009863072084347026488420476453
0.0009952758801921669676811155934
0.0009935258839330940834104845609
0.0009971153983796333095946369006
0.0009953688089533339899811727663
0.0009989432724058332475050357799
0.0009971994441051854458910429759
0.001000757861340706935328235889
0.0009990168832636433592347845137
0.001002560347842302689298479129
0.001000822369585322174255755500
0.0009990913918418401313171893847
0.001002616112432562232058212103
0.001000886915192569753015708379
0.0009991624346384202801494861817
0.001002672068975030755938265365
0.001000952350546521301923667578
0.0009992379220922765500940731223
0.0009975293845386167609222428276
0.0009958278072305916524964274755
0.0009941309073563656969711030450
0.0009924403306813556388428197655
0.0009959160970082715487912792577
0.0009993808008544554174299455650
0.0009976900768186680927707653865
0.0009960052489497756401941819035
0.0009943261324736684619401714410
0.0009977689933784187411693547906
0.001001199914014686231683625900
0.001004619726114748040652342739
0.001002938309242468926363743948
0.001001261189017972861233107230
0.0009995901575994923005634475866
0.0009979253373306350211647262944
0.0009962654727733150490557704500
0.0009996574341900208275298886327
0.0009979994527512338800305510135
0.0009963480547444748555441215461
0.0009947022464200372730504817129
0.0009980759697974090215518889999
0.0009964332532881751359151660274
0.0009947949083676322795637281562
0.0009981508712590148860611970504
0.001001496983026099612782905784
0.0009998586947225033974434195867
0.0009982256362945065953114458140
0.0009965980822743810850880617454
0.0009949763047846145523838926383
0.0009933581821864946968036757785
0.0009917451890529894496022561529
0.0009950652260015055978312398658
0.0009934552981676223891540802146
0.0009918513400791315815234283560
0.0009902522155656386765327722667
0.0009886584830089442714175615281
0.0009870687175077189355998453809
0.0009854848181610097426927064038
0.0009839064615304574199761006000
0.0009823334742786115915525304365
0.0009807664184873206706176377614
0.0009792025753403290345899828109
0.0009776449574514195706208117182
0.0009760920234626638644200230148
0.0009793660000234296058481211646
0.0009778138139072926629152609430
0.0009762677214038399081641985552
0.0009747272688255112035041104887
0.0009731899587775586173174157771
0.0009764442189765262196719584238
0.0009796873295838669410962057584
0.0009781494698673620267966011121
0.0009766178953876057099216192055
0.0009750891222420932141267831757
0.0009783132773366326187868654275
0.0009767877867238186387487979982
0.0009752678844344161215867670231
0.0009784766471102435591918199780
0.0009769587552802063986440698708
0.0009754445938197735810382094410
0.0009739352844016559779021820255
0.0009771260441771065860665581645
0.0009756182401819515818103076422
0.0009741153876581755648160584558
0.0009819646856554980480987820199
0.0009804562540238657892119877824
0.0009789528938271813311418904287
0.0009774523287508281620991993995
0.0009759583419942380321493608246
0.0009791071302126861755299833567
0.0009776167270772598822320169925
0.0009761296221843117703988293866
0.0009746477563902532679710457991
0.0009777807381244389598564853475
0.0009809034861819427618389716869
0.0009794207041629337244313991847
0.0009779426999981330183398522919
0.0009764693132224539311365195062
0.0009795743174613249988789056781
0.0009781026409439280216520725062
0.0009811959533968415905259871741
0.0009797268187136413118848076918
0.0009782605885353950405284089068
0.0009767990361273666298050166850
0.0009798761641430938250628416757
0.0009784164317507797944766175902
0.0009814816693351960965674453930
0.0009800236251591106885156055974
0.0009785721092166487468668849063
0.0009771247770107662192397813791
0.0009756809295683322740306514703
0.0009742421765022658655150002420
0.0009772866232766662956407489713
0.0009803215214881355739121600467
0.0009788813478553595848869408922
0.0009774450178929616919268204951
0.0009760141315391494123260227014
0.0009790329141972937311814926317
0.0009820424280812467167904412376
0.0009806098872280939174266454649
0.0009791811388035096376729913725
0.0009777569694692263311923522380
0.0009763361566294599311728911778
0.0009749200198124347429913203803
0.0009735085382618726328867697700
0.0009720996965573458859012400802
0.0009706961398629097953782151658
0.0009736781709106487392949875044
0.0009722761275428879585738142873
0.0009708794539908289830962648285
0.0009738480930428799842453975276
0.0009724525245896017141736374153
0.0009710596553519788409230490557
0.0009696718405362766009519702951
0.0009769633939073785107241522564
0.0009755704418984371073255078358
0.0009741829158433677540365381894
0.0009727998770220773614785827284
0.0009714188257038923013943315102
0.0009700430124192244844352229633
0.0009686703322020354418519281677
0.0009715966345191106427440857380
0.0009745141162413332433466183453
0.0009731399296174719920001388808
0.0009760480113974422052337447309
0.0009746760599608529360908289530
0.0009733079449660441959060920128
0.0009719440707518492226373412136
0.0009705854492487227171198549523
0.0009734773396455915111318843980
0.0009721198649866659680947260667
0.0009707654234601589841730829900
0.0009694140021984258779610916896
0.0009680694016685722196188663149
0.0009667253826041247280177180182
0.0009653863822466127090563887222
0.0009640511063324258628134928968
0.0009669181605759760173306856348
0.0009697789124953333023729978483
0.0009684434812041520203453173319
0.0009712928173548377944953844932
0.0009699587315354093824243135559
0.0009727990847790339912707062275
0.0009714665991353859716690649205
0.0009701375769128910948140412917
0.0009688117789429498577777102457
0.0009674902463574099274348640069
0.0009661717074015839842801065736
0.0009648557739220671368036631104
0.0009635439866550657552063665719
0.0009622361029932709794887925257
0.0009609314088625640293081896332
0.0009596311364745820004698121464
0.0009624428647731306324181544859
0.0009611429522836411118747832952
0.0009598480508183991008585734103
0.0009585559106177460277588118714
0.0009572668915829793165913839675
0.0009559812281156913738847591239
0.0009587750160051374186154361153
0.0009574906600393223933735782098
0.0009562108639550459744691399354
0.0009549345037669223350584807926
0.0009536611970581187294748512894
0.0009564388466272454354909593546
0.0009551659546088710842458214321
0.0009579353320654655715586697053
0.0009566654254700482029440842698
0.0009553992816740575881881223238
0.0009541360033039851398270278923
0.0009528752291852711786195223952
0.0009516180421129677209268104761
0.0009503655185924211277625221045
0.0009491142504965017896461915192
0.0009478666511444839531143224589
0.0009466228267085824956948739154
0.0009493663702607499671225394743
0.0009521023326439881563115500054
0.0009548318261351874552682416039
0.0009575537952823696290168003010
0.0009602681502483434299227721072
0.0009590176220822131584002167906
0.0009577702957721375015806532691
0.0009604737373904533433228372090
0.0009631738626765221137735069123
0.0009658628706395474200031733039
0.0009685453612524047962644828447
0.0009672948976064533362620593683
0.0009660477963758552743856442957
0.0009648027401343135046216329570
0.0009635612605299420059652086421
0.0009662294693325499108963730329
0.0009688909559742565407374362806
0.0009754425122163448452227968391
0.0009741937303976437735007116072
0.0009729478063078567821389332816
0.0009717055506165950354599151904
0.0009704664800813344328829616802
0.0009692308166943639206907380063
0.0009679984308530000975594557758
0.0009667687251234938281536609761
0.0009732566035181624098398935289
0.0009720236573197734212452904874
0.0009707941065778674274187676798
0.0009772527207724476011602330118
0.0009760184933082756809616294735
0.0009786211604936918374265425742
0.0009773897154310582875059783458
0.0009761603425316507004180730598
0.0009749348829902582799227637109
0.0009737112447203898064996531306
0.0009724906885417986332190502301
0.0009712738936494220276595144699
0.0009700603860302522456752038204
0.0009688504279485710526473631769
0.0009714314626684722328748964472
0.0009702225900657294862719893666
0.0009727957329530643164422070680
0.0009715879003607793540352985910
0.0009703817102881695948398499505
0.0009691797780229898004355083813
0.0009679807220903790168898503004
0.0009742978479059901461898483543
0.0009730951901953462570512513861
0.0009718952859421756176125645236
0.0009706982383043608561052498061
0.0009695041500027251039230695980
0.0009683133492123548529322622836
0.0009671260493293600727964045803
0.0009733902214668593307598345881
0.0009721990346739642228384673956
0.0009710140478579079700689040652
0.0009698283631788835713934843798
0.0009686468181315932954723252269
0.0009748701206781330694735699080
0.0009736846296903434804379315381
0.0009725012514337150068093917994
0.0009713217639043483946666933252
0.0009738285977867465915685776040
0.0009726514788711490329647088293
0.0009751512484173571110725038385
0.0009776439747080399119795477400
0.0009764648474524584197475976701
0.0009752891289752348806916101494
0.0009777729783441656245748005411
0.0009802505877036238799213679590
0.0009790741158803886436237718876
0.0009815438565123906591323002663
0.0009803694306064371776245432611
0.0009828324670332455462968621676
0.0009816585451578435445086981393
0.0009804862309703445644038203438
0.0009793172725419868025935671472
0.0009781518772736322810965539084
0.0009769891070926864983915414524
0.0009758298172643315232604032599
0.0009746727456425437094546479935
0.0009735180355463994910397890912
0.0009759623165279589695975068112
0.0009748093185614492020961550851
0.0009808336982610193753015043066
0.0009832596470692688704431840477
0.0009821034068639519054847437275
0.0009809487097656480669378273323
0.0009833671193267276786007593082
0.0009857789535188241638563919105
0.0009846242230175661720625868553
0.0009834722095001945529581408887
0.0009823223656179422099166109061
0.0009811758654816862490380710359
0.0009835753881728322835053959420
0.0009824291411324128805370634481
0.0009812862175967355835464506108
0.0009801463923369109472681158030
0.0009790084425633277739383360701
0.0009849220749871095202100625967
0.0009873031412782366392807621158
0.0009861607696520118137888090419
0.0009850213705670656522259804552
0.0009838840839472619151164827668
0.0009827502731829336530104532567
0.0009816183245355385674657911099
0.0009839859527834217694899848113
0.0009828553264076165155642707289
0.0009817276247083215678613876358
0.0009840865222586451985033017650
0.0009829603151392676013289430700
0.0009818362760587245843776661326
0.0009807150282918828095744801059
0.0009830652651111079385914496428
0.0009819451781654083211586305135
0.0009808280732635735155789603177
0.0009797133124464266223151511836
0.0009786001563086534814589435679
0.0009809382036402538082139052850
0.0009798269177854895841126509309
0.0009787177440208312598245411056
0.0009776112991770254264619785825
0.0009799399577039380573807392882
0.0009788348433921478582586887005
0.0009811575673470844709990095749
0.0009800547147725119538621573846
0.0009789529067276552999508402869
0.0009812658765531515205446687718
0.0009801649809453288075968955171
0.0009824720981286384670841277767
0.0009813725284610606790032778225
0.0009836741336373638770720643398
0.0009825759912665715195545577273
0.0009814799006112356692165243436
0.0009803866747113237695007479652
0.0009826787479102055745147635149
0.0009849656257711385149705671982
0.0009872469201411301830760873411
0.0009861513237017405069074549207
0.0009884258792764502157474812491
0.0009906958838578994276843220289
0.0009929613524341112369247055407
0.0009918652932959229063722653148
0.0009941233261020257783579718526
0.0009930282049472835402277059964
0.0009919357093513879136966326958
0.0009908459313304630834545062874
0.0009897580540532765774338630758
0.0009920063661519510364716071643
0.0009942501293279884777935685955
0.0009931615939230895091258014828
0.0009920754634273291757675154084
0.0009909923613394902255537679901
0.0009899115806055375837486706441
0.0009921452502579538896650046911
0.0009943740985333632302840981037
0.0009932934655192679001825154188
0.0009955156281752329412932814581
0.0009977326446972469422635776103
0.0009966516853029594010993565126
0.0009955731780879023890279801486
0.0009944955232118132215872812444
0.0009934215997487349567562156020
0.0009923494100923501713783460099
0.0009912798412036676924081754995
0.0009934852408264257500795537865
0.0009924162620569557973939855008
0.0009913514486266992296859278185
0.0009902880272603627108908717810
0.0009892254561567747117121927606
0.0009881668474537368070919555450
0.0009903607427677362413429687861
0.0009893025988020716466353904406
0.0009914906004320603561612377662
0.0009904331211424016292991776711
0.0009893797961123214037477296069
0.0009883272281790305411594418256
0.0009872770069288914081402173455
0.0009862288320222504802846898379
0.0009851829896178981961246516101
0.0009841388872769988378822029106
0.0009830978834249519963431933510
0.0009820583133587281674994149270
0.0009810216307393855011678129234
0.0009799873406352567202075009195
0.0009789543692748642646528888147
0.0009779231969299853879486275778
0.0009768939140440233588319872701
0.0009758679647647773727846108830
0.0009748432144429418246242048841
0.0009738208900630304421252979253
0.0009728008372456809132564427645
0.0009749628619033456499957119394
0.0009739444256205974353841896215
0.0009729279345047540346638064113
0.0009719131906650734359351176578
0.0009709009553424493254694324967
0.0009730543301861479187631148933
0.0009720445357055711400416174574
0.0009741918393227838642904705992
0.0009731808770179368190156626320
0.0009721724976932775345495228455
0.0009711661217022876467876785997
0.0009701614573100024877278153715
0.0009691592597845229547419949180
0.0009681590463551912000309495210
0.0009671610008011299680897226299
0.0009661658743044162101822896428
0.0009682985147802244752275188629
0.0009673028509087217725376830562
0.0009663098087707771134508149408
0.0009684368338703114325689255376
0.0009674448577677036291750120295
0.0009664534160209894454748800112
0.0009654657057935306367782034016
0.0009644806811598596538741011144
0.0009634973954514108031043400834
0.0009625149301648496770021731761
0.0009615359431555077450318684324
0.0009636497990289671415259501541
0.0009626714729727222885802114550
0.0009616945830753912068548740692
0.0009607194981744842486374677427
0.0009628259480349019551228067311
0.0009618511374795307782902603424
0.0009639520630723894322042555447
0.0009629792534158394987733806769
0.0009620073464257552096626420716
0.0009641010786514419678290972115
0.0009661909551285600595182673827
0.0009652193039097401043535005985
0.0009642492458275184822498910480
0.0009663346119523775266021525039
0.0009653665847896842152342841341
0.0009643990323987555363006630768
0.0009634337951589779705515175591
0.0009624702219787105333246186603
0.0009645455813069079325950424968
0.0009635840197263492700636250085
0.0009626243849854040917863354077
0.0009646927164396673430515968532
0.0009667573690692541770393593872
0.0009688168905702101460390327212
0.0009678557727664630412554755540
0.0009729251646543057740235379785
0.0009719618697663293568022589613
0.0009710004005863765985755023444
0.0009700397875798024882347480867
0.0009690809552953291177386225373
0.0009681250255007859803384407354
0.0009701677695036494597686440179
0.0009722062873880861456450206546
0.0009712514479367772621567734974
0.0009732849568528468429739922018
0.0009723289615116712926485901572
0.0009713755737061356239463023919
0.0009704234332246383036654735184
0.0009694731922659593956096548981
0.0009685253463615239910479022214
0.0009675783621624134266855315182
0.0009696012371414119379890480947
0.0009716201457546158441322588040
0.0009706737549538915192485316832
0.0009726877527554906080660305932
0.0009717416858674415404865521225
0.0009707978244608144035863834419
0.0009698553583465588173968671542
0.0009718618561875658809446596986
0.0009709201001583072044175210715
0.0009699806216665338305087851720
0.0009690432359322534509446829304
0.0009681074925367146904866957505
0.0009671731203439231527563562086
0.0009662414459949642549187084759
0.0009653120186118745633675818888
0.0009643835920478845774792322643
0.0009634569595475534346301126732
0.0009625320275466896356619769464
0.0009616089676720176720443192590
0.0009636015362509497658155073015
0.0009626788713478958663955011213
0.0009617585665325202758726436640
0.0009608390050903045810078681415
0.0009657264495570435743484647479
0.0009648052526563775811798110469
0.0009638860289556117656504776037
0.0009629688274704986576067971876
0.0009620531381079022387656446363
0.0009640278046575575869150433578
0.0009631120453563512009032525014
0.0009621987299777823357413548698
0.0009612870670586353001434373854
0.0009603778356164159793405867118
0.0009594698351252011641756996084
0.0009585638482010626613789534952
0.0009576590935999124413906090303
0.0009567566614687653167155888911
0.0009558555051386044220762603252
0.0009549559672992177982620702482
0.0009540586490649517458077120963
0.0009531616423788949039084022748
0.0009551200481079492241718734531
0.0009542242496825323098704879643
0.0009533310863087766269983516379
0.0009552835473672886207425461360
0.0009543896908693461666103281764
0.0009534982536310417530144310598
0.0009526089509769525557491237127
0.0009545545977772549678563098546
0.0009564969436251596430894526306
0.0009556069892258906014684273028
0.0009547185270333037268602263035
0.0009538313821657978308230357522
0.0009529468316323036222900334269
0.0009520628208952469894999679640
0.0009539967212717739931868902515
0.0009531145557073090460245759630
0.0009522340445472418733780606082
0.0009513549985038010523550242858
0.0009504767344087027666123877088
0.0009524023798524341597882710095
0.0009515248570708673461905007509
0.0009506488731925825637259405926
0.0009497752697872260229450987514
0.0009489031957367488304307290533
0.0009480327119369807316763510936
0.0009471642725423905232300738325
0.0009462970954426287271084481607
0.0009482128350318530144051386501
0.0009473462881260113607526288655
0.0009464809123706281024628900800
0.0009456168726941654062395242759
0.0009447552888861241945547391637
0.0009438946645131054608571160475
0.0009430354461709682375031766535
0.0009421788026867477680336787351
0.0009413228642169469529775977918
0.0009404690124296157312953514986
0.0009396157160968056108285375512
0.0009415189318342115679362280362
0.0009406665659895202745306214193
0.0009425642845059148783706891692
0.0009444594702557905521436928974
0.0009436071721939237494165286095
0.0009454979532977893372966273035
0.0009501247369490720068998184618
0.0009492687144410370758696704555
0.0009484142398762316859382610926
0.0009475610610969744931869655504
0.0009467106613958591397323326558
0.0009485886846646953045981900001
0.0009477373249360180762098827254
0.0009496108785617230643831681803
0.0009514811912975024100275534752
0.0009506309252171099581124036253
0.0009497823500122644979908420876
0.0009489358715417231763051262608
0.0009480901719099068193846087177
0.0009499531821368939862096197178
0.0009545171427282555120885526176
0.0009590736003888278119520113663
0.0009582217879605542528075730154
0.0009600691125086119726419695596
0.0009619126548246502638457696161
0.0009610613462306590774962203560
0.0009602107152949971486408203272
0.0009593624915235395635798504191
0.0009585152865802014128459738457
0.0009576694226360883247920871172
0.0009568241658891888015442780888
0.0009559811361186446215585423929
0.0009551403273072332309596284714
0.0009543006007563678728154383781
0.0009534625362494884622837941670
0.0009552940112503626035321647982
0.0009544558863135765454738070802
0.0009536187544541660307508424877
0.0009527834993801169755828340455
0.0009546090480016783345754424526
0.0009537748732734880364415079331
0.0009529421632286936222678819159
0.0009521116365665384383649954035
0.0009592321199449789493452337718
0.0009610445100345230322066110288
0.0009628538892270815347931219377
0.0009646598651158108812266351946
0.0009638218521649759461596322425
0.0009629853015933697998025592438
0.0009621508481358841331203149598
0.0009639512234883444130149606658
0.0009631161072976217122448964012
0.0009622839965283268341603326702
0.0009614525407733655576366197096
0.0009606219273449517014204181561
0.0009597930721777704840621181586
0.0009589655740524590072303446929
0.0009581397986356004311181514402
0.0009573157957488197331542020268
0.0009564926635028732160692847426
0.0009556709528507032093186363322
0.0009548518447521712309768032485
0.0009566394932100396786303084060
0.0009558196216378642839588194779
0.0009576034391975146858669199318
0.0009567851720017784378864673881
0.0009559676030001410137534067379
0.0009551504159855780612996516751
0.0009543364224751730614016268480
0.0009535234456268865851781667449
0.0009527116257483321210465189990
0.0009544877337155488242748221119
0.0009562610404020526513269787361
0.0009554484935234726635819584000
0.0009546378797913514746051511156
0.0009538286482590213827510194508
0.0009555960846661787431652063219
0.0009573611553114451756834703917
0.0009565511275863390918846382539
0.0009557423207744334006300570369
0.0009549362550421810107496018370
0.0009541306557185311930992277309
0.0009584522075403378154567190422
0.0009602050982188003539637094199
0.0009593963892657495656518360462
0.0009611463693349254253207387190
0.0009603387724912039393363903041
0.0009595324614914004406169136952
0.0009587286576656773982746613022
0.0009579248302358619266197556668
0.0009596683769235205958550929344
0.0009588651113307188593811767084
0.0009580641186625466798284542895
0.0009572640099754620933373399031
0.0009590016447931280623103457119
0.0009607369036901922311524781117
0.0009599371033720075072084143759
0.0009591378757270757525040250860
0.0009583401003007318189477191813
0.0009575437715565226154674706176
0.0009567483139115697103355406775
0.0009559543356117791583198064420
0.0009551627484061215758638899101
0.0009568897973013358558277044662
0.0009560986728877810313402751599
0.0009578219204187361236574572896
0.0009570307277381358799963521599
0.0009562405443925480720026973726
0.0009604670279163005300333788907
0.0009596751555656593884677975419
0.0009613880067818832825942195561
0.0009630984788395689185193705437
0.0009623066218121575919186202098
0.0009615155220892957337751226918
0.0009607262779186367540347078003
0.0009599385613279316284077971336
0.0009616432579694892302675306250
0.0009608562340102262675635676908
0.0009600703539382390694047988183
0.0009592856901668040152238199251
0.0009585017135333734679282009056
0.0009577196239472651320912709198
0.0009569388163160609051741699920
0.0009561597777050611292164482355
0.0009578561070969345352683174467
0.0009595494379026818941943784875
0.0009612401514647781391138960311
0.0009604586205043483997917807316
0.0009596799228976533696421272853
0.0009613661189159351839291750573
0.0009605877267202523479953382774
0.0009598115595593290604362896665
0.0009590359201309568376979226153
0.0009582605743686269807296969237
0.0009599414297174240974011279308
0.0009591666070114284163622913156
0.0009583938221861564299161380783
0.0009576215075179737400049644764
0.0009568513802066556689334052912
0.0009560822269862408192421196781
0.0009553141685931312155101403688
0.0009545469068362385553706340465
0.0009562199867649839723008254183
0.0009554531577142732171802258918
0.0009546881530317870779748973495
0.0009539242320371645163969218590
0.0009531613182580321908168379161
0.0009548292329600184302714191621
0.0009564948378050785263694348079
0.0009557319917655844824092297552
0.0009549699761928888402416163596
0.0009542096430447580659619018871
0.0009558694617586784437073868465
0.0009551095547333512624004527558
0.0009591813641847104748975507823
0.0009584190772161509789288036744
0.0009576590102923147244880818311
0.0009568997346551093635965663230
0.0009561421054918613069286001433
0.0009553857543520099988826926572
0.0009546304601189570706826519972
0.0009538768747492683490555039213
0.0009531241222274451572746265006
0.0009523719103258270156114032553
0.0009516211806549030795709622507
0.0009508720746897578802282751950
0.0009501238642187627586358877699
0.0009493768367584208360735827986
0.0009486313509309347709161758943
0.0009502738076221439988157692291
0.0009495286458329810306927953226
0.0009487842257588514145738674817
0.0009480410500229859241146610483
0.0009496782980824180979059414411
0.0009489358048414852857962834931
0.0009481944051312170842769056881
0.0009474545285314170233116467799
0.0009467147357999686408618189818
0.0009459769632402765407219665731
0.0009452408479505175254409904433
0.0009445048820148519645793455583
0.0009461349403950191252421353500
0.0009453997833143686698891427528
0.0009446653454997827007513683632
0.0009439324104252694265864361978
0.0009432009032347343439273363193
0.0009424701077019061512763636249
0.0009417413754656038950977523646
0.0009433641406304328591484147542
0.0009426349928005996584787993924
0.0009419073615719545937340100698
0.0009435269310901014430303294466
0.0009427992818146568666065411795
0.0009444157934945101929139042200
0.0009483696060615341248504480174
0.0009523168781793437231225633058
0.0009539220038872513963805002720
0.0009531885716815486560665661524
0.0009524575424036161547551097283
0.0009540589885240936216537099035
0.0009533276393099643578418282532
0.0009549251747741850559255647539
0.0009565203931134783463610141907
0.0009557887680391075900079455738
0.0009550591807594050062097780816
0.0009543300108501016805718055533
0.0009536017488321127727543713261
0.0009551921500023834011842779871
0.0009567803960551931214963476122
0.0009560525610394820320208482223
0.0009553256714988050884539459912
0.0009545996403557263714091568445
0.0009538746477559118038926772727
0.0009531502310845040712373433841
0.0009547324909935175535450850359
0.0009540091931239618699434388786
0.0009532873917243025077695857703
0.0009525660842559284000539463099
0.0009518466378218464273142770382
0.0009511274497670125670237409154
0.0009527035553475774921076931632
0.0009519858491777638203361513938
0.0009512682595876839263341736843
0.0009505520337265966590370263352
0.0009498373759361123668786551221
0.0009491228991588125644937153219
0.0009484101929852203913698154395
0.0009522626574795514175891137539
0.0009538288317599291782377087405
0.0009553922122966738235176143300
0.0009546758981431439412265191392
0.0009539609373586785846489777985
0.0009532472581596348910268784558
0.0009548072025461326640073201005
0.0009563645299013449223898367828
0.0009556511431840715637862767444
0.0009549386114189731343007876613
0.0009542270785769309558224380514
0.0009535174329928475114915616492
0.0009528083012163441109351678379
0.0009520998191168136606353905516
0.0009513928737194835182883250551
0.0009506863685702840248192731032
0.0009522363985517788717116683291
0.0009515306588129197733940620554
0.0009508259700686222900723067259
0.0009501225342917913856564894949
0.0009494196680249496827423180385
0.0009509644599001307708459417590
0.0009502617405134090912335251067
0.0009495606747341406894248930920
0.0009488610555174667416544382666
0.0009481619302842522719025471122
0.0009474637723659672629929670017
0.0009467669179511584267956313888
0.0009460719921629538912437383331
0.0009476106024859223448360615047
0.0009469155782708517543024012546
0.0009484515672725281357947018436
0.0009499851575046335352819557579
0.0009515166723727036615147640614
0.0009508204924332726115581317525
0.0009523490252698340431978958412
0.0009516529206893962295253665476
0.0009509572334555184323899064096
0.0009502637085378522106684430576
0.0009495707977244617713467838168
0.0009488791033991386055154885635
0.0009481879528612759363732853983
0.0009497096468559684435049374972
0.0009490197695061661691961534916
0.0009483302313331041728434756751
0.0009476420337703741538134194860
0.0009469539055575042138336549048
0.0009462674476010575272321645885
0.0009455818560938733965532295606
0.0009448971294130490360391689056
0.0009442133987389943982284879623
0.0009435308613910657063194408943
0.0009450450198256824754878157624
0.0009443637007315117418546493211
0.0009436817426583099366457328373
0.0009430010383268339025716614539
0.0009423219163050484445676901326
0.0009438320672967487929655459005
0.0009431538997125531734104263729
0.0009446612672672988764439650342
0.0009439828418998581398880820976
0.0009433061877902404069753916328
0.0009426296515034342115780445801
0.0009441331847614543565797413607
0.0009434566316902837244032768713
0.0009427817107001870275757770383
0.0009421078036739655224032267166
0.0009414346241791294502798991193
0.0009407625425175329825460082842
0.0009422602215287652972089228836
0.0009437555565051741727651904259
0.0009430828632368051998367833447
0.0009445762915251489305802599130
0.0009439043009166279296920260585
0.0009453951012101040274760915983
0.0009447230933817640245372745288
0.0009440529594443487229489908202
0.0009433829981241391433476538448
0.0009448686151297730463059929687
0.0009441988968900063314908652453
0.0009456831863554978437370510260
0.0009471649737908697417486481298
0.0009464953117379473899331089822
0.0009479740275823140866757091896
0.0009473052613844620405510008950
0.0009466369893663247877358845902
0.0009459697294058513815810317588
0.0009453044433372033815141482468
0.0009446392005914946042811909534
0.0009439751576267526366423674295
0.0009433118591809021006032048049
0.0009426496269399253305676454870
0.0009419877478891296318095613489
0.0009413273157166410007752052567
0.0009427989846910762442296514394
0.0009421378187183006209051449842
0.0009414782275408230627107276113
0.0009408194996087599578282646901
0.0009401614400726445701260103239
0.0009416293168657800345417785402
0.0009409716475735617557433945046
0.0009424358541642804167008802112
0.0009417789556698215153047901732
0.0009411231693081528916102212134
0.0009404683649528742657210234036
0.0009419289941421851200879968783
0.0009412740301648840066479630303
0.0009406195974028457891429383824
0.0009399670362151113666226691042
0.0009393157567618179788893329321
0.0009407719724005371848074989129
0.0009401198395165497102008542030
0.0009394698246302773985715410227
0.0009388207137356021090101309894
0.0009402730348004817151621037957
0.0009396243948344824539427342637
0.0009410737613095490291035698309
0.0009404244501054458743550965132
0.0009397764970559536914362610869
0.0009391291736210420292699070429
0.0009384833487508545905897044138
0.0009399290624192053565003301194
0.0009392835449108931080326273481
0.0009386380974649159674032634174
0.0009379939829056871578567725509
0.0009394361720733263967637590789
0.0009387923322877961536856708189
0.0009381487489250660492223063209
0.0009375062883099018871132429914
0.0009410245867179404749521142894
0.0009403813622795729689520917190
0.0009418157801162363569890032891
0.0009432487944223347901427453257
0.0009426056819662461616510931269
0.0009419620707971217051947702929
0.0009433918522168700361161197800
0.0009448189247354418663587486424
0.0009441763725011915021691723634
0.0009435345584986322369095963500
0.0009428931362782199697820779517
0.0009443175898536867601531831919
0.0009436768832085942920119729279
0.0009430368004159485221098667746
0.0009423980885742114282093115503
0.0009417600592614578146526804998
0.0009411231022688395721233636798
0.0009404864961023044358567599357
0.0009419049402659022679382644343
0.0009433222663161153408027647104
0.0009447368620553404795522474861
0.0009440999665749056526420362126
0.0009455124906801046180971339727
0.0009448760291297499568849254562
0.0009462861167554078855881582614
0.0009476945276345078389548228369
0.0009470579708939362017925136182
0.0009464220883672270264969346919
0.0009457870023152200826244812208
0.0009451525875662361622341155602
0.0009445189661860007422163969609
0.0009438861980735335955903263897
0.0009452894836811017559488875788
0.0009446572331814864318063636358
0.0009440256479076694556513052789
0.0009433950339581015516154074828
0.0009447948206968589700433151898
0.0009441642911688032994208204519
0.0009455616244644220250247200414
0.0009489827461653652536268553379
0.0009483510472081171250617747987
0.0009497432658518958823794669962
0.0009491118418178554298157712555
0.0009505014892842106051594155510
0.0009498705863600088975557940187
0.0009492403410542427057250068679
