3.653975281634006868512841997E-15
0.000004894572699155836567598754736
0.000004782313195865330483197041252
0.000004805484565981738494291240980
0.0007588087780824270888133087576
0.0006084828423167971524784545495
0.001011276759889306349177493854
0.001299098616324197264443418230
0.001137622612276441583749813158
0.001011939549918410924611327072
0.0009112948263515783963385738714
0.0008290156668198220385804385273
0.001012195029057986905786672022
0.001399704746302574449217409562
0.001300176190718287854302760430
0.001415329902113877670312833627
0.001327235806673836608774337920
0.001249488875564748385700656673
0.001348290604610919324001114746
0.001277649396106700958582475011
0.001214036758016537231063791872
0.001156470867354507028803861484
0.001104148336181789186467426750
0.001056373613510682692770214069
0.001012570836085735759073505960
0.0009722818624916510622288277877
0.0009350899953849280843429535863
0.0009006596629574803591667283421
0.0009766610063363507554162180528
0.0009431839886373091644429878349
0.0009119227882026830492530054522
0.0008826866354940219748456987233
0.0008552571542707207574112354945
0.0008294729271024816437794478222
0.0008941512503690329032527744972
0.0008687525719358460028176254127
0.0009287427726195161541290415504
0.0009038020793806783133513264123
0.0008801709895583521452136488808
0.0008577481950583969951962888503
0.0009120113386498895348416275519
0.0008899087563887314213211318495
0.0008688540639723645295573859081
0.0008487720462918148784185375836
0.0009670296809685647779861325387
0.0009456710068047648997659392930
0.0009252188875085664792933242682
0.0009056446736952333423458671997
0.0008868801618608643378585715376
0.0008688972881047641303418276672
0.0009121071685887947856052840304
0.0008943292211415414203255760757
0.0008772457770911146104336249427
0.0008607920756044072375362640230
0.0008449476577353976495022485675
0.0008296809568897454178753185257
0.0008149512323391295997794320648
0.0008007526981778872945523194148
0.0007870326403419502189038651441
0.0007737822410460093387644369875
0.0007609673475780164016595325622
0.0007485815468410082401028401805
0.0007365879737578805347559303343
0.0007249871539574470158008126854
0.0007137353698146280628253081825
0.0007028325569363203241761703975
0.0007838787186082972936383215655
0.0007722545583470421552461471758
0.0007609749251150902022712828641
0.0007500129053763344529902627957
0.0007825639019762826477481750527
0.0007716143341843486924120150445
0.0007609714302471384611562928861
0.0007506238235727231704547040385
0.0007405484254490620551999101958
0.0007307489917144000447357232628
0.0007212001755136463984404599254
0.0007118934069799655861167405112
0.0007028334549780263918523790752
0.0006939970499465997801581447113
0.0006853883900738292491404906365
0.0007143216811565010124311669601
0.0007056729014032882909122496425
0.0006972324979991231088946424667
0.0006889984829411827776124965747
0.0007165290696223717821384943727
0.0007434140717849946668503265925
0.0007349363073464333403273431107
0.0007610001700138379787944919889
0.0007524999353567425014967823715
0.0007777864831828978326489458891
0.0008025233760573141670994401873
0.0007938669086473845894301266583
0.0007853877245798945511347469309
0.0007770860100532562845136556968
0.0008007926852925980237520605850
0.0007925005953150686317954864669
0.0007843822883234839620602166956
0.0007764315127474873874864510905
0.0007991676367118451037393695668
0.0007912335109830765102749170303
0.0007834447017379124641022715979
0.0007758318096069091103378782277
0.0007683472951200605886995563055
0.0007610116332038108324685851439
0.0007826142688753579189374637630
0.0007752844887432683073252594514
0.0007680891343537146013874606747
0.0007610236244932523069519287089
0.0007540885853338164757096802936
0.0007472821288790497838568003152
0.0007405991199325682747186478391
0.0007340354386519128767391738620
0.0007275879199488341139707931388
0.0007743032696992654446696152668
0.0007939092101892074487775374967
0.0008131779371887868446190224586
0.0008321196591230149673336776650
0.0008251064078009159321343972067
0.0008182156312333293308950040360
0.0008114381672515933038283421096
0.0008047825510313988890082768598
0.0007982195287951547983185488180
0.0007917647029246066572950170493
0.0008098054666561787143012696912
0.0008033722115494984742024512647
0.0008210396044956726476955759091
0.0008146069507082442325621913282
0.0008082869542150527712890047473
0.0008020628057224922703162390590
0.0007959344073345304976237556403
0.0008129756212874002414732160354
0.0008526678054231315657289635793
0.0008463012992227603637965099797
0.0008400276398582751965053741169
0.0008338422888690831966613567847
0.0008277519301386837053954656040
0.0008217417921317627227941513364
0.0008377286231102220638458374545
0.0008317364775243814402085657622
0.0008258370044890770137039912813
0.0008414605145885988542949127480
0.0008355706102368051317056874481
0.0008509082020107743729360381484
0.0008450408524400118196796008513
0.0008601033828028926294159311413
0.0008542471522305458281378146682
0.0008484724594960125516353363519
0.0008427708512808285810121784670
0.0008371525264995578368799109254
0.0008517675277297817771546045557
0.0008461549448707092655399245898
0.0008406246376483497545025874140
0.0008351576424482917293157169407
0.0008297681804089655756506146283
0.0008439564459509456969412081846
0.0008385767434712226074242892013
0.0008332673161601959193455000675
0.0008663053362894414627368604259
0.0008608854301982764655015402358
0.0008744347245465588562550799063
0.0008690435888857497718515088715
0.0008637110986644701163770416048
0.0008584526139440571755985485344
0.0008532541890884877180302800616
0.0008481148881400190634140596224
0.0008430386056402967556704314583
0.0008380236618881516253441631561
0.0008330656916551194337078687370
0.0008281712665182803353637878729
0.0008233290365168912793595755738
0.0008185471825272079642179393778
0.0008314016282034061971009819609
0.0008441043014512526280844096792
0.0008392811122694672339659878495
0.0008345116494396667760484523427
0.0008469801426071724443900079984
0.0008422226259741845823366555505
0.0008545066859271831694495636178
0.0008497663941843190980668888364
0.0008450706527151260823179891645
0.0008404308403175097026842582128
0.0008358399997560385149934180215
0.0008478233230813598774432018726
0.0008432476777383531745228833982
0.0008387180329292994872271048149
0.0008342395516791042184481418434
0.0008298045611453701964953552398
0.0008254221044498354142692442179
0.0008210797258384232500968824433
0.0008167888340800162110570321741
0.0008125374370568573209857424941
0.0008083295316782519041350485475
0.0008041647548206615614473864919
0.0008000485728449686298949985635
0.0007959708512769544223619560069
0.0008227913444001574778468766634
0.0008339921251204840351064761053
0.0008298079966495963082501333529
0.0008256654575706793072621393051
0.0008215629685075721769152463387
0.0008175035744954999762336244386
0.0008284519391094512340747025741
0.0008243940951725399767579244362
0.0008203778256427679981341575408
0.0008164034173823090773954087376
0.0008271445436405463141432346624
0.0008231736345932784648444133680
0.0008192444251608198158165189366
0.0008153462458974292839030999895
0.0008114873683715870827068337870
0.0008363255782206574335112742913
0.0008324019903243558621127221494
0.0008285143838596398661798204117
0.0008246682401800055962173660404
0.0008208536168859893977911152132
0.0008310798547621324697040406717
0.0008272733731803026863208464168
0.0008373734112908716250537697069
0.0008473830476567785021964461098
0.0008435552000788420764340656611
0.0008397619918866839540450386010
0.0008360021303160042488502161731
0.0008458369907459321094391739061
0.0008555875369267689675414085389
0.0008786810812027216022676421710
0.0008748157810256899366158867855
0.0008709863340320190399965001956
0.0008671876659056825540536724179
0.0008634233715935574187046834833
0.0008596959925449962832903294313
0.0008690845297929050840183348838
0.0008653595503151195995060675648
0.0008616661507363996212189890511
0.0008580054904532638442229072548
0.0008543786266162501397784731811
0.0008507783138530987244131729249
0.0008472091549879322117339527999
0.0008436699881294439903020991051
0.0008401627341608420181907380754
0.0008366839441109222708664606812
0.0008332313632431625811259030123
0.0008298099624555957213585163489
0.0008264163435823974811930605963
0.0008230490402471334227648569993
0.0008197118243246058188638588319
0.0008409862031818058629213415381
0.0008376008112213812771515605737
0.0008342430888616311779685913866
0.0008309108647285761084022974752
0.0008276074933844979242373000748
0.0008243315364460569565485658643
0.0008450821614320949755714806488
0.0008417619487701193198606523790
0.0008503717010595337796006659529
0.0008589153635737250090794007682
0.0008673901363640167833418975278
0.0008640362241636939490736486825
0.0008724275844382228571498755699
0.0008807527357430255649151827157
0.0008773794401929464761939468505
0.0008740400580196014305717314754
0.0008707233719242374254958287916
0.0008674305153640544731956205201
0.0008756190068229957656492466725
0.0008723332174722715168168953579
0.0008690721326355270488345686361
0.0008658330746263415020163990791
0.0008626202371283663810998687788
0.0008594323065781263050955029296
0.0008562662948733609394846137295
0.0008531246604347452325129968577
0.0008500061258368643385766562917
0.0008469101013645346408114525505
0.0008438366751910953733200015791
0.0008517836199508164262127203509
0.0008487148066806132874835997156
0.0008456711240249180817621226894
0.0008426470326797646623154000493
0.0008396465877967762341970628995
0.0008366659391823303741224911028
0.0008444672353483088459152612231
0.0008414929035730805016649876767
0.0008385395912195350605886581103
0.0008675469824042883830080754600
0.0008645210519858787189886145991
0.0008615162823970557023438904689
0.0008690679071582566666821899554
0.0008660681777906348998684979778
0.0008735514771945232023832359496
0.0008705557506286155626350988973
0.0008675834427559888724800445644
0.0008646277303228616117763360310
0.0008616950041491148616167079223
0.0008793548947941497376625131917
0.0008763899578172753353593372859
0.0008734472182866410453287421526
0.0008705239870119925327125592919
0.0008676209872318561690847036401
0.0008647358747604119512673445473
0.0008618748773465724642506967848
0.0008590301522436202252473179163
0.0008562030536394812727436935098
0.0008533940113368079192544472229
0.0008506013407486377981126224045
0.0008577427958387214305653890764
0.0008648387730307042454417333649
0.0008620396912165718705252588867
0.0008592578938763180559945209159
0.0008564920270840378120268922339
0.0008537448183445805064435565488
0.0008510177016430604887027351207
0.0008579976023709813002386213346
0.0008745955788159783592384274078
0.0008718237424834438235741614156
0.0008690741538384631263396962211
0.0008663398890100313015067273118
0.0008636211924355582044604309489
0.0008609198820117079514632470913
0.0008582352202508235597527167474
0.0008555704831578198820472838986
0.0008623393691166055024061326924
0.0008596787213105684966780792954
0.0008570322813648008305261161763
0.0008637365250366171978149205898
0.0008610969828937939400990379490
0.0008584694233720063342727966795
0.0008558640537155947410856713256
0.0008532701422038566439301366102
0.0008506942238319707698955075888
0.0008481308660926924101068342938
0.0008455810607953957251942908115
0.0008430485453685735000392004798
0.0008586915435438752404615038464
0.0008561352145804861665662081399
0.0008535948050507797568177853518
0.0008510724011652098414702383739
0.0008575330006831019800969278802
0.0008550111633262902637276662835
0.0008525071734206409510972984880
0.0008500165664760019616180863375
0.0008475373452013254847527331377
0.0008450758334135479333646559794
0.0008426257389851821302963041961
0.0008401888244709347004567121569
0.0008465335502265232179583148396
0.0008441020726346005366366465929
0.0008416838183480279292130612559
0.0008392812140049973125518069116
0.0008368906300785484225638446334
0.0008345155369588492303696733288
0.0008407681491249032469298407054
0.0008383944048107657265697177344
0.0008446014654394698960549917172
0.0008422298756695139419591848761
0.0008483898752380498089863480096
0.0008545160398203512874454777107
0.0008521353259899773685144963925
0.0008497674009913980608009717444
0.0008558357320245841705112962463
0.0008534729708867606201695336218
0.0008594991935472352215952099717
0.0008654936403195211052921119364
0.0008631230009075552250400101857
0.0008607684472739514377968462976
0.0008584265472909550305328081381
0.0008643569123961819496933821713
0.0008620156695383097230406290570
0.0008596882245990048796763193296
0.0008655684465128804091988253142
0.0008632420017450056302204147328
0.0008609293313513286035338797092
0.0008586288482507915827229430607
0.0008563402592553182076855266049
0.0008540636133333781934235602385
0.0008598632883383019475555716736
0.0008575905998607721160833856044
0.0008793913195627910834019299997
0.0008850799009505261840700215481
0.0008827598760921479615908861771
0.0008804496109827764590257286708
0.0008860903024751824120041338374
0.0008837858525841191875630652452
0.0008814924126295093314423433707
0.0008792107462824950291381488177
0.0008769387925130850217345822955
0.0008746812188755994796386537740
0.0008724350758983349570743072169
0.0008857871129870100479493543764
0.0008912967503816241287622387895
0.0008890250058149068479301125540
0.0008867665609171427655402465484
0.0008845152020385120629720175018
0.0008822759989275148904076817241
0.0008800514140395184306348486267
0.0008778360068965841658275752778
0.0008756329439259223212092420340
0.0008734400577476508066327256633
0.0008788569391497808558659567792
0.0008766676524401649582147832453
0.0008744861089904419614239214097
0.0008723179564869461774040097239
0.0008776852074766303756298155941
0.0008755196491591565810323143798
0.0008733639051438474348704176352
0.0008712183539742276816221240725
0.0008690849499612747888657333504
0.0008743933093857644180311832424
0.0008796725076438728528310720850
0.0008849263384055511012610691849
0.0008827798678272149076419797342
0.0008806451707816312248946993051
0.0008785195109401013675194900194
0.0008764043662864277536386768444
0.0008742996604835694893312415497
0.0008794924658835435795485316491
0.0008773906754037116602053846283
0.0008752998431416045574211218410
0.0008732157298830419203103464197
0.0008711439677343159089247332937
0.0008690831605096536836111430147
0.0008742139167222722523571496238
0.0008721532157613920490188370586
0.0008701047264527087180071549831
0.0008751959080209837770802281232
0.0008731474425826880316009571511
0.0008711081638529242710380992998
0.0008690803657295123046134965561
0.0008670616153097908088831826960
0.0008650548365971597233046961206
0.0008630580299075676446670318014
0.0008610664542405119956520340521
0.0008590845224999802541348875774
0.0008571147315673108233504311598
0.0008621185380316234373854286876
0.0008601482766519974004460442847
0.0008581864233518602875635637676
0.0008562339671852656462800136763
0.0008542899361144300131768896308
0.0008523565010736101712404963935
0.0008504295663418333295985522254
0.0008553697309078900253267894497
0.0008534454364054008507856605059
0.0008515313653460212334039525383
0.0008496259659046490052558883744
0.0008545222961449955401902091845
0.0008526184799233545815971110076
0.0008507231816097545845007744129
0.0008623348628304487206430238896
0.0008604243286814397070746235877
0.0008585249297708113915469914989
0.0008566333448814688163047463992
0.0008547497246842421727621279023
0.0008528736124466945052575032229
0.0008510081836688040670162310733
0.0008491491467826748726423194308
0.0008539330861332302331719219820
0.0008520753814661221625771778696
0.0008568279879971438100281416995
0.0008549726692823578174092236603
0.0008596991105407423379214458453
0.0008578432303651347027591009280
0.0008559979593662314672553568072
0.0008541596710363323785799868910
0.0008523302925333949559666698360
0.0008505083887878911563081734599
0.0008486958752328312468768624770
0.0008468889679370038812251988028
0.0008450913468035802173291312062
0.0008433008057843356299476050451
0.0008479522983045416615348387022
0.0008461625092184705584795061939
0.0008507876481149003883764040690
0.0008553936176108824080662395949
0.0008663585318610935343027377454
0.0008645456430867268860262771217
0.0008627388327349392062705031399
0.0008672815079833537207763523368
0.0008654769171241996132270917035
0.0008636811986126911598319030596
0.0008681937103092841449518782236
0.0008726859370971848406757767730
0.0008771618027267028272222538705
0.0008753554365637194435945810426
0.0008735579959562355011383841943
0.0008780006040722436824042579159
0.0008762042296842413318593539715
0.0008744163575461320643194254668
0.0008912223767735020727687846919
0.0008894096083121087614470590156
0.0008876057330136901033263339481
0.0008858090189212033523559888285
0.0008840184924030384490902713561
0.0008822356005714871511115957926
0.0008804608534300403602402318433
0.0008786929069099058595078378520
0.0008769317201191154078594786841
0.0008751766994349505892660146687
0.0008734292784361729748070483793
0.0008716886775291719892086754560
0.0008760019315875369661587297464
0.0008802985156991240130683248121
0.0008785551800580215824770033822
0.0008828292411123593159449886465
0.0008810879839550326877404208329
0.0008793528975647656375845108899
0.0008776241263632713824848230948
0.0008759033874267081417003304807
0.0008801413945592885927931581914
0.0008843623178837300520002701815
0.0008826374628440500764379172453
0.0008809204331343434832623654923
0.0008851177143772585604524285135
0.0008834009383117950094334455543
0.0008816914253357567735331340429
0.0008799908127388315699359241485
0.0008782953658101287271958050181
0.0008766057757647245024076994762
0.0008749230627080312001768114106
0.0008790721849399608547525471342
0.0008773917288528845942975722432
0.0008757187771833501588684326117
0.0008740503067258531096955343415
0.0008723885667330643160170808317
0.0008765043337078165349949239333
0.0008748442497016731572417912025
0.0008731896073097165028981607720
0.0008715424603284852358722648016
0.0008699013790634096165760197945
0.0008682677824524356168915490038
0.0008666394177189149127880005449
0.0008707112379865052378707821292
0.0008690840578211645804105927233
0.0008731370434670994388857356187
0.0008715119290227465801184623005
0.0008698928897386281826633561240
0.0008682797418505777623534705007
0.0008666748841895059516142337202
0.0008763141378439207905007667380
0.0008803072350573104303642016057
0.0008786858823395362688900402541
0.0008826603414464237579225478978
0.0008810406298505746039093201207
0.0008794277271281915359964909687
0.0008833795780849033342109854936
0.0008817686383155683364289278988
0.0008801619227637787043503029093
0.0008896179248146013541339694539
0.0008880025828885914027207197141
0.0008863946261259831079911871654
0.0008847920170034644766924114522
0.0008831948927337336696932554607
0.0008816073471743394306338305630
0.0008800205991135739249891462075
0.0008784394139632842258228919527
0.0008768672249170126162096794076
0.0008807377328649329141670514230
0.0008791655212724241328884879446
0.0008775994014759173778314351560
0.0008760391461844821716513608166
0.0008744841362727583010602865145
0.0008783250939716020132155069067
0.0008767708990075384995865279975
0.0008859650108591149180038525177
0.0008844038556102537963674894800
0.0008828489372467344060331878999
0.0008812970865010813627207956395
0.0008850858232623904272318974619
0.0008835369491300484387276652358
0.0008819934572417235935317984865
0.0008804543185721270600997586388
0.0008789215340056079108432704706
0.0008773937873594582096243344335
0.0008811498241044575967474504482
0.0008796227856208082318889853227
0.0008886206997462899351284855674
0.0008870856112400844107270110738
0.0008855564783564346265887266245
0.0008840327945959680048696043750
0.0008825163444716531991067324450
0.0008914313871462416580497112712
0.0008899064043524073897579036819
0.0008883863479246978688288040145
0.0008920587907078688499489235288
0.0008905405673748402326691034330
0.0008890289435984776924164740220
0.0008875198226484330000902019194
0.0008911668459611263725704923676
0.0008896598450363348475976740618
0.0008881571837435179389725175640
0.0008917855136026398953583718717
0.0008902854250753888321317712269
0.0008887890126048425973220443106
0.0008974992764847623359595695228
0.0009010871382122298210853593524
0.0008995799632662869173668699761
0.0008980797927656137530185603265
0.0008965822440687310620544534390
0.0008950918866554626554194661641
0.0008986551943499089478028698047
0.0008971669199910004256904056452
0.0008956842075534958576382251072
0.0008942045965975120924978579733
0.0008977442207861913579664262264
0.0008962668562568936802357513410
0.0008947939213521159120607216058
0.0008933258475763304817671649570
0.0008918636666270261380089053981
0.0008904056879792665702913622232
0.0008889511500594527138462858323
0.0008875022809893069820551181579
0.0008860584485313484112076314622
0.0008846199574491087443529108170
0.0008831850691103707944930626249
0.0008817544336468186179916887127
0.0008803294923217365173825886312
0.0008789085827722031390313499940
0.0008774936147408586799534122210
0.0008760821886912106124006678442
0.0008795615208098604573717768346
0.0008830287435054124086502526596
0.0008816158120630238660401497425
0.0008850685523049589029816959226
0.0008836559758259681425363770750
0.0008822470317350284557062379401
0.0008808435149197537083432759794
0.0008794437510138732059680023682
0.0008780487441812772929766651229
0.0008766586172340928684883518426
0.0008800801176008147825665071306
0.0008786921965679618953258060604
0.0008773078041458014955582528044
0.0008807120365305394109246830659
0.0008841077232993594795301088022
0.0008827209066265330724986042832
0.0008813386017853323299991748361
0.0008799604998454844610782606591
0.0008833338473468469818775137670
0.0008819573689354680414472901519
0.0008805849118156219477321068639
0.0008839413281881983955768270010
0.0008825707722283920993011224085
0.0008812037733919619577371784249
0.0008798424496282780615794303353
0.0008784845007059014362884782038
0.0008771296272508882884930598588
0.0008757797984281966052353009238
0.0008791086017646043960075053297
0.0008777593198349827032619054336
0.0008764156061762311541800709944
0.0008750753230852779968534664228
0.0008737400011868988607086440746
0.0008724065289377131006176382434
0.0008710792436299683532007242998
0.0008743773078273096374807266098
0.0008730498086604791188124347386
0.0008717269148644046815122337688
0.0008750105244106447688602137071
0.0008736885323531492065543322322
0.0008723694413629164002161083176
0.0008710544866229952766055445063
0.0008697447562887520424070820198
0.0008684385681744688523042434877
0.0008671354915772076469495370990
0.0008703902974839916721634960629
0.0008690897899249357200168874030
0.0008677918804105207958666661673
0.0008664995097961839865072545596
0.0008697379163605120204861410401
0.0008684443107803558268016711442
0.0008716700649144420817635687849
0.0008703787995086160784732898943
0.0008690916497991801902674260426
0.0008678076450110232677078605132
0.0008665271785884828188747790929
0.0008652512662714296154569182748
0.0008684520303849342920981675477
0.0008671765565817339297087040663
0.0008659049807058182390000322293
0.0008646362062565988627142104645
0.0008678202581989895108247594969
0.0008665544134632783786291623666
0.0008741582032908647444677487126
0.0008728857136596136488690780706
0.0008716166769682389491098730296
0.0008703526816417177510313976230
0.0008690911706098737011194923157
0.0008678327991340541675011596475
0.0008665796821343785669974088920
0.0008653303355233637558269755288
0.0008684667057733907590986992675
0.0008672183772968656501186667715
0.0008659723334057584185266704081
0.0008647288289634105833610980391
0.0008634896993220969385474829961
0.0008622546625154973546152186056
0.0008610235691292420756628616695
0.0008597956144525209767197428100
0.0008629036555710443900772852597
0.0008616770484706594685795023068
0.0008647739637772679173476498627
0.0008678612603797000931996611088
0.0008709409347260854498486906563
0.0008697097435646597356655179606
0.0008684811919294724239064426852
0.0008672563331225626345708615363
0.0008660349443218358935199473526
0.0008690950339914751430087219517
0.0008678742394807042103341801569
0.0008666580507334556069893950303
0.0008654452650715849633467388051
0.0008642359137580907798005510553
0.0008672775550817920583137943217
0.0008703091240198963506525829662
0.0008690972726737124523056422234
0.0008721188409034616534214740541
0.0008709074634219049907363306945
0.0008739171850428909286469170244
0.0008727070596656455878837806065
0.0008715008097355638234767598698
0.0008702969612584370034368021502
0.0008690975268791052906323358139
0.0008679014147459592007310229030
0.0008708905710132521945068123813
0.0008696960450658766672277703642
0.0008685025915379257181520000800
0.0008673127546303881917158258930
0.0008661266944780755865137481473
0.0008649438927686743211983314051
0.0008637649636330613561125867120
0.0008667313744367966215752651762
0.0008696889175932363834424272341
0.0008726392136602005581429900381
0.0008755816266398806067744077610
0.0008743958616842656395191172034
0.0008773273798959654733370416955
0.0008761435623678824803323413050
0.0008790652511665947369545712441
0.0008778813166845663584612606763
0.0008767000361219530871152561393
0.0008796086335406762403322450040
0.0008906707474313895040265384605
0.0008894776309779736639184197045
0.0008882880938519199254839476473
0.0008911653554689807836319596383
0.0008899769177490950365770708824
0.0008887915018723084386107943081
0.0008916569021569214499351273312
0.0008945140293694555071752825623
0.0008973643829329659563614314654
0.0008961738941650428994664569727
0.0008949869070504418176579275110
0.0008938052147750125110329874047
0.0008926254110132060851073833063
0.0008954587609270478716906642681
0.0008942802715577774694677801485
0.0008971041792927287436170459993
0.0008959258890219612382388770734
0.0008987400542674975820271368039
0.0009015476224921463019581949055
0.0009003678957084958817827217955
0.0008991933482658014428919796149
0.0008980208991486726554195115086
0.0008968501931989680430893928859
0.0008956832709208217318961186521
0.0008945196385597388832997951198
0.0008933590443393106102708832395
0.0008922021922056838760097007624
0.0008910472800486464615045954928
0.0008898952524477969325637721281
0.0008887474060312953958107732876
0.0008876015873109546727569756991
0.0008864584999103041668932415233
0.0008853201308433456900354980018
0.0008841828263346775421217184752
0.0008830494016693297660725711239
0.0008819174826975869367104671911
0.0008807887126906352671050484896
0.0008835496388018713195566206445
0.0008824219065961094154851020036
0.0008812970263723817866147174773
0.0008801756523488458737457846020
0.0008867893335725625639824575682
0.0008856633429410773205014679093
0.0008883963380577380897218862750
0.0008872711680699045985696201973
0.0008861493268882419226189585980
0.0008888725659365242019287507442
0.0008877507266910145608680420952
0.0008904643371226305020029798702
0.0008893428596587928085218681738
0.0008882243334595612270488430735
0.0008871097874226203142635380437
0.0008859977062559558084118038370
0.0008925041013891823983076715025
0.0008951910373523763679494628398
0.0008940724199655244174055116183
0.0008967501720127046879011945263
0.0008956335514932726529262529456
0.0008945191531965020630900386760
0.0008971883644292385007212011416
0.0008998501114146936142555476351
0.0008987342817211500406178402810
0.0008976203193502456243312127316
0.0008965100386775843179105244686
0.0008954035399011288700940626733
0.0008980505350337078416387525681
0.0009006917640725224116677903107
0.0008995826353182771479456015247
0.0008984775015742304351267087064
0.0008973738217574743159152760902
0.0009037310470888864100146543888
0.0009063473260830168912673759363
0.0009052386019262827446621603221
0.0009078477251877897793654910053
0.0009067408919107159553796698525
0.0009056357614592688312908797053
0.0009045328883038326560230964450
0.0009034331079543451207483180670
0.0009023358409764026317879293913
0.0009012415424283132222488988082
0.0009001498409376486276832865756
0.0008990605726548180591620757758
0.0008979752545619336191185254733
0.0008968919494784192030912269680
0.0008958128415630017426029253534
0.0008947340987849527772004910076
0.0008936576325829954153490018666
0.0008962361540741119158540618256
0.0008988081548813195932165996457
0.0008977311123112530199225046874
0.0008966564419353930878445602480
0.0008955855645973873293282843211
0.0008981464353688994568850929594
0.0009007013987642154112678753985
0.0009032503381753259510855605096
0.0009021753836160749149566140222
0.0009011045285377496866907740991
0.0009000349183119033508686542318
0.0008989684033808917714866020938
0.0008979041009505510623412710157
0.0008968421116909806205022372532
0.0008993734656212742931355818757
0.0008983129045020574055782425837
0.0009008369164976541493998790978
0.0008997770252759677518886795123
0.0008987198561826736500371519937
0.0008976639944555388604558287301
0.0008966109467934000982337440028
0.0008991229961246524574541478157
0.0008980718941825557399394913025
0.0009041302437303740593667449200
0.0009030757091858986128003849794
0.0009020228117508610510168471557
0.0009009730230648480426757034062
0.0008999244054117357467670184309
0.0008988782377098375784198982462
0.0008978354726819026207545968754
0.0009003189979414802636585082452
0.0009098368953724490166674415867
0.0009087845995194092289860695581
0.0009077346417410395013913662190
0.0009066883802211657818156182465
0.0009056443454397192657002340657
0.0009046015619063041003456821025
0.0009070575682619509548756210357
0.0009060166181532026881440356059
0.0009084638714656589980055536670
0.0009074233831543350957085305149
0.0009063841310030156762513613022
0.0009088234702372193808747558849
0.0009077858375716031063128649048
0.0009067501648729446919655127643
0.0009057167600112235661931764215
0.0009046862435452437006868174261
0.0009036580823873649468383680659
0.0009026319551546016629022557991
0.0009016090568412785572030209902
0.0009005885391020644190237990447
0.0009030101203814347717866925677
0.0009019898096728862274303237843
0.0009044048227157861745990265269
0.0009033849329695722798852195857
0.0009057922739863580189681652044
0.0009047724561674814458323680062
0.0009071733063054053061913497710
0.0009061555163887664041868394119
0.0009051399179110675560401200887
0.0009075315218802929475657106762
0.0009065167633855856398462576424
0.0009089017546077129647922298096
0.0009078868115527850952040376004
0.0009102647140170077360126743275
0.0009092505179698547422741797258
0.0009082395122014784534068322561
0.0009072299376632817784639631423
0.0009095971408749370909958200824
0.0009085887216369237567376708459
0.0009075835675052779133276543316
0.0009065790206074845239270791616
0.0009055772146863951404004663484
0.0009045771243953284537050794446
0.0009035803677722933555164222791
0.0009025849065461482960529268162
0.0009049374858369198707094396172
0.0009039426240146552408483767009
0.0009029508674968414617199573773
0.0009052954921117778385922057140
0.0009043042283601114560436036461
0.0009033149441760550964899396739
0.0009056507350551022702352886007
0.0009079820009266405078742816608
0.0009069925407721344923388745665
0.0009060050471942529266121913428
0.0009050200376440445347159567794
0.0009040370585425540238109869187
0.0009030548266238492233598817825
0.0009053730710122568897684033693
0.0009043927204515966101177857244
0.0009034145030319776484765701011
0.0009024385118444790595977501280
0.0009047485496917147747419844190
0.0009037721367596965484847545805
0.0009027981368480486419784050353
0.0009018264434080415132834932146
0.0009008566529233684002921499609
0.0008998893524637934943548449679
0.0008989245098603140444241130277
0.0008979616117768595201885311409
0.0008970006495890098624371991974
0.0008960415572114358998930788233
0.0008950845250904043460803938701
0.0008941303248357717254553141838
0.0008931772946485918694040427215
0.0008922271871629000440937563744
0.0008912788183752206000759758320
0.0008935630751565980436639152320
0.0008926154024899156341278065277
0.0008916681891333164497893532695
0.0008907244553984939348253679212
0.0008897829245039633926427106982
0.0008888423245094657349778647565
0.0008879046934293593472727023673
0.0008869684513871042082853874095
0.0008892383038246240547828732588
0.0008915033142671421220677745379
0.0008937625099636937768744991884
0.0008928233771093154154791108361
0.0008950762209578670708745785891
0.0008973251971587596758076812732
0.0008963850872896099878122356687
0.0008954482060916468026487983419
0.0008945131963446188132391704502
0.0008935797648679534179510837809
0.0008926480022963842560091993747
0.0008917183827022246603976929006
0.0008907900379797497030308757243
0.0008898652589867357778201596856
0.0008920982482059933174162631646
0.0008911736521261606642650846998
0.0008902502193973001522937606215
0.0008893287083644535302940496859
0.0008884094938099040236216368593
0.0008874930436276262171062555930
0.0008865781149453347292495346898
0.0008856641341578765417613795161
0.0008878835317021743699234356135
0.0008869707539268105969802007402
0.0008891842325280583078474863124
0.0008882728464748480427541110355
0.0008904802302644496316765540734
0.0008926832561726929477138151712
0.0008948818433321296842748691406
0.0008939675954422677776325628383
0.0008930550370332044706537967974
0.0008921446438758903614487248731
0.0008974330347343160102667082818
0.0008965189820332281262475086598
0.0008956074535831556943268961624
0.0008977874072794776550854925095
0.0008968771920865707766516759018
0.0008959678994870213693365398100
0.0008950610179582298214297303299
0.0008941557020779058471142089688
0.0008932519473083690693298836168
0.0008923503062603106915804897429
0.0008914500300891554003256509609
0.0008905516709059482880979207156
0.0008896555007726073075497011229
0.0008887606801559978070755077449
0.0008909228476735677155750075111
0.0008900289233249023358143140372
0.0008891369859594767917152604197
0.0008882467529527381159515052631
0.0008873591397545429650653207091
0.0008864721775133380697916730086
0.0008855869030104666307309876443
0.0008877373863504725555999751538
0.0008868536576880882302150265533
0.0008859704155210262484948687397
0.0008881127827688305113038615837
0.0008902512351113013411284316539
0.0008923857845600204300837798088
0.0008915014617067974446796082569
0.0008906184445616526093637888581
0.0008897368207163618100416095212
0.0008888579502411516646203966155
0.0008909833758193234540159643300
0.0008931038577706820619165618969
0.0008952204995588890677275208248
0.0008943390459532558999490997601
0.0008994421268953416119547943715
0.0008985577010818260847580450054
0.0008976761962126155212157105678
0.0008967957077746304076781989151
0.0009018761676203070839666889539
0.0009009932785445474813369463232
0.0009001123057302373809095954174
0.0009022037998755548326687707466
0.0009042914584923795782048418527
0.0009034110097853293936387577397
0.0009054923207776089287038629191
0.0009046108976289803428147158134
0.0009037315554088073869133136099
0.0009028547350723504978224145622
0.0009019785541452276886836310030
0.0009011041703497277689059643443
0.0009002313111980220740190387751
0.0008993605063555857145998768265
0.0008984915718407087632758471024
0.0008976245022164360123793098694
0.0008967588481008233408178250538
0.0008958948719106265132072544422
0.0008979597244537202920293333674
0.0008970973207004041002831410701
0.0008962364059712639973044585976
0.0009012133642298034550494530309
0.0009003496111342480064158062074
0.0009023999612075298264050521183
0.0009015357597631622649683072897
0.0009035816424702872436826552480
0.0009027184057119280104254139506
0.0009018567380053434574686010291
0.0009038960884185354656612174428
0.0009030352065220084879254210146
0.0009021761471395702669486790785
0.0009013189054783328057170443347
0.0009004625145106828259510039404
0.0008996086310735035539471690694
0.0008987557649696293920972076137
0.0008979045859475488557302080381
0.0008970552253114007764367472859
0.0008962075664839405264581850826
0.0008982328169093445832809690747
0.0008973854756518027554635947708
0.0008994061174753546241835125403
0.0009014230191729926509000453296
0.0009005754109349967384510602954
0.0008997290592862859215765835489
0.0008988845648937066872935672017
0.0008980412324075734914793171694
0.0008972000070035917146167376872
0.0008963596763506455534487290989
0.0008983665066741906212175196052
0.0008975271755359308489680584854
0.0008966895066164893847324705903
0.0008958527222489910522513538916
0.0008950180123629341651243575448
0.0008941849597964297529916029290
0.0008933538939592919226922953445
0.0008925240392976164647373522267
0.0008916954780114325101315474771
0.0008908677795219212348210306374
0.0008900423914422209083585411858
0.0008920345497385899158803526499
0.0008912092712450873756246238916
0.0008903856118064909018415820583
0.0008895628022737113709883681358
0.0008887423681444400947727133550
0.0008879235394792605278802604621
0.0008871076072025425128596359347
0.0008862919752365552804819504920
0.0008854779355007840471797221376
0.0008874578376637989745776087254
0.0008866436331229330536785425549
0.0008886189802386774545556930547
0.0008905900994567029380467363184
0.0008953386605962951479199287180
0.0008972998963595775592833805034
0.0008964811495257769537929137483
0.0008984374025239109416134520270
0.0008976185261993731591945060237
0.0008968015687943662439401185742
0.0008987520756712959640309477012
0.0008979354082821021748973110236
0.0008971208175896429976102070384
0.0008963076297717026208143695450
0.0008954956741493653792785502037
0.0008946850307713125046978364475
0.0008938758628187736690478993480
0.0008930675834528757144749732912
0.0008950082237036693080462462975
0.0008942007989308663840162539057
0.0008933952533199067131426501473
0.0008925910011281482570353505082
0.0008917877075293976804084740992
0.0008909854528235183063697071045
0.0008901856396245624283088346143
0.0008893861137603262746903348667
0.0008885889375069456651862799766
0.0008877930328184387658477500321
0.0008869982311776694599520655963
0.0008862054352044114925811778135
0.0008854143928594783368721363453
0.0008846245829979174078642555051
0.0008838358847508054139996479116
0.0008857587133814609231023746311
0.0008849706577397382574257903432
0.0008841832750899726297757621677
0.0008861014982939050889475920965
0.0008853148389115671184281513684
0.0008845296646212558690224238851
0.0008837454005809153015997314262
0.0008856555909433734563451933768
0.0008848721277040303493081687635
0.0008840906908146390551811636581
0.0008833106593510678162421958876
0.0008825313622046205082261215232
0.0008844338369801068937292414295
0.0008836549254545337256191556799
0.0008828771497703254318285148913
0.0008821007493382025302995473787
0.0008813265294178572880884665953
0.0008832226414418420581601689932
0.0008851154899939551491462249566
0.0008843403378005640084150412754
0.0008862280643303017234899733550
0.0008854534443898062863170645720
0.0008846805210415764501330198381
0.0008839086302873152181484171833
0.0008831376151012101871386941237
0.0008823677908677812418312799940
0.0008842477276709251582828617009
0.0008834785195973536325600395648
0.0008827112962404348812717756121
0.0008845864069158878867309672745
0.0008838189965660020358867217023
0.0008830524458367040081538294976
0.0008822877087055162449098787981
0.0008815247467326278510979017102
0.0008807629068312104932636474961
0.0008800023112077427991632157557
0.0008818674261548771638530152186
0.0008811064774214923598332009367
0.0008803479234739978727393974827
0.0008795895286041936034702235149
0.0008788326042321001269718015545
0.0008780769093995740609345692215
0.0008773226774687236755335700020
0.0008765700630378021745839024530
0.0008784263789866776942984662796
0.0008776737951496930875648086778
0.0008769231368264475044822540004
0.0008761732185088675130050200144
0.0008780221594239913251123146210
0.0008772732136187064801885983451
0.0008765257878859862877563393359
0.0008757787802309251342353121507
0.0008776222754666620833799870130
0.0008794630865461129017499689335
0.0008787161572838267450419594337
0.0008779703791226653122489013100
0.0008772251695519737050631077226
0.0008764815427906215399693182300
0.0008757387930552407495952976090
0.0008749977751638089611508350814
0.0008742580172210303177711137490
0.0008735197495408631163984411917
0.0008727829996589858292675359725
0.0008746123798416869942679945581
0.0008790004661525137797169790315
0.0008808205537379693361616552214
0.0008800801668422537780722323288
0.0008793405673566234789321870043
0.0008786026037960309468432581245
0.0008804174239893905640003437397
0.0008822294163590171119490921771
0.0008814907299528534872222930026
0.0008807533347150813160348388751
0.0008800166703890868955143651021
0.0008792806289391081027362030823
0.0008785465918252103066244812965
0.0008778140934211535023613626488
0.0008770823626183523721811159228
0.0008763517472514373321947990385
0.0008756231542308521393996140861
0.0008774233916217753182581517688
0.0008766951972119442720598062823
0.0008759676835232886941641347702
0.0008752419391835632082894439254
0.0008745161625674246370111533271
0.0008763116014731076781059543934
0.0008755867518913982528351380779
0.0008748634116320930638175838139
0.0008766528504950646224878218395
0.0008759295982318406478488750600
0.0008752073936612143925933844753
0.0008744860066420096560255198126
0.0008737657380317645705425463175
0.0008730467367099328063152931688
0.0008723290751731082531961377592
0.0008716126743862486171271787491
0.0008708970780267207471586156476
0.0008726770083905826108422271836
0.0008744532067508108668154279998
0.0008737386118085150897991034699
0.0008730241480790065443600179374
0.0008723107081360290402501887560
0.0008715979886698370278947924804
0.0008733673363600734978885871445
0.0008726552944360391859251764600
0.0008719448685133177978793653688
0.0008712349620792047810443433474
0.0008705277785869321640680224422
0.0008698203835854158542304405961
0.0008691142179525511504525302422
0.0008684092444802583964671098254
0.0008726343027762392187098936618
0.0008719280926287816252201048550
0.0008736831476737073274587879830
0.0008754351257092307432904994447
0.0008771849263783502637282248828
0.0008764769439079348340515574346
0.0008782219478904273387930233202
0.0008775143466965162811127340565
0.0008768080396293363986989725573
0.0008761027275108570279122621718
0.0008753980377085135050732629623
0.0008746948560639355727999036551
0.0008739934564490459199649119273
0.0008732921724412489647946608987
0.0008725927001523991250650938743
0.0008718940419432192102670158139
0.0008711965077674164797034189878
0.0008704999349504811160864043810
0.0008698052292821762129232436727
0.0008691114181109504102936863155
0.0008684183528736151414742866962
0.0008677255914848402243603538930
0.0008670348186701928356736183129
0.0008663457746832079874436351253
0.0008656577213602196716442184067
0.0008673856896161425103447679252
0.0008691108997085315429431591951
0.0008684210467211887029186379208
0.0008701425365024279133858407224
0.0008694539806567506409025951537
0.0008687658651492981549605345216
0.0008680792801370224630308948116
0.0008697954268032390717647607247
0.0008715092852461228857551656558
0.0008708216499128563444377543065
0.0008701361197425299729653096291
0.0008694516751846927864274092905
0.0008687684430134745320661761054
0.0008680852211062550451951873060
0.0008697918742351160046186751677
0.0008691102234252547732471010095
0.0008731978989074316067338066671
0.0008748964885117300899374654384
0.0008742111312627855149305509027
0.0008735267083181999804016702001
0.0008728434335564215650516299605
0.0008769129840646160427111165199
0.0008762282676369124844199384934
0.0008779171337466393344333015169
0.0008772328471057757456430733646
0.0008765496322355627831826450145
0.0008758669134955741429092326328
0.0008775506909682762687656566266
0.0008768687574294852616832390372
0.0008761880314929295770153608949
0.0008755086532261995079783315310
0.0008748299772655991734113941575
0.0008741528573175557833598548461
0.0008758304089169146992176610166
0.0008751528524221225140311194151
0.0008744768466126183588726787321
0.0008738020326280046938472727005
0.0008731286206806173739339599305
0.0008748001092908970279617247812
0.0008764681578431107936700741528
0.0008757933248903248488529061424
0.0008774586621222744204845744766
0.0008767850700973068618397939869
0.0008807825836147398466337975475
0.0008801070695987985505034121025
0.0008794325972572011217136006145
0.0008810895621487539760412781543
0.0008804154422813497993547192162
0.0008797421483230307115404374051
0.0008790696079819627439025413617
0.0008783983819644138720507742990
0.0008777282565456888534598315953
0.0008793784130874352857990267966
0.0008810262273858738743135497544
0.0008803556995880331025569550379
0.0008796857772230103574079950635
0.0008790172024122387354875635660
0.0008806595117929255625963559217
0.0008799915903486210883764421714
0.0008793240594763143616562739712
0.0008786577554241833224124991372
0.0008779925361304224352419573240
0.0008773281150513855279765810846
0.0008766647096894438977265542962
0.0008760025907437357013213624843
0.0008753416163827438753752161912
0.0008746810200144930620515064180
0.0008740217723740560982612654673
0.0008733637314756767251540097446
0.0008727068947880417143338468210
0.0008720505671674510442528721054
0.0008713953007431040010271112652
0.0008707414390426999609175841074
0.0008700882187734388489585982762
0.0008694350864902795673025117480
0.0008687832144701988093853851915
0.0008704111719038934120622034330
0.0008697605794814366808303209517
0.0008691104835858681856746337388
0.0008684611417487293019701159608
0.0008678127913397097467345890189
0.0008671655510394110067612577535
0.0008665194183197648740551158320
0.0008658743223438687732813952892
0.0008652300548818090545789697607
0.0008645864773328233889835516892
0.0008639438618197418648130588591
0.0008633024796853442278340177721
0.0008626623018123170124096933874
0.0008642778222429167025915815557
0.0008636378076923960200013786075
0.0008629988362796093069866395663
0.0008623599985662803958745825388
0.0008617234036785109542912856603
0.0008610872786114262640364731889
0.0008604520300342264565610915116
0.0008598176560759527795053146408
0.0008614257724213281043002158020
0.0008607904645138262655885045955
0.0008646340502933757457369405630
0.0008639987307417959988860171249
0.0008633642151273516964827876586
0.0008627304989587999343895067038
0.0008620978558601043793330174744
0.0008614660108348067449494743033
0.0008608352318977035026304175879
0.0008602051122680446042005949492
0.0008595759874177568176900742982
0.0008611713419610946078523934883
0.0008605429783076734234181575749
0.0008599145207553440715133284176
0.0008592878583066643043205370680
0.0008586617119497977785445939942
0.0008580354495947142247545111677
0.0008596242546640169015992917387
0.0008589995528691502928393661188
0.0008583757159175958815359765265
0.0008599611249281128629666327251
0.0008593378976514518762558881337
0.0008609203589669669439207711811
0.0008602972743054853735003638713
0.0008596745757416974958067972746
0.0008590531047861085448462036106
0.0008584317389619436492705698133
0.0008578112540542202029477047085
0.0008593885269557032549693973268
0.0008587682042893186845956654966
0.0008581489802751140472579109709
0.0008575304547408260494671239962
0.0008569125596871267990321695810
0.0008562962875274219294575149630
0.0008578675485944390160959243628
0.0008572508816909124955824904509
0.0008566352373267489433036386611
0.0008603841672554990567855118960
0.0008597675477066293180617607032
0.0008591515527934991159852175489
0.0008585360495453854784896824544
0.0008579222220747761331302803958
0.0008573092686128760205140871741
0.0008566966125568454006940856309
0.0008560856245268965978999322840
0.0008554749878958172895501967382
0.0008548655551205780188211767041
0.0008542571919630357553188729859
0.0008536500087409132290155366382
0.0008530429269269595044457858814
0.0008545978236466133543690714470
0.0008539906706342530878431210920
0.0008533852989804854003303010707
0.0008549377022798091252214315533
0.0008543320627936447874178492562
0.0008537270897430672789425171459
0.0008531239300018269262278187664
0.0008546720516095777336463320723
0.0008540679966107717890335658879
0.0008556123563240441002805578320
0.0008550084262725829162421908446
0.0008544053529775540870855340955
0.0008538033291315373681459919965
0.0008532035376272150607060323730
0.0008526034106581130341841113757
0.0008520044561659678251250522882
0.0008514057438786813645907486767
0.0008508083520240068310897753547
0.0008502113511412546116169833135
0.0008517476686962076860489290999
0.0008511507182240592949959466981
0.0008505543506308286886559214773
0.0008499594021164832064488817299
0.0008493656765391066815702667984
0.0008487721422410385717134102916
0.0008481796550811002358571933779
0.0008497097875495535762485838282
0.0008491175816474626458417134719
0.0008485263339288236204267884261
0.0008479358502658536911125353464
0.0008473462570710285858291447268
0.0008467570404048193015288668177
0.0008461689374866048899158989245
0.0008455814938603084095065298168
0.0008449945505084090301654748927
0.0008465179390318485048789800490
0.0008459312888138670012398428868
0.0008453457105286620662752113384
0.0008447612657415654433047972157
0.0008462801970121424224565790954
0.0008456955336090453870791573290
0.0008451124139548959701127721696
0.0008445294993005978962518428144
0.0008439476470855029801249770945
0.0008433667920277844539727091767
0.0008427860437599054215440774967
0.0008442989205156077539647554716
0.0008458093251289730249603007400
0.0008452282827581938606955323094
0.0008446481060458000258279502427
0.0008440684143709263048430810829
0.0008434905872127927338233094358
0.0008429128705825106673434258682
0.0008444185806203130904564078340
0.0008459223822252603696942889540
0.0008453435556824936371744898439
0.0008447656506036523299819302204
0.0008483427483446805344964755572
0.0008477638922343279625646284185
0.0008471861439671800231516845721
0.0008466085055236814501499220355
0.0008481029076284086250910672728
0.0008475259257700869666390924758
0.0008490180316610138258337916314
0.0008484406501307921238804365473
0.0008478646823393863572692364287
0.0008472897507879587517855577020
0.0008467159762483935420969192393
0.0008482038605474227587532187013
0.0008476296236514789736731218861
0.0008470561683760897866048052178
0.0008464829329210609888643226788
0.0008459111438916412719868143582
0.0008453400870589253383871008105
0.0008447696764683514015928054249
0.0008442001067569529716948579406
0.0008436311232251744908221164080
0.0008451118392269731683511878734
0.0008445436904100205780122957556
0.0008439758768664240137997146454
0.0008434089925019715628138702896
0.0008428427826368917786388919501
0.0008422772060637630057201471442
0.0008417125163902170774935697074
0.0008452263622432343614508380719
0.0008446599527687956642742395988
0.0008440946759082183242529578690
0.0008435297902450329662716614101
0.0008429665260263537098215406446
0.0008424041339462842574555783106
0.0008418418291448656235949076104
0.0008412807091332001883666387044
0.0008447760525339022326418801128
0.0008462399382464662193670355882
0.0008477018629727767522391787985
0.0008471374037237989130671276605
0.0008465736385251207251554203965
0.0008460108106152091973383570056
0.0008454493459303955229014082504
0.0008509446553942271722085273222
0.0008503806485180955829176185229
0.0008498169665433272964702299811
0.0008492544625633066189622488884
0.0008486924637631395629282900966
0.0008481312127392544345120461920
0.0008495822143175676305712325284
0.0008490210571827085098063126983
0.0008484604020927995842604179820
0.0008479006732988445744480199541
0.0008513522918786304010040343287
0.0008507912672425733978661674058
0.0008522335979162416887991902073
0.0008516730961201126922717114599
0.0008511130329631245730351470698
0.0008525520492101738028134788118
0.0008519926289599287053581980297
0.0008514341889610294746200642200
0.0008508753990946029589701985706
0.0008503175266740130199137864114
0.0008517526888151454542700507935
0.0008511953349894616558550820574
0.0008506384135369112465842242571
0.0008500818030064632628773914517
0.0008495268260040637710089375773
0.0008489727580253937599736572248
0.0008484190567990781491494943091
0.0008478660817881597969353156294
0.0008492969033070497197891089442
0.0008487440776665234584651183895
0.0008521501627626127804118129469
0.0008515961344239930367277513790
0.0008530189057746424391115219397
0.0008524653923298732598622080235
0.0008519127638987368046921651021
0.0008533332012692976350480126835
0.0008527800284053924164021298042
0.0008561680240476924093401649742
0.0008556142927121686866589194973
0.0008550613109297634217115999206
0.0008545088101672999523161348535
0.0008539573480771294405643251129
0.0008534058657060109677746924163
0.0008528554554661928197003989474
0.0008523054622985748043877115161
0.0008517575038540515059744981614
0.0008512091713060672151122255380
0.0008506621283599182685776225086
0.0008501150360967856488550472571
0.0008515238991942551465613191809
0.0008509770753043088007806508033
0.0008504300710683405989708212413
0.0008518353546114093025451245953
0.0008512893286249283826446455684
0.0008507441242930858079629045502
0.0008521462552212970034265654052
0.0008554927277633823677844251337
0.0008607799674156254276330563283
0.0008602296535354071085346546886
0.0008596803991456780723049029062
0.0008591321435810569116604189947
0.0008585844151776973246941118004
0.0008599761420665777011369347299
0.0008594284575056823056482248474
0.0008588814156707038787592740271
0.0008583353442161665051270422601
0.0008577899934089746748168947251
0.0008591769881274763103431365927
0.0008586312118795113414765870429
0.0008600164251977846957010099508
0.0008594713425579336137967282077
0.0008589268889700543618493444261
0.0008603089171885484344279951765
0.0008597646818646601669307420386
0.0008592211248875453316453917322
0.0008586780983260721383546447728
0.0008581358199749551235010495048
0.0008575942885600136748969404842
0.0008589722329395262312788527884
0.0008584309738677921895991997844
0.0008578899947221583780206098257
0.0008573499906080062344883803269
0.0008568107459911108040933155493
0.0008562724550036220477143369530
0.0008557345552433021675196395402
0.0008551967569152074338596350516
0.0008565689251858332642943767382
0.0008560312792009260360540940354
0.0008574011910381785981361918084
0.0008568645054922988408023728181
0.0008563278619474858328604348039
0.0008576951735471719201147457373
0.0008571587977160473287712918434
0.0008585242709558450752313597790
0.0008579883198021537515590211927
0.0008574526550139709793005886887
0.0008569181791491655741955260092
0.0008582794034101368535719128670
0.0008596393805697320526378155720
0.0008591043101380088698403422239
0.0008585698522384035537326187152
0.0008580362345753809751176246321
0.0008575028833756815098315015244
0.0008626366693392555328363902830
0.0008621011694383446823867244231
0.0008615667945514771912826641930
0.0008629188331384074407469423021
0.0008623842724937354868146773210
0.0008618508334364868626227197029
0.0008613176595844139474916329743
0.0008607847504662160574635797688
0.0008640118615857510864333341999
0.0008634784526364368172939953044
0.0008648232225045522787837296367
0.0008642898584124077673499474910
0.0008637577232090465765467406662
0.0008632255785064633434756904790
0.0008626941379099474617849452889
0.0008621629018465053533489937692
0.0008616334549387585203549551283
0.0008611042099442437336999215827
0.0008624429525555396502155857228
0.0008619138611664378805471789335
0.0008651157085204340778014557979
0.0008645854343774685970468063150
0.0008640556627084789110167319480
0.0008635268814737602204377226790
0.0008629983003412196098155865392
0.0008643301719405949432759615390
0.0008656606868883570409970298548
0.0008651326125428906748087911899
0.0008646049617505442083595728093
0.0008659324661216265713073909013
0.0008672590161241834494854222911
0.0008667306398089145230837358827
0.0008662031347202265565122592336
0.0008675270836424253132873764738
0.0008669994010112984199218810429
0.0008664726431040366904900215329
0.0008659464727518589176441872224
0.0008654210565813077747774023474
0.0008648963932969994290869756280
0.0008680596066779676603555046414
0.0008675335845269549239831732256
0.0008688505738694877077085325528
0.0008683249892627155812979687750
0.0008677997100682338600730882774
0.0008672753341241216619478585346
0.0008667518870961304762875896987
0.0008662283530259177149138900013
0.0008657062715904461620331500907
0.0008651843831378131762737487262
0.0008646634165520827401993485258
0.0008659747692378068560854039745
0.0008654537887242023216314538078
0.0008649329956341574743443943176
0.0008662411501240615276090301963
0.0008657202893064442039811716666
0.0008652008866071514572030731191
0.0008646813928547975902428649827
0.0008641626360702396098729619659
0.0008636448908619707258439971097
0.0008631279348554941967776989157
0.0008626114910205340725471781308
0.0008620952832780132816084467049
0.0008615803572016229028408092321
0.0008610649494327151493646004177
0.0008605512602911081626371785701
0.0008636681558073253056037313059
0.0008631531919302920602981529949
0.0008644515983717274370207374926
0.0008639367821242865042188859522
0.0008652333835209976076142483949
0.0008647183869432752598277366838
0.0008660127511101559025082200441
0.0008673060999352245990667319807
0.0008685968798008920650710332393
0.0008698867740832483357992219157
0.0008693704281480528308106084009
0.0008706579954094288123425103935
0.0008719445188881476565322936830
0.0008714284152314395621120100863
0.0008727126761464469277818220427
0.0008721971106026485538077629324
0.0008716817227617324382748367786
0.0008711672193240930757159064070
0.0008724481500541306139560066051
0.0008737279405916967604669771176
0.0008732130730630470376581195028
0.0008726984478729312161306097427
0.0008721843782740328199515576211
0.0008716714049127418948302754282
0.0008711583345932581559887026485
0.0008706464665093412333466257113
0.0008701343379317306682135302764
0.0008696234091433155920518596972
0.0008691134080034662642926973778
0.0008686037382752632607957102619
0.0008680945616113394630237358034
0.0008675863086729502616430475878
0.0008670785465236970881661426976
0.0008665713282602475456151842179
0.0008660645453608458014422509326
0.0008673362028511495758887923081
0.0008668293507434790727308255016
0.0008663233626816796244739101585
0.0008658179684614430841753502409
0.0008653130061297289187861988153
0.0008665811182088983946262639926
0.0008660764076919411907893486512
0.0008655725560391366627171475776
0.0008650691334746621301951749188
0.0008645658179298411260995842627
0.0008658309285361359165951694070
0.0008653282370724407690592734371
0.0008648255447763175668198781011
0.0008643244002996892932494816804
0.0008655867543543018302175936846
0.0008650856949869135596120144993
0.0008645847770460569095442764940
0.0008640848328760231953550187921
0.0008671032540666872421269199720
0.0008683604825873632910640843257
0.0008678583119235694697518646533
0.0008673575750411038816600528655
0.0008668572603144098285606909031
0.0008663574195061958520306457932
0.0008658582646208473950407763572
0.0008671118439320781617061284697
0.0008683636005968069258731297196
0.0008696140144874471885728839578
0.0008691140245685794902403833269
0.0008686146128876946074074082797
0.0008681152493900180785603748985
0.0008676166210093664823900433750
0.0008671187792501430691162856065
0.0008666213006363256507200718819
0.0008661248703490821850547578717
0.0008656288537647906379711688147
0.0008651334082410489809833897024
0.0008646388488949125669908391925
0.0008676227636635203167676020834
