0.07906066175640435764645666601
0.07906066175640435764645666601
0.09388397778227052960575043278
0.09388397778227052960575043278
0.09388397778227052960575043278
0.09906850820485693912028512025
0.09906850820485693912028512025
0.09837950474802899943957775422
0.09837950474802899943957775422
0.09837950474802899943957775422
0.09575982672016957257400177869
0.09575982672016957257400177869
0.09623896633870596412510238809
0.09623896633870596412510238809
0.09623896633870596412510238809
0.09739978337602295777741586257
0.09739978337602295777741586257
0.09678390092735089496102685264
0.09678390092735089496102685264
0.09678390092735089496102685264
0.09641059441530014134103323717
0.09641059441530014134103323717
0.09641059441530014134103323717
0.09462102322406630042673324966
0.09462102322406630042673324966
0.09324718192577706786742100776
0.09324718192577706786742100776
0.09324718192577706786742100776
0.09428071670961209470660373825
0.09428071670961209470660373825
0.09632101954244771440637341581
0.09632101954244771440637341581
0.09632101954244771440637341581
0.09548391851544913454970300217
0.09548391851544913454970300217
0.09403680776368826425503062579
0.09403680776368826425503062579
0.09403680776368826425503062579
0.09225427092356066621637302972
0.09225427092356066621637302972
0.09150594750096351872825673385
0.09150594750096351872825673385
0.09150594750096351872825673385
0.09245225786824216954872920382
0.09245225786824216954872920382
0.09245225786824216954872920382
0.09333566450052515562330048494
0.09333566450052515562330048494
0.09324631434447581102468988376
0.09324631434447581102468988376
0.09324631434447581102468988376
0.09376618580510911193521040770
0.09376618580510911193521040770
0.09342442974996576221956163255
0.09342442974996576221956163255
0.09342442974996576221956163255
0.09493202009515951515986624159
0.09493202009515951515986624159
0.09528084833696552068996093113
0.09528084833696552068996093113
0.09528084833696552068996093113
0.09536215099968098190933774416
0.09536215099968098190933774416
0.09536215099968098190933774416
0.09529813501726569632310971120
0.09529813501726569632310971120
0.09568708677712719854163030381
0.09568708677712719854163030381
0.09568708677712719854163030381
0.09535696006177788495158564371
0.09535696006177788495158564371
0.09529553027160860557425977729
0.09529553027160860557425977729
0.09529553027160860557425977729
0.09534288985108274129085184845
0.09534288985108274129085184845
0.09531743200306980059444451124
0.09531743200306980059444451124
0.09531743200306980059444451124
0.09605672418482600928589996285
0.09605672418482600928589996285
0.09605672418482600928589996285
0.09638732320211077252678418493
0.09638732320211077252678418493
0.09574026933646764225649111645
0.09574026933646764225649111645
0.09574026933646764225649111645
0.09600722619716120199999973120
0.09600722619716120199999973120
0.09592169955113489353098270859
0.09592169955113489353098270859
0.09592169955113489353098270859
0.09530942193846934302010867890
0.09530942193846934302010867890
0.09527425358508592618479754759
0.09527425358508592618479754759
0.09527425358508592618479754759
0.09494899499164052409024110580
0.09494899499164052409024110580
0.09494899499164052409024110580
0.09500917748785350534592904350
0.09500917748785350534592904350
0.09464498653151079988767570957
0.09464498653151079988767570957
0.09464498653151079988767570957
0.09465477697911057921028353722
0.09465477697911057921028353722
0.09457851556470490439380369145
0.09457851556470490439380369145
0.09457851556470490439380369145
0.09446691658808555320583532794
0.09446691658808555320583532794
0.09443976889467906052585852057
0.09443976889467906052585852057
0.09443976889467906052585852057
0.09475077803384217922525647464
0.09475077803384217922525647464
0.09476379334791541670506815147
0.09476379334791541670506815147
0.09476379334791541670506815147
0.09485969893574389835730774934
0.09485969893574389835730774934
0.09485969893574389835730774934
0.09534957146522548273290716356
0.09534957146522548273290716356
0.09588033848064964103339731328
0.09588033848064964103339731328
0.09588033848064964103339731328
0.09595700006435368129828662678
0.09595700006435368129828662678
0.09577194841967656992739171758
0.09577194841967656992739171758
0.09577194841967656992739171758
0.09577867915825237071616639188
0.09577867915825237071616639188
0.09582039315253253159555061076
0.09582039315253253159555061076
0.09582039315253253159555061076
0.09598965001342120085787934958
0.09598965001342120085787934958
0.09568565900221380268179957073
0.09568565900221380268179957073
0.09568565900221380268179957073
0.09565358610931290900702720424
0.09565358610931290900702720424
0.09565358610931290900702720424
0.09572668783711126049253639610
0.09572668783711126049253639610
0.09565734398132313418860329312
0.09565734398132313418860329312
0.09565734398132313418860329312
0.09587001894230001282098898234
0.09587001894230001282098898234
0.09571421686904446923372842927
0.09571421686904446923372842927
0.09571421686904446923372842927
0.09567599304507492963914518600
0.09567599304507492963914518600
0.09562664980678569532002386165
0.09562664980678569532002386165
0.09562664980678569532002386165
0.09549557571260854670409555049
0.09549557571260854670409555049
0.09549557571260854670409555049
0.09549309770615315298689224097
0.09549309770615315298689224097
0.09570833635615240816975074932
0.09570833635615240816975074932
0.09570833635615240816975074932
0.09585449293879172929469294626
0.09585449293879172929469294626
0.09577241378340550529383471614
0.09577241378340550529383471614
0.09577241378340550529383471614
0.09559061613520861786687914489
0.09559061613520861786687914489
0.09526408906178142263183810689
0.09526408906178142263183810689
0.09526408906178142263183810689
0.09529007235404287107287423891
0.09529007235404287107287423891
0.09529007235404287107287423891
0.09538415137777927576125296869
0.09538415137777927576125296869
0.09552697910809752958816159061
0.09552697910809752958816159061
0.09552697910809752958816159061
0.09564694192723503443265089791
0.09564694192723503443265089791
0.09583320351254347505935095129
0.09583320351254347505935095129
0.09583320351254347505935095129
0.09576802825612476439828032185
0.09576802825612476439828032185
0.09560848214145780120136460040
0.09560848214145780120136460040
0.09560848214145780120136460040
0.09541374871553229712283640523
0.09541374871553229712283640523
0.09541374871553229712283640523
