0.1015047308947734858663092635
0.1015047308947734858663092635
0.09079193938801524277809431063
0.09079193938801524277809431063
0.09079193938801524277809431063
0.09050732454412330908901112959
0.09050732454412330908901112959
0.09390854123781858558786106058
0.09390854123781858558786106058
0.09390854123781858558786106058
0.09191724280543465853498428229
0.09191724280543465853498428229
0.09351662371534039549039704719
0.09351662371534039549039704719
0.09351662371534039549039704719
0.09594930735818452583312423361
0.09594930735818452583312423361
0.09493364038321029356715660410
0.09493364038321029356715660410
0.09493364038321029356715660410
0.09406417943921368017325057348
0.09406417943921368017325057348
0.09406417943921368017325057348
0.09171021306060837082172765632
0.09171021306060837082172765632
0.09260926069804011330784943516
0.09260926069804011330784943516
0.09260926069804011330784943516
0.09304391773769531580139881863
0.09304391773769531580139881863
0.09278923179803377743568145970
0.09278923179803377743568145970
0.09278923179803377743568145970
0.09291142824952200225838933354
0.09291142824952200225838933354
0.09279957787848080700922425094
0.09279957787848080700922425094
0.09279957787848080700922425094
0.09387449137812374005544373013
0.09387449137812374005544373013
0.09447914169459469962089521854
0.09447914169459469962089521854
0.09447914169459469962089521854
0.09409898803887702370668693870
0.09409898803887702370668693870
0.09409898803887702370668693870
0.09402919135440306632574042104
0.09402919135440306632574042104
0.09390437651768055438855227010
0.09390437651768055438855227010
0.09390437651768055438855227010
0.09404520010303906537729573570
0.09404520010303906537729573570
0.09456077268855262538946495225
0.09456077268855262538946495225
0.09456077268855262538946495225
0.09461107418243335278390810270
0.09461107418243335278390810270
0.09517234857399798896492213397
0.09517234857399798896492213397
0.09517234857399798896492213397
0.09518101480642556127338197826
0.09518101480642556127338197826
0.09518101480642556127338197826
0.09573389478241908397893507883
0.09573389478241908397893507883
0.09597767014271666661716503259
0.09597767014271666661716503259
0.09597767014271666661716503259
0.09563244195115247288883648558
0.09563244195115247288883648558
0.09526417442539088548200174904
0.09526417442539088548200174904
0.09526417442539088548200174904
0.09557300024858155812474103973
0.09557300024858155812474103973
0.09652618371905246680874776684
0.09652618371905246680874776684
0.09652618371905246680874776684
0.09675816761762157083457529063
0.09675816761762157083457529063
0.09675816761762157083457529063
0.09664969960116100940843696134
0.09664969960116100940843696134
0.09612318351473403509460262947
0.09612318351473403509460262947
0.09612318351473403509460262947
0.09585423395162110169263406445
0.09585423395162110169263406445
0.09534636417096000721585597962
0.09534636417096000721585597962
0.09534636417096000721585597962
0.09571613747033910709084552129
0.09571613747033910709084552129
0.09565821599379463938354163788
0.09565821599379463938354163788
0.09565821599379463938354163788
0.09568621380790729076094223146
0.09568621380790729076094223146
0.09568621380790729076094223146
0.09525005279479349481099251662
0.09525005279479349481099251662
0.09535895275657940365558383262
0.09535895275657940365558383262
0.09535895275657940365558383262
0.09530959694348277403542054277
0.09530959694348277403542054277
0.09489854226039780882674006183
0.09489854226039780882674006183
0.09489854226039780882674006183
0.09465128141076725853194231718
0.09465128141076725853194231718
0.09461287820922397526179914117
0.09461287820922397526179914117
0.09461287820922397526179914117
0.09434520240782293635457479805
0.09434520240782293635457479805
0.09408474058862969913206448749
0.09408474058862969913206448749
0.09408474058862969913206448749
0.09425891076504567658097460575
0.09425891076504567658097460575
0.09425891076504567658097460575
0.09431431971200562040012463137
0.09431431971200562040012463137
0.09451965489236960494372350724
0.09451965489236960494372350724
0.09451965489236960494372350724
0.09451794380843914985725238697
0.09451794380843914985725238697
0.09473623225105518758722969927
0.09473623225105518758722969927
0.09473623225105518758722969927
0.09436822327248441930611432216
0.09436822327248441930611432216
0.09408745983912515102950722643
0.09408745983912515102950722643
0.09408745983912515102950722643
0.09399584314496383918363312817
0.09399584314496383918363312817
0.09381704346580421864223519773
0.09381704346580421864223519773
0.09381704346580421864223519773
0.09385629503751698142259892034
0.09385629503751698142259892034
0.09385629503751698142259892034
0.09395805138881408501477525960
0.09395805138881408501477525960
0.09376652931151913634527781840
0.09376652931151913634527781840
0.09376652931151913634527781840
0.09411315484789896343912889444
0.09411315484789896343912889444
0.09373104896787864656109337319
0.09373104896787864656109337319
0.09373104896787864656109337319
0.09381205046747365105357926719
0.09381205046747365105357926719
0.09381205046747365105357926719
0.09402515529678305008696016429
0.09402515529678305008696016429
0.09404062472070569017390565353
0.09404062472070569017390565353
0.09404062472070569017390565353
0.09381169541846830904043491623
0.09381169541846830904043491623
0.09391473828683590458754631534
0.09391473828683590458754631534
0.09391473828683590458754631534
0.09385320119155283980017256985
0.09385320119155283980017256985
0.09402385921504121396261706051
0.09402385921504121396261706051
0.09402385921504121396261706051
0.09411590013932641863671073075
0.09411590013932641863671073075
0.09413529101030807924636438395
0.09413529101030807924636438395
0.09413529101030807924636438395
0.09416476976817908566115820562
0.09416476976817908566115820562
0.09416476976817908566115820562
0.09397570636208849947112732742
0.09397570636208849947112732742
0.09411922640501168210620274064
0.09411922640501168210620274064
0.09411922640501168210620274064
0.09425117823214973400752096597
0.09425117823214973400752096597
0.09448501226366858181362698302
0.09448501226366858181362698302
0.09448501226366858181362698302
0.09483352858978045608901017631
0.09483352858978045608901017631
0.09499174752496900670710237913
0.09499174752496900670710237913
0.09499174752496900670710237913
0.09500648162827907394069022686
0.09500648162827907394069022686
0.09500648162827907394069022686
