0.0001570168360151039816358202067
0.0001570168360151039816358202067
0.0001726688963838207481398691640
0.0001726688963838207481398691640
0.0001726688963838207481398691640
0.0001841750317612867128352976302
0.0001841750317612867128352976302
0.0001832987458974231505482013066
0.0001832987458974231505482013066
0.0001832987458974231505482013066
0.0001703807039048596795982718362
0.0001703807039048596795982718362
0.0001768372477372691087120178520
0.0001768372477372691087120178520
0.0001768372477372691087120178520
0.0001827323595861522286961907061
0.0001827323595861522286961907061
0.0001807402842659084938438110617
0.0001807402842659084938438110617
0.0001807402842659084938438110617
0.0001803712942839794208055213311
0.0001803712942839794208055213311
0.0001803712942839794208055213311
0.0001811649446927917183265750688
0.0001811649446927917183265750688
0.0001803952474010764089936801255
0.0001803952474010764089936801255
0.0001803952474010764089936801255
0.0001826539565290791750817655832
0.0001826539565290791750817655832
0.0001808670487722139283028307678
0.0001808670487722139283028307678
0.0001808670487722139283028307678
0.0001799857405167558745222467053
0.0001799857405167558745222467053
0.0001792238465150332469000610421
0.0001792238465150332469000610421
0.0001792238465150332469000610421
0.0001801988019547221744235846622
0.0001801988019547221744235846622
0.0001821084531919281173348027074
0.0001821084531919281173348027074
0.0001821084531919281173348027074
0.0001810293997153586802561837500
0.0001810293997153586802561837500
0.0001810293997153586802561837500
0.0001810781605471958222593911459
0.0001810781605471958222593911459
0.0001814936364582358040819108508
0.0001814936364582358040819108508
0.0001814936364582358040819108508
0.0001818857129539301499671038810
0.0001818857129539301499671038810
0.0001829332499505395190949884137
0.0001829332499505395190949884137
0.0001829332499505395190949884137
0.0001825419817838163096698727587
0.0001825419817838163096698727587
0.0001825419817838163096698727587
0.0001823723511135374081030694320
0.0001823723511135374081030694320
0.0001838753879053747779755101463
0.0001838753879053747779755101463
0.0001838753879053747779755101463
0.0001837617134184747027523218781
0.0001837617134184747027523218781
0.0001842843058787065195019552368
0.0001842843058787065195019552368
0.0001842843058787065195019552368
0.0001836973436671990368274159643
0.0001836973436671990368274159643
0.0001837237524907865848537253484
0.0001837237524907865848537253484
0.0001837237524907865848537253484
0.0001840300992785443941526270678
0.0001840300992785443941526270678
0.0001837385262047151452147451850
0.0001837385262047151452147451850
0.0001837385262047151452147451850
0.0001840498499835408330906440714
0.0001840498499835408330906440714
0.0001840498499835408330906440714
0.0001823852131351396770189376922
0.0001823852131351396770189376922
0.0001824204068782888472110114085
0.0001824204068782888472110114085
0.0001824204068782888472110114085
0.0001822029518190414276968587872
0.0001822029518190414276968587872
0.0001816160192245399995245286221
0.0001816160192245399995245286221
0.0001816160192245399995245286221
0.0001809770097301812429897106659
0.0001809770097301812429897106659
0.0001824253713953828109638362933
0.0001824253713953828109638362933
0.0001824253713953828109638362933
0.0001818661899544436597611366364
0.0001818661899544436597611366364
0.0001818661899544436597611366364
0.0001823463446003128964731431588
0.0001823463446003128964731431588
0.0001824550162349205281383831806
0.0001824550162349205281383831806
0.0001824550162349205281383831806
0.0001822323166651254364434896937
0.0001822323166651254364434896937
0.0001818201984630458421343560937
0.0001818201984630458421343560937
0.0001818201984630458421343560937
0.0001809993255539078045193658825
0.0001809993255539078045193658825
0.0001811071331120441572794406805
0.0001811071331120441572794406805
0.0001811071331120441572794406805
0.0001814771648499604147187030956
0.0001814771648499604147187030956
0.0001808181220392096996478190921
0.0001808181220392096996478190921
0.0001808181220392096996478190921
0.0001802306749807685288790933121
0.0001802306749807685288790933121
0.0001802306749807685288790933121
0.0001796163860147594900660098243
0.0001796163860147594900660098243
0.0001795373095862956909037823641
0.0001795373095862956909037823641
0.0001795373095862956909037823641
0.0001799948249929218878254904014
0.0001799948249929218878254904014
0.0001803518739936790527030102124
0.0001803518739936790527030102124
0.0001803518739936790527030102124
0.0001803808413273788928231092851
0.0001803808413273788928231092851
0.0001803964312569681283605463295
0.0001803964312569681283605463295
0.0001803964312569681283605463295
0.0001805565751738834529278176788
0.0001805565751738834529278176788
0.0001807234020294329971716748745
0.0001807234020294329971716748745
0.0001807234020294329971716748745
0.0001809155284206422119200320373
0.0001809155284206422119200320373
0.0001809155284206422119200320373
0.0001803344026209995180199617294
0.0001803344026209995180199617294
0.0001806617732128281238562236174
0.0001806617732128281238562236174
0.0001806617732128281238562236174
0.0001812753983687631341389119861
0.0001812753983687631341389119861
0.0001810479051145046170513077905
0.0001810479051145046170513077905
0.0001810479051145046170513077905
0.0001816956233475958735782881699
0.0001816956233475958735782881699
0.0001816956233475958735782881699
0.0001810131786363120539436469567
0.0001810131786363120539436469567
0.0001814183777764448232112284018
0.0001814183777764448232112284018
0.0001814183777764448232112284018
0.0001811350184693171574336457548
0.0001811350184693171574336457548
0.0001806844440550152585089719614
0.0001806844440550152585089719614
0.0001806844440550152585089719614
0.0001809579850184844864602127652
0.0001809579850184844864602127652
0.0001806920818709413384755936355
0.0001806920818709413384755936355
0.0001806920818709413384755936355
0.0001811852295227675605101107857
0.0001811852295227675605101107857
0.0001809438447199600548043232201
0.0001809438447199600548043232201
0.0001809438447199600548043232201
0.0001812902529539695434009169618
0.0001812902529539695434009169618
0.0001812902529539695434009169618
0.0001815198914221776998959638862
0.0001815198914221776998959638862
0.0001809213626354347049944847423
0.0001809213626354347049944847423
0.0001809213626354347049944847423
0.0001811822662631817707168489017
0.0001811822662631817707168489017
0.0001815030070744950014434604994
0.0001815030070744950014434604994
0.0001815030070744950014434604994
0.0001817033388032049886425110356
0.0001817033388032049886425110356
0.0001814747331084963114939161256
0.0001814747331084963114939161256
0.0001814747331084963114939161256
0.0001812686766652710608691249285
0.0001812686766652710608691249285
0.0001812686766652710608691249285
