0.0001603922506053250392715822529
0.0001603922506053250392715822529
0.0001718910074021558727367015109
0.0001718910074021558727367015109
0.0001718910074021558727367015109
0.0001872619747677317141188454608
0.0001872619747677317141188454608
0.0001801865985353929711876423222
0.0001801865985353929711876423222
0.0001801865985353929711876423222
0.0001855037062354601313130758598
0.0001855037062354601313130758598
0.0001892902889186806604703671332
0.0001892902889186806604703671332
0.0001892902889186806604703671332
0.0001901063955558410204925520599
0.0001901063955558410204925520599
0.0001923950981037800115369793639
0.0001923950981037800115369793639
0.0001923950981037800115369793639
0.0001940638738084723807169840310
0.0001940638738084723807169840310
0.0001940638738084723807169840310
0.0001904500039684389396324199941
0.0001904500039684389396324199941
0.0001893129007615019707244343842
0.0001893129007615019707244343842
0.0001893129007615019707244343842
0.0001912322881546167043719434877
0.0001912322881546167043719434877
0.0001886331974449204741670669329
0.0001886331974449204741670669329
0.0001886331974449204741670669329
0.0001852645984584513053911823543
0.0001852645984584513053911823543
0.0001862303964974295925252566120
0.0001862303964974295925252566120
0.0001862303964974295925252566120
0.0001874379441292217813300038236
0.0001874379441292217813300038236
0.0001880444886731262052756806246
0.0001880444886731262052756806246
0.0001880444886731262052756806246
0.0001886858316082899369048196946
0.0001886858316082899369048196946
0.0001886858316082899369048196946
0.0001891994251216978055614015746
0.0001891994251216978055614015746
0.0001884936903631875334539158268
0.0001884936903631875334539158268
0.0001884936903631875334539158268
0.0001889832062894131327605896845
0.0001889832062894131327605896845
0.0001878646786453900222941129058
0.0001878646786453900222941129058
0.0001878646786453900222941129058
0.0001879214665977553841398310900
0.0001879214665977553841398310900
0.0001887259847735172545833088698
0.0001887259847735172545833088698
0.0001887259847735172545833088698
0.0001877084738297769600198130846
0.0001877084738297769600198130846
0.0001877084738297769600198130846
0.0001874150746765200433928705801
0.0001874150746765200433928705801
0.0001862290845182386036659347410
0.0001862290845182386036659347410
0.0001862290845182386036659347410
0.0001869281724875214126931834589
0.0001869281724875214126931834589
0.0001861783344759123781931578668
0.0001861783344759123781931578668
0.0001861783344759123781931578668
0.0001856869535376788892365755609
0.0001856869535376788892365755609
0.0001851311002659986410440095856
0.0001851311002659986410440095856
0.0001851311002659986410440095856
0.0001856651610904347121185384579
0.0001856651610904347121185384579
0.0001856651610904347121185384579
0.0001852911403478725603179944688
0.0001852911403478725603179944688
0.0001849155264032099496130997053
0.0001849155264032099496130997053
0.0001849155264032099496130997053
0.0001851588287740187811391108053
0.0001851588287740187811391108053
0.0001849237445836209606748241801
0.0001849237445836209606748241801
0.0001849237445836209606748241801
0.0001841760533202154558806130351
0.0001841760533202154558806130351
0.0001836439859558948445595628754
0.0001836439859558948445595628754
0.0001836439859558948445595628754
0.0001841653357232618777240518564
0.0001841653357232618777240518564
0.0001841653357232618777240518564
0.0001840441463901835333681609107
0.0001840441463901835333681609107
0.0001842281228963267112694823707
0.0001842281228963267112694823707
0.0001842281228963267112694823707
0.0001838598015083944983701649275
0.0001838598015083944983701649275
0.0001835711566865143644442978984
0.0001835711566865143644442978984
0.0001835711566865143644442978984
0.0001836149020322658262433876360
0.0001836149020322658262433876360
0.0001844929869690750640840048253
0.0001844929869690750640840048253
0.0001844929869690750640840048253
0.0001841309047955731725202419219
0.0001841309047955731725202419219
0.0001845631337672115061274337028
0.0001845631337672115061274337028
0.0001845631337672115061274337028
0.0001842578375119972779804233480
0.0001842578375119972779804233480
0.0001842578375119972779804233480
0.0001845675886388653279244079552
0.0001845675886388653279244079552
0.0001834512303387706103023256121
0.0001834512303387706103023256121
0.0001834512303387706103023256121
0.0001831691386686620265850857539
0.0001831691386686620265850857539
0.0001830711157486209664479486969
0.0001830711157486209664479486969
0.0001830711157486209664479486969
0.0001837459596261629597612066076
0.0001837459596261629597612066076
0.0001835599278401167401114212674
0.0001835599278401167401114212674
0.0001835599278401167401114212674
0.0001831587835009202645735845481
0.0001831587835009202645735845481
0.0001830348290030479199096616441
0.0001830348290030479199096616441
0.0001830348290030479199096616441
0.0001824893821346321629811384167
0.0001824893821346321629811384167
0.0001824893821346321629811384167
0.0001827953659199562899946601671
0.0001827953659199562899946601671
0.0001823755394411588631648959091
0.0001823755394411588631648959091
0.0001823755394411588631648959091
0.0001821265751490512379904141088
0.0001821265751490512379904141088
0.0001823365191641255015411444084
0.0001823365191641255015411444084
0.0001823365191641255015411444084
0.0001819670389900001296963863218
0.0001819670389900001296963863218
0.0001819249363041816115780914182
0.0001813417327787935389008062013
0.0001813417327787935389008062013
0.0001813216180569817777552313379
0.0001813216180569817777552313379
0.0001813216180569817777552313379
0.0001818699659835582506071479682
0.0001818699659835582506071479682
0.0001814116521164624618494426293
0.0001814116521164624618494426293
0.0001814116521164624618494426293
0.0001818365499560009667838388658
0.0001818365499560009667838388658
0.0001815404109658559485045429580
0.0001815404109658559485045429580
0.0001815404109658559485045429580
0.0001817523510370183500884945527
0.0001817523510370183500884945527
0.0001814502242714257319313635774
0.0001814502242714257319313635774
0.0001814502242714257319313635774
0.0001817804702315551735154409868
0.0001817804702315551735154409868
0.0001817804702315551735154409868
0.0001815339324405658456962594191
0.0001815339324405658456962594191
0.0001814746873798861047120705520
0.0001814746873798861047120705520
0.0001814746873798861047120705520
0.0001816056837232360834772907689
0.0001816056837232360834772907689
0.0001820027168484218836966662259
0.0001820027168484218836966662259
0.0001820027168484218836966662259
0.0001823213194465564097379072542
0.0001823213194465564097379072542
0.0001828500881154295993076111503
0.0001828500881154295993076111503
0.0001828500881154295993076111503
0.0001824407370403857710117733790
0.0001824407370403857710117733790
0.0001824407370403857710117733790
