0.0001552833112556963453543440050
0.0001552833112556963453543440050
0.0001812408605837801403116159038
0.0001812408605837801403116159038
0.0001812408605837801403116159038
0.0001821459539846517729429049181
0.0001821459539846517729429049181
0.0001861852603765709043624472709
0.0001861852603765709043624472709
0.0001861852603765709043624472709
0.0001844871744829742420689083203
0.0001844871744829742420689083203
0.0001831004911158669228933743267
0.0001831004911158669228933743267
0.0001831004911158669228933743267
0.0001785028222548215548429867656
0.0001785028222548215548429867656
0.0001766606621010244517630278702
0.0001766606621010244517630278702
0.0001766606621010244517630278702
0.0001721604963681284746497874878
0.0001721604963681284746497874878
0.0001721604963681284746497874878
0.0001740870336135692355652620577
0.0001740870336135692355652620577
0.0001731054338830385753781738088
0.0001731054338830385753781738088
0.0001731054338830385753781738088
0.0001717485109961804068943358119
0.0001717485109961804068943358119
0.0001738783663191071631573091752
0.0001738783663191071631573091752
0.0001738783663191071631573091752
0.0001739144082069107281141749097
0.0001739144082069107281141749097
0.0001758001156296946618188299507
0.0001758001156296946618188299507
0.0001758001156296946618188299507
0.0001747717664837321355685366898
0.0001747717664837321355685366898
0.0001765525802265432938740928576
0.0001765525802265432938740928576
0.0001765525802265432938740928576
0.0001775564721499167261647018296
0.0001775564721499167261647018296
0.0001775564721499167261647018296
0.0001765043276505418074278729882
0.0001765043276505418074278729882
0.0001765117655925250664803481624
0.0001765117655925250664803481624
0.0001765117655925250664803481624
0.0001771026462860377430484946895
0.0001771026462860377430484946895
0.0001785980543367095553908095176
0.0001785980543367095553908095176
0.0001785980543367095553908095176
0.0001792605753466918811483303317
0.0001792605753466918811483303317
0.0001792605753466918811483303317
0.0001809442202966342719284875341
0.0001809442202966342719284875341
0.0001824260947017676875730388060
0.0001824260947017676875730388060
0.0001824260947017676875730388060
0.0001839892464792496435246706934
0.0001839892464792496435246706934
0.0001845370429914331316181412423
0.0001845370429914331316181412423
0.0001845370429914331316181412423
0.0001853166786431408662695397131
0.0001853166786431408662695397131
0.0001853991869382773762734413342
0.0001853991869382773762734413342
0.0001853991869382773762734413342
0.0001848362407620360624014461214
0.0001848362407620360624014461214
0.0001846422333167136505088219740
0.0001846422333167136505088219740
0.0001846422333167136505088219740
0.0001853079213406347053195988399
0.0001853079213406347053195988399
0.0001853079213406347053195988399
0.0001856584976814884242705630750
0.0001856584976814884242705630750
0.0001852575943139770215755423535
0.0001852575943139770215755423535
0.0001852575943139770215755423535
0.0001846129298290135224587155553
0.0001846129298290135224587155553
0.0001839452874569284671936614925
0.0001839452874569284671936614925
0.0001839452874569284671936614925
0.0001841443970571072543375098288
0.0001841443970571072543375098288
0.0001836088992313671600687592678
0.0001836088992313671600687592678
0.0001836088992313671600687592678
0.0001836476729525263617850504809
0.0001836476729525263617850504809
0.0001836476729525263617850504809
0.0001827872092414242441742126204
0.0001827872092414242441742126204
0.0001824105666329334927654179285
0.0001824105666329334927654179285
0.0001824105666329334927654179285
0.0001825420806618634044732894096
0.0001825420806618634044732894096
0.0001834655440511100683859573391
0.0001834655440511100683859573391
0.0001834655440511100683859573391
0.0001838215217172134453912458603
0.0001838215217172134453912458603
0.0001838238699605627812087637328
0.0001838238699605627812087637328
0.0001838238699605627812087637328
0.0001834477710977679448335093965
0.0001834477710977679448335093965
0.0001833033078149175876552837026
0.0001833033078149175876552837026
0.0001833033078149175876552837026
0.0001835035784311861907695649611
0.0001835035784311861907695649611
0.0001835035784311861907695649611
0.0001833369663642621090749922760
0.0001833369663642621090749922760
0.0001820456587201415712985888124
0.0001820456587201415712985888124
0.0001820456587201415712985888124
0.0001828716939401156772440412350
0.0001828716939401156772440412350
0.0001823300506346379290382228433
0.0001823300506346379290382228433
0.0001823300506346379290382228433
0.0001830676346833550029725357689
0.0001830676346833550029725357689
0.0001832819426747579823833523139
0.0001832819426747579823833523139
0.0001832819426747579823833523139
0.0001829940136626655649902055749
0.0001829940136626655649902055749
0.0001833667738407380808222066592
0.0001833667738407380808222066592
0.0001833667738407380808222066592
0.0001825970451590672340756462600
0.0001825970451590672340756462600
0.0001825970451590672340756462600
0.0001838656087541604465263867066
0.0001838656087541604465263867066
0.0001829646922586002836550162502
0.0001829646922586002836550162502
0.0001829646922586002836550162502
0.0001827104806897403921866362283
0.0001827104806897403921866362283
0.0001825319503876704600171053970
0.0001825319503876704600171053970
0.0001825319503876704600171053970
0.0001829435558540564704786468714
0.0001829435558540564704786468714
0.0001829671205746247540978673735
0.0001829671205746247540978673735
0.0001829671205746247540978673735
0.0001829400653989162477549084645
0.0001829400653989162477549084645
0.0001829400653989162477549084645
0.0001830115097235376713685306085
0.0001830115097235376713685306085
0.0001838776696007140234446296921
0.0001838776696007140234446296921
0.0001838776696007140234446296921
0.0001837237512679230610118088116
0.0001837237512679230610118088116
0.0001833120630503347040112609453
0.0001833120630503347040112609453
0.0001833120630503347040112609453
0.0001830229054734486027404925801
0.0001830229054734486027404925801
0.0001833805273803487792865138560
0.0001833805273803487792865138560
0.0001833805273803487792865138560
0.0001829949887503277981369464873
0.0001829949887503277981369464873
0.0001829949887503277981369464873
0.0001834479259702845545933608506
0.0001834479259702845545933608506
0.0001836783674247833398643846294
0.0001836783674247833398643846294
0.0001836783674247833398643846294
0.0001844297654268199791797035056
0.0001844297654268199791797035056
0.0001843252496114431135281293547
0.0001843252496114431135281293547
0.0001843252496114431135281293547
0.0001844712725187081250220859102
0.0001844712725187081250220859102
0.0001839243605697604736965579493
0.0001839243605697604736965579493
0.0001839243605697604736965579493
0.0001841420611866987890588570222
0.0001841420611866987890588570222
0.0001841420611866987890588570222
