0.09186168278899996394688561984
0.09186168278899996394688561984
0.09955404533789958160580600966
0.09955404533789958160580600966
0.09955404533789958160580600966
0.09580636028214127310345371001
0.09580636028214127310345371001
0.09154620005320356904793210110
0.09154620005320356904793210110
0.09154620005320356904793210110
0.09235833364244033237096617494
0.09235833364244033237096617494
0.09036739873008358627912235002
0.09036739873008358627912235002
0.09036739873008358627912235002
0.09035283098945988415727861875
0.09035283098945988415727861875
0.09362398372633901254521330129
0.09362398372633901254521330129
0.09362398372633901254521330129
0.09523804852886449319834572667
0.09523804852886449319834572667
0.09523804852886449319834572667
0.09430759052494935093214387610
0.09430759052494935093214387610
0.09705936780005885508876591224
0.09705936780005885508876591224
0.09705936780005885508876591224
0.09683322133897405033872820522
0.09683322133897405033872820522
0.09787198190488979292704408193
0.09787198190488979292704408193
0.09787198190488979292704408193
0.09865469052526279205416314582
0.09865469052526279205416314582
0.09756409015069770940508449061
0.09756409015069770940508449061
0.09756409015069770940508449061
0.09818655240944308769191069773
0.09818655240944308769191069773
0.09777210120572046235545783070
0.09777210120572046235545783070
0.09777210120572046235545783070
0.09828509756380720083886511495
0.09828509756380720083886511495
0.09828509756380720083886511495
0.09951574055054993123823259982
0.09951574055054993123823259982
0.09820631658947315020974066813
0.09820631658947315020974066813
0.09820631658947315020974066813
0.09770542401775670270303443398
0.09770542401775670270303443398
0.09769431127960318586331091976
0.09769431127960318586331091976
0.09769431127960318586331091976
0.09803339610184153263216264768
0.09803339610184153263216264768
0.09755563662735091815512445823
0.09755563662735091815512445823
0.09755563662735091815512445823
0.09710728294299362722520683644
0.09710728294299362722520683644
0.09710728294299362722520683644
0.09790649252695287998096143669
0.09790649252695287998096143669
0.09808013831907624366027700411
0.09808013831907624366027700411
0.09808013831907624366027700411
0.09821725425117045009799676247
0.09821725425117045009799676247
0.09774385514943605345040398298
0.09774385514943605345040398298
0.09774385514943605345040398298
0.09750088822307229094132351788
0.09750088822307229094132351788
0.09766156685980852993656939471
0.09766156685980852993656939471
0.09766156685980852993656939471
0.09759975038761067186913629090
0.09759975038761067186913629090
0.09759975038761067186913629090
0.09685794851926015169540053621
0.09685794851926015169540053621
0.09686884155508815301166502052
0.09686884155508815301166502052
0.09686884155508815301166502052
0.09660519594292243011341246277
0.09660519594292243011341246277
0.09647913357142197458508778917
0.09647913357142197458508778917
0.09647913357142197458508778917
0.09652809019618543483879302274
0.09652809019618543483879302274
0.09693612108135783673608925101
0.09693612108135783673608925101
0.09693612108135783673608925101
0.09666008491166138655663364725
0.09666008491166138655663364725
0.09666008491166138655663364725
0.09725987899712292183789056438
0.09725987899712292183789056438
0.09716132592759270830446484896
0.09716132592759270830446484896
0.09716132592759270830446484896
0.09710414603253965667718816103
0.09710414603253965667718816103
0.09750324737333490423031322199
0.09750324737333490423031322199
0.09750324737333490423031322199
0.09733620621919306376099640194
0.09733620621919306376099640194
0.09671058216796123350342701700
0.09671058216796123350342701700
0.09671058216796123350342701700
0.09713583580705992803122865109
0.09713583580705992803122865109
0.09714616244329247712293583421
0.09714616244329247712293583421
0.09714616244329247712293583421
0.09691061014346855155437009470
0.09691061014346855155437009470
0.09691061014346855155437009470
0.09713153542464041057841736051
0.09713153542464041057841736051
0.09704601348977487680327616275
0.09704601348977487680327616275
0.09704601348977487680327616275
0.09739934816850850559625330474
0.09739934816850850559625330474
0.09732254348143172920668183759
0.09732254348143172920668183759
0.09732254348143172920668183759
0.09706987931188123357338421721
0.09706987931188123357338421721
0.09721935775026988153405912248
0.09721935775026988153405912248
0.09721935775026988153405912248
0.09767741922774661026080880328
0.09767741922774661026080880328
0.09796843942633012425188002064
0.09796843942633012425188002064
0.09796843942633012425188002064
0.09761973322029972175050927055
0.09761973322029972175050927055
0.09761973322029972175050927055
0.09765515646240198988565409841
0.09765515646240198988565409841
0.09768757702967251355380509210
0.09768757702967251355380509210
0.09768757702967251355380509210
0.09741869222998572431296444272
0.09741869222998572431296444272
0.09755426876981440188254314799
0.09755426876981440188254314799
0.09755426876981440188254314799
0.09746707840972816351928678068
0.09746707840972816351928678068
0.09741329605993048104708329989
0.09741329605993048104708329989
0.09741329605993048104708329989
0.09718675097077104808371901916
0.09718675097077104808371901916
0.09718675097077104808371901916
0.09730949011771745204004830168
0.09730949011771745204004830168
0.09744326975069724110396646276
0.09744326975069724110396646276
0.09744326975069724110396646276
0.09757553178587116078601263013
0.09757553178587116078601263013
0.09781083187596368903872450511
0.09781083187596368903872450511
0.09781083187596368903872450511
0.09781929789071010866536342216
0.09781929789071010866536342216
0.09789737162054115203941244606
0.09789737162054115203941244606
0.09789737162054115203941244606
0.09837994540153590318984852585
0.09837994540153590318984852585
0.09837994540153590318984852585
0.09854924054535950589079958119
0.09854924054535950589079958119
0.09838130672861570191782295259
0.09838130672861570191782295259
0.09838130672861570191782295259
0.09792358223354154801841126439
0.09792358223354154801841126439
0.09791479396343190006514153563
0.09791479396343190006514153563
0.09791479396343190006514153563
0.09773511720847456591268134867
0.09773511720847456591268134867
0.09760213338581734554464232425
0.09760213338581734554464232425
0.09760213338581734554464232425
0.09763458842915183646546607865
0.09763458842915183646546607865
0.09763458842915183646546607865
