0.2717149212981838359847223286
0.2717149212981838359847223286
0.3685176161872244665030829217
0.3685176161872244665030829217
0.3685176161872244665030829217
0.4330524564775421927665975989
0.4330524564775421927665975989
0.4690867160448309294358705579
0.4690867160448309294358705579
0.4690867160448309294358705579
0.5003863428612395145298454892
0.5003863428612395145298454892
0.4918302558114949944816961930
0.4918302558114949944816961930
0.4918302558114949944816961930
0.5274989583040358937651012846
0.5274989583040358937651012846
0.5281326514259182482954639324
0.5281326514259182482954639324
0.5281326514259182482954639324
0.5985771233614336112410414165
0.5985771233614336112410414165
0.5985771233614336112410414165
0.5797395204229925783699038574
0.5797395204229925783699038574
0.6037806452248865316675495716
0.6037806452248865316675495716
0.6037806452248865316675495716
0.6109560155135335681683994731
0.6109560155135335681683994731
0.6060691023584453910110007333
0.6060691023584453910110007333
0.6060691023584453910110007333
0.6014802239003669170253760841
0.6014802239003669170253760841
0.5809280077442272067188186752
0.5809280077442272067188186752
0.5809280077442272067188186752
0.5675634843150641329422760472
0.5675634843150641329422760472
0.5642599459450144750518124277
0.5642599459450144750518124277
0.5642599459450144750518124277
0.5824971507733738704094736223
0.5824971507733738704094736223
0.5824971507733738704094736223
0.5804607558504507955029657421
0.5804607558504507955029657421
0.5820963205598275277470126707
0.5820963205598275277470126707
0.5820963205598275277470126707
0.5835610568452176254423168948
0.5835610568452176254423168948
0.5831409089830147035198986844
0.5831409089830147035198986844
0.5831409089830147035198986844
0.5809342893215540815856202276
0.5809342893215540815856202276
0.5850125423575749458069273694
0.5850125423575749458069273694
0.5850125423575749458069273694
0.5870839627269720990267718940
0.5870839627269720990267718940
0.5870839627269720990267718940
0.5830616125644710391834447543
0.5830616125644710391834447543
0.5861795843845571718076954764
0.5861795843845571718076954764
0.5861795843845571718076954764
0.5785958909902029554604087325
0.5785958909902029554604087325
0.5716310197356650329166561567
0.5716310197356650329166561567
0.5716310197356650329166561567
0.5680298722374039865267958339
0.5680298722374039865267958339
0.5621528003602625994124219641
0.5621528003602625994124219641
0.5621528003602625994124219641
0.5787402967290665960648585709
0.5787402967290665960648585709
0.5787402967290665960648585709
0.5823978872745999449825916379
0.5823978872745999449825916379
0.5870977290761004763752909268
0.5870977290761004763752909268
0.5870977290761004763752909268
0.5892113461643320324585581333
0.5892113461643320324585581333
0.5899128394565573964424617019
0.5899128394565573964424617019
0.5899128394565573964424617019
0.5840003661029395683780863225
0.5840003661029395683780863225
0.5820257158681587161780773585
0.5820257158681587161780773585
0.5820257158681587161780773585
0.5778493834062433458427706834
0.5778493834062433458427706834
0.5778493834062433458427706834
0.5676127791153100886065304967
0.5676127791153100886065304967
0.5755836879356200787955972796
0.5755836879356200787955972796
0.5755836879356200787955972796
0.5706057766138133951107962975
0.5706057766138133951107962975
0.5685414614193621204085126524
0.5685414614193621204085126524
0.5685414614193621204085126524
0.5620582627356282402530357377
0.5620582627356282402530357377
0.5656860256772116981639867043
0.5656860256772116981639867043
0.5656860256772116981639867043
0.5745033696548917543119464616
0.5745033696548917543119464616
0.5733107769726258800158953446
0.5733107769726258800158953446
0.5733107769726258800158953446
0.5764967411639399594923490678
0.5764967411639399594923490678
0.5764967411639399594923490678
0.5743408099153522740658115277
0.5743408099153522740658115277
0.5735629476047722324797903705
0.5735629476047722324797903705
0.5735629476047722324797903705
0.5692308391155506045159042820
0.5692308391155506045159042820
0.5685926436889390972757093804
0.5685926436889390972757093804
0.5685926436889390972757093804
0.5688134483020643143901254510
0.5688134483020643143901254510
0.5762459362620066290687481995
0.5762459362620066290687481995
0.5762459362620066290687481995
0.5782855367567691528031806088
0.5782855367567691528031806088
0.5771569392069912069105732571
0.5771569392069912069105732571
0.5771569392069912069105732571
0.5746666166463837255388312536
0.5746666166463837255388312536
0.5746666166463837255388312536
0.5815544824225783865030099594
0.5815544824225783865030099594
0.5817323007864678252819216177
0.5817323007864678252819216177
0.5817323007864678252819216177
0.5848713153566623410585428246
0.5848713153566623410585428246
0.5826859181711610291567983474
0.5826859181711610291567983474
0.5826859181711610291567983474
0.5786761701804591055037695431
0.5786761701804591055037695431
0.5781632475497444021064844100
0.5781632475497444021064844100
0.5781632475497444021064844100
0.5801156780792299871867540599
0.5801156780792299871867540599
0.5801156780792299871867540599
0.5924164184206118900050048800
0.5924164184206118900050048800
0.5928043330389857010300998443
0.5928043330389857010300998443
0.5928043330389857010300998443
0.5941203701563605254510322875
0.5941203701563605254510322875
0.5976541473719719058475397326
0.5976541473719719058475397326
0.5976541473719719058475397326
0.5983152960573686257798373879
0.5983152960573686257798373879
0.5966038650723125175648986741
0.5966038650723125175648986741
0.5966038650723125175648986741
0.5994269582741969287897848278
0.5994269582741969287897848278
0.5994269582741969287897848278
0.6018246786105854917444294970
0.6018246786105854917444294970
0.6017084475877279959758556412
0.6017084475877279959758556412
0.6017084475877279959758556412
0.6044584910411083101558599829
0.6044584910411083101558599829
0.6020692464914485379650605149
0.6020692464914485379650605149
0.6020692464914485379650605149
0.5987176239477067676636408947
0.5987176239477067676636408947
0.5969900757148429474521216658
0.5969900757148429474521216658
0.5969900757148429474521216658
0.5919084215473815701287646766
0.5919084215473815701287646766
0.5919084215473815701287646766
0.5901211184603842068590767384
0.5901211184603842068590767384
0.5859164766240992708793918308
0.5859164766240992708793918308
0.5859164766240992708793918308
0.5887220566497371286966858618
0.5887220566497371286966858618
0.5873755525573227176351275014
0.5873755525573227176351275014
0.5873755525573227176351275014
0.5872021944712097366840255386
0.5872021944712097366840255386
0.5880285056296204183260277201
0.5880285056296204183260277201
0.5880285056296204183260277201
0.5885860852588658084947652611
0.5885860852588658084947652611
0.5920263191218206590073731930
0.5920263191218206590073731930
0.5920263191218206590073731930
0.5937364704549390957949029426
0.5937364704549390957949029426
0.5937364704549390957949029426
0.5926796163277116546554278725
0.5926796163277116546554278725
0.5880316076239216020448937214
0.5880316076239216020448937214
0.5880316076239216020448937214
0.5953737669008932390221874623
0.5953737669008932390221874623
0.5934882802352714394300443115
0.5934882802352714394300443115
0.5934882802352714394300443115
0.5952248311867959682378216691
0.5952248311867959682378216691
0.5966360763980710863844649939
0.5966360763980710863844649939
0.5966360763980710863844649939
0.5973824310450029168649350499
0.5973824310450029168649350499
0.5968406032634968455077249365
0.5968406032634968455077249365
0.5968406032634968455077249365
0.6017595692756683672984270622
0.6017595692756683672984270622
0.6017595692756683672984270622
0.5987518836139310219845017618
0.5987518836139310219845017618
0.5998684434911783865628290296
0.5998684434911783865628290296
0.5998684434911783865628290296
0.5950736175088158606445157277
0.5950736175088158606445157277
0.5914056703970546511396968124
0.5914056703970546511396968124
0.5914056703970546511396968124
0.5875555923354776177189942642
0.5875555923354776177189942642
0.5891631384292940007658648117
0.5891631384292940007658648117
0.5891631384292940007658648117
0.5973577062211908924847545081
0.5973577062211908924847545081
0.5973577062211908924847545081
0.5995701844475545495635724179
0.5995701844475545495635724179
0.6000215764715242634983323027
0.6000215764715242634983323027
0.6000215764715242634983323027
0.5984738635635784712731784083
0.5984738635635784712731784083
0.5980694120430612569408319360
0.5980694120430612569408319360
0.5980694120430612569408319360
0.5992455199903116100507827098
0.5992455199903116100507827098
0.5959752901786639380575009177
0.5959752901786639380575009177
0.5959752901786639380575009177
0.5989118331717696662488345464
0.5989118331717696662488345464
0.5989118331717696662488345464
0.5999429200274668662495894797
0.5999429200274668662495894797
0.5979246427735205004742780447
0.5979246427735205004742780447
0.5979246427735205004742780447
0.5951775479446550800288875016
0.5951775479446550800288875016
0.5955436163421091874303349288
0.5955436163421091874303349288
0.5955436163421091874303349288
0.5937504301554312748043960600
0.5937504301554312748043960600
0.5911523113061752827626585693
0.5911523113061752827626585693
0.5911523113061752827626585693
0.5899822112808041913849366895
0.5899822112808041913849366895
0.5899822112808041913849366895
