0.001062899686481785083470267249
0.001062899686481785083470267249
0.001024733530624691514438216569
0.001024733530624691514438216569
0.001024733530624691514438216569
0.0007751615289456985803381946225
0.0007751615289456985803381946225
0.0007869644046739213558490210633
0.0007869644046739213558490210633
0.0007869644046739213558490210633
0.0009628260083692149630167107549
0.0009628260083692149630167107549
0.0007957051899653342886155562469
0.0007957051899653342886155562469
0.0007957051899653342886155562469
0.0007001052590169448354426272552
0.0007001052590169448354426272552
0.0007611275938095822395487720921
0.0007611275938095822395487720921
0.0007611275938095822395487720921
0.0007406732622105424894050780194
0.0007406732622105424894050780194
0.0007406732622105424894050780194
0.0008298091113657269777580240247
0.0008298091113657269777580240247
0.0009572806858042053353999755057
0.0009572806858042053353999755057
0.0009572806858042053353999755057
0.0008761940917667299753051667245
0.0008761940917667299753051667245
0.0008623134285037943659817705980
0.0008623134285037943659817705980
0.0008623134285037943659817705980
0.0009163330578971703279392822854
0.0009163330578971703279392822854
0.0009335603652884497363636610724
0.0009335603652884497363636610724
0.0009335603652884497363636610724
0.0008867736896270086681464370964
0.0008867736896270086681464370964
0.0008750430862976804362357575084
0.0008750430862976804362357575084
0.0008750430862976804362357575084
0.0008676493361787863402486603564
0.0008676493361787863402486603564
0.0008676493361787863402486603564
0.0008270650297021476803914173886
0.0008270650297021476803914173886
0.0008344588559519399458870709157
0.0008344588559519399458870709157
0.0008344588559519399458870709157
0.0008415964107630539078880517949
0.0008415964107630539078880517949
0.0008357159549136895652543227485
0.0008357159549136895652543227485
0.0008357159549136895652543227485
0.0008109979674242414189560422041
0.0008109979674242414189560422041
0.0008112161727434519423851411849
0.0007996149498293313758761548106
0.0007996149498293313758761548106
0.0008421352410627290812383075756
0.0008421352410627290812383075756
0.0008421352410627290812383075756
0.0008420333678204159883444757429
0.0008420333678204159883444757429
0.0008364612744115762803000683966
0.0008364612744115762803000683966
0.0008364612744115762803000683966
0.0008551177435162413456022034198
0.0008551177435162413456022034198
0.0008601398224757695127440591913
0.0008601398224757695127440591913
0.0008601398224757695127440591913
0.0008568409046193705210669385477
0.0008568409046193705210669385477
0.0008397363898256877366139434375
0.0008397363898256877366139434375
0.0008397363898256877366139434375
0.0008401184328315803224522294213
0.0008401184328315803224522294213
0.0008401184328315803224522294213
0.0008712107143921901096601639158
0.0008712107143921901096601639158
0.0008539088483173397687457589579
0.0008539088483173397687457589579
0.0008539088483173397687457589579
0.0008663342427652604067035426929
0.0008663342427652604067035426929
0.0008582375942546699282244749173
0.0008582375942546699282244749173
0.0008582375942546699282244749173
0.0008655176234184168863336994981
0.0008655176234184168863336994981
0.0008514713200893775462998969186
0.0008514713200893775462998969186
0.0008514713200893775462998969186
0.0008394315065598904162192465470
0.0008394315065598904162192465470
0.0008394315065598904162192465470
0.0008445214763680546089665620572
0.0008445214763680546089665620572
0.0008452489766335367021188603028
0.0008452489766335367021188603028
0.0008452489766335367021188603028
0.0008493975094140608647702416513
0.0008493975094140608647702416513
0.0008670249214432621127504392476
0.0008670249214432621127504392476
0.0008670249214432621127504392476
0.0008787471159591934179484490487
0.0008787471159591934179484490487
0.0008885028744362424041825921180
0.0008885028744362424041825921180
0.0008885028744362424041825921180
0.0008974154090284421765456302712
0.0008974154090284421765456302712
0.0008809155002146556244227223208
0.0008809155002146556244227223208
0.0008809155002146556244227223208
0.0008731965246746709148700625315
0.0008731965246746709148700625315
0.0008731965246746709148700625315
0.0008986599509263095736878083838
0.0008986599509263095736878083838
0.0008946485288138363104472686274
0.0008946485288138363104472686274
0.0008946485288138363104472686274
0.0009115985968547365120720615915
0.0009115985968547365120720615915
0.0009056991183113078532925607038
0.0009056991183113078532925607038
0.0009056991183113078532925607038
0.0009266638109842558873869322084
0.0009266638109842558873869322084
0.0009175083248338535104178652595
0.0009175083248338535104178652595
0.0009175083248338535104178652595
0.0009182356595623162464417960153
0.0009182356595623162464417960153
0.0009357798629098116599401756064
0.0009357798629098116599401756064
0.0009357798629098116599401756064
0.0009313347202643238744449704436
0.0009313347202643238744449704436
0.0009313347202643238744449704436
0.0009297065467793551292780272672
0.0009297065467793551292780272672
0.0009274464540038307964396594149
0.0009274464540038307964396594149
0.0009274464540038307964396594149
0.0009204764087721040407216231464
0.0009204764087721040407216231464
0.0009302948310977510655799622941
0.0009302948310977510655799622941
0.0009302948310977510655799622941
0.0009205054138892732687556502462
0.0009205054138892732687556502462
0.0009248898092802275979461808143
0.0009248898092802275979461808143
0.0009248898092802275979461808143
0.0009267323170922735176831126323
0.0009267323170922735176831126323
0.0009267323170922735176831126323
0.0009281125082270363299939191187
0.0009281125082270363299939191187
0.0009294445863118755876362906159
0.0009294445863118755876362906159
0.0009294445863118755876362906159
0.0009355528066221858554616701776
0.0009355528066221858554616701776
0.0009255183909703240248610162387
0.0009255183909703240248610162387
0.0009255183909703240248610162387
0.0009454289070319285037382444654
0.0009454289070319285037382444654
0.0009586215443631155237182006116
0.0009586215443631155237182006116
0.0009586215443631155237182006116
0.0009679678856710527149696204583
0.0009679678856710527149696204583
0.0009679678856710527149696204583
0.0009682782195167595586367906466
0.0009682782195167595586367906466
0.0009595613719697960959329263985
0.0009595613719697960959329263985
0.0009595613719697960959329263985
0.0009593736436856222919888095566
0.0009593736436856222919888095566
0.0009604701226858970847179904513
0.0009604701226858970847179904513
0.0009604701226858970847179904513
0.0009596429361998119465111829787
0.0009596429361998119465111829787
0.0009501718006769451430755927856
0.0009501718006769451430755927856
0.0009501718006769451430755927856
0.0009410001754171196194023230108
0.0009410001754171196194023230108
0.0009410001754171196194023230108
0.0009547803703246451226414851470
0.0009547803703246451226414851470
0.0009427799366400656598301242586
0.0009427799366400656598301242586
0.0009427799366400656598301242586
0.0009357161277373533350082303133
0.0009357161277373533350082303133
0.0009380749755065815000440734697
0.0009380749755065815000440734697
0.0009380749755065815000440734697
0.0009524169511585685287740806617
0.0009524169511585685287740806617
0.0009547822917989055852511951388
0.0009547822917989055852511951388
0.0009547822917989055852511951388
0.0009576759043639060153411149109
0.0009576759043639060153411149109
0.0009575325138222385311371640566
0.0009575325138222385311371640566
0.0009575325138222385311371640566
0.0009608252401144536129373841302
0.0009608252401144536129373841302
0.0009608252401144536129373841302
0.0009513894807557487691950535538
0.0009513894807557487691950535538
0.0009639516087845966280855289632
0.0009639516087845966280855289632
0.0009639516087845966280855289632
0.0009674953607612375841043382462
0.0009674953607612375841043382462
0.0009683159706335321358527102976
0.0009683159706335321358527102976
0.0009683159706335321358527102976
0.0009632008553010475143343333425
0.0009632008553010475143343333425
0.0009526665952991088064425900916
0.0009526665952991088064425900916
0.0009526665952991088064425900916
0.0009525450585511332426517150207
0.0009525450585511332426517150207
0.0009555240812596099704494325840
0.0009555240812596099704494325840
0.0009555240812596099704494325840
0.0009667348877933103524533152338
0.0009667348877933103524533152338
0.0009667348877933103524533152338
0.0009686142374342071977955400382
0.0009686142374342071977955400382
0.0009792191114447173714672179855
0.0009792191114447173714672179855
0.0009792191114447173714672179855
0.0009892401377744647406276354864
0.0009892401377744647406276354864
0.0009804745025311623624702376263
0.0009804745025311623624702376263
0.0009804745025311623624702376263
0.0009729673397007242401024473252
0.0009729673397007242401024473252
0.0009729673397007242401024473252
0.0009738332497152370986469462494
0.0009738332497152370986469462494
0.0009770284773926627287009752560
0.0009770284773926627287009752560
0.0009770284773926627287009752560
0.0009700501228212122716603867670
0.0009700501228212122716603867670
0.0009698359053738104491035821854
0.0009698359053738104491035821854
0.0009698359053738104491035821854
0.0009724735507908945368949754408
0.0009724735507908945368949754408
0.0009643273546555236833611157003
0.0009643273546555236833611157003
0.0009643273546555236833611157003
0.0009763341452508124929113131578
0.0009763341452508124929113131578
0.0009694215481130760427418299058
0.0009694215481130760427418299058
0.0009694215481130760427418299058
0.0009631460860473662520498959206
0.0009631460860473662520498959206
0.0009631460860473662520498959206
0.0009703979823305517519490254398
0.0009703979823305517519490254398
0.0009622169475060454214273642909
0.0009622169475060454214273642909
0.0009622169475060454214273642909
0.0009812283910291613995162299472
0.0009812283910291613995162299472
0.0009818798202144135180377541281
0.0009818798202144135180377541281
0.0009818798202144135180377541281
0.0009840202169306153773036124954
0.0009840202169306153773036124954
0.0009773862014897586722397630779
0.0009773862014897586722397630779
0.0009773862014897586722397630779
0.0009801212019843914822664609341
0.0009801212019843914822664609341
0.0009801212019843914822664609341
0.0009823279966874966122457027528
0.0009823279966874966122457027528
0.0009760885907939108266792289615
0.0009760885907939108266792289615
0.0009760885907939108266792289615
0.0009797406221009956687588715548
0.0009797406221009956687588715548
0.0009881011334704970041853911984
0.0009881011334704970041853911984
0.0009881011334704970041853911984
0.0009834923493662184633414992020
0.0009834923493662184633414992020
0.0009845442873788787170880713899
0.0009845442873788787170880713899
0.0009845442873788787170880713899
0.0009772809760296386785052609036
0.0009772809760296386785052609036
0.0009777257518194101707404820627
0.0009777257518194101707404820627
0.0009777257518194101707404820627
0.0009811072073140808549590105446
0.0009811072073140808549590105446
0.0009811072073140808549590105446
0.0009771727026535643571597073793
0.0009771727026535643571597073793
0.0009774952982058118181672990374
0.0009774952982058118181672990374
0.0009774952982058118181672990374
0.0009708135171030736622970668061
0.0009708135171030736622970668061
0.0009712307517298958798314305197
0.0009712307517298958798314305197
0.0009712307517298958798314305197
0.0009656058165778733061996089835
0.0009656058165778733061996089835
0.0009601665170709154178105271474
0.0009601665170709154178105271474
0.0009601665170709154178105271474
0.0009596821223392780551275779917
0.0009596821223392780551275779917
0.0009535978525063453165817905970
0.0009535978525063453165817905970
0.0009535978525063453165817905970
0.0009493611081512489685929163617
0.0009493611081512489685929163617
0.0009493611081512489685929163617
0.0009427975860769145210759426057
0.0009427975860769145210759426057
0.0009377245516978945221801886502
0.0009377245516978945221801886502
0.0009377245516978945221801886502
0.0009450927180817148824441303620
0.0009450927180817148824441303620
0.0009467402630502519421658956846
0.0009467402630502519421658956846
0.0009467402630502519421658956846
0.0009429515642021933403705473196
0.0009429515642021933403705473196
0.0009427857513544301538007060115
0.0009421829009240036793953081980
0.0009421829009240036793953081980
0.0009436426346511157824142802709
0.0009436426346511157824142802709
0.0009436426346511157824142802709
0.0009448478495301585191135550549
0.0009448478495301585191135550549
0.0009458701334289253421399962443
0.0009458701334289253421399962443
0.0009458701334289253421399962443
0.0009479014772281163123099330546
0.0009479014772281163123099330546
0.0009554109757543550368175506792
0.0009554109757543550368175506792
0.0009554109757543550368175506792
0.0009669460374464040057275044876
0.0009669460374464040057275044876
0.0009697617100336310251211178749
0.0009697617100336310251211178749
0.0009697617100336310251211178749
0.0009715920347915490750462989779
0.0009715920347915490750462989779
0.0009715920347915490750462989779
0.0009747530412456383094500190522
0.0009747530412456383094500190522
0.0009742173151368075065142656685
0.0009742173151368075065142656685
0.0009742173151368075065142656685
0.0009693069347073101895335258850
0.0009693069347073101895335258850
0.0009721021424012908064571396327
0.0009721021424012908064571396327
0.0009721021424012908064571396327
0.0009675559540570289848877227522
0.0009675559540570289848877227522
0.0009681082237725391102972801584
0.0009681082237725391102972801584
0.0009681082237725391102972801584
0.0009685924856131422326300046246
0.0009685924856131422326300046246
0.0009685924856131422326300046246
0.0009633870594711275125241828873
0.0009633870594711275125241828873
0.0009573493502887437229505512166
0.0009573493502887437229505512166
0.0009573493502887437229505512166
0.0009585899165019256766034465624
0.0009585899165019256766034465624
0.0009596237727832991701196388931
0.0009596237727832991701196388931
0.0009596237727832991701196388931
0.0009654508925165382204097778264
0.0009654508925165382204097778264
0.0009603038046518447000112899114
0.0009603038046518447000112899114
0.0009603038046518447000112899114
0.0009549390548260708150725189863
0.0009549390548260708150725189863
0.0009547711464603330866968375900
0.0009547711464603330866968375900
0.0009547711464603330866968375900
0.0009500336686420501617270023115
0.0009500336686420501617270023115
0.0009500336686420501617270023115
0.0009449951254228435787361949916
0.0009449951254228435787361949916
0.0009465350767178091719752526524
0.0009465350767178091719752526524
0.0009465350767178091719752526524
0.0009408786519174879039202677670
0.0009408786519174879039202677670
0.0009413770800101052519199695953
0.0009413770800101052519199695953
0.0009413770800101052519199695953
0.0009427952634648258275009854594
0.0009427952634648258275009854594
0.0009378322723631148813902894422
0.0009378322723631148813902894422
0.0009378322723631148813902894422
0.0009392839731821376225879300918
0.0009392839731821376225879300918
0.0009396582827510862105810828071
0.0009396582827510862105810828071
0.0009396582827510862105810828071
0.0009397261349569364421606162839
0.0009397261349569364421606162839
0.0009397261349569364421606162839
0.0009360692142499487505387367994
0.0009360692142499487505387367994
0.0009371689053609978617798509675
0.0009371689053609978617798509675
0.0009371689053609978617798509675
0.0009320946552551527902503714872
0.0009320946552551527902503714872
0.0009326764164309071622057887851
0.0009326764164309071622057887851
0.0009326764164309071622057887851
0.0009277585081792062335649335484
0.0009277585081792062335649335484
0.0009274066651513703627515319262
0.0009225006272456635296103061282
0.0009225006272456635296103061282
0.0009236828944358605098228839864
0.0009236828944358605098228839864
0.0009236828944358605098228839864
0.0009194522290124804355952200194
0.0009194522290124804355952200194
0.0009210506538184203827093730490
0.0009210506538184203827093730490
0.0009210506538184203827093730490
0.0009215079828822190642495910513
0.0009215079828822190642495910513
0.0009216966149081299869523771375
0.0009216966149081299869523771375
0.0009216966149081299869523771375
0.0009168637989870332258042225697
0.0009168637989870332258042225697
0.0009133773294499214487771115857
0.0009133773294499214487771115857
0.0009133773294499214487771115857
0.0009151029200943404865602982067
0.0009151029200943404865602982067
0.0009151029200943404865602982067
0.0009099671437304836933685207582
0.0009099671437304836933685207582
0.0009064282055435580108318769625
0.0009064282055435580108318769625
0.0009064282055435580108318769625
0.0009028170082213332773167455112
0.0009028170082213332773167455112
0.0008992343934612737783822128217
0.0008992343934612737783822128217
0.0008992343934612737783822128217
0.0009043015813470181150045675778
0.0009043015813470181150045675778
0.0009007311152857061379095902107
0.0009007311152857061379095902107
0.0009007311152857061379095902107
0.0008962000919294021032693934862
0.0008962000919294021032693934862
0.0008962000919294021032693934862
0.0008940794452405060501000450639
0.0008940794452405060501000450639
0.0008967655324652658338818337201
0.0008967655324652658338818337201
0.0008967655324652658338818337201
0.0008947330957592347323389244798
0.0008947330957592347323389244798
0.0008935944692193596223998655598
0.0008935944692193596223998655598
0.0008935944692193596223998655598
0.0008933251342616901637790216990
0.0008933251342616901637790216990
0.0008901025431900332950134124423
0.0008901025431900332950134124423
0.0008901025431900332950134124423
0.0008863863084709598235918910270
0.0008863863084709598235918910270
0.0008866304968071015619967386143
0.0008866304968071015619967386143
0.0008866304968071015619967386143
0.0008895810039451792974101479728
0.0008895810039451792974101479728
0.0008895810039451792974101479728
0.0008938244024839245452434291047
0.0008938244024839245452434291047
0.0008932508243624968488021467800
0.0008932508243624968488021467800
0.0008932508243624968488021467800
0.0008963515981679002085739039342
0.0008963515981679002085739039342
0.0008938936069017349460428051497
0.0008938936069017349460428051497
0.0008938936069017349460428051497
0.0008900262900050564279173022642
0.0008900262900050564279173022642
0.0008884684367434579050845041710
0.0008884684367434579050845041710
0.0008884684367434579050845041710
0.0008949614820849701434309635308
0.0008949614820849701434309635308
0.0008983575352570646132156069613
0.0008983575352570646132156069613
0.0008983575352570646132156069613
0.0008982663794078758595240046632
0.0008982663794078758595240046632
0.0008982663794078758595240046632
0.0008970843570526594700066264143
0.0008970843570526594700066264143
0.0008974397462049017374834046365
0.0008974397462049017374834046365
0.0008974397462049017374834046365
0.0008979242565624078539004543505
0.0008979242565624078539004543505
0.0008972754570057525276513651629
0.0008972754570057525276513651629
0.0008972754570057525276513651629
0.0008999397306425768726185751823
0.0008999397306425768726185751823
0.0008999397306425768726185751823
0.0009025911770905074306115304106
0.0009025911770905074306115304106
0.0009038885875575575585361965245
0.0009038885875575575585361965245
0.0009038885875575575585361965245
0.0009039454757129488011720405902
0.0009039454757129488011720405902
0.0009033283570410492533648537932
0.0009033283570410492533648537932
0.0009033283570410492533648537932
0.0009028812414072471439159823657
0.0009028812414072471439159823657
0.0009024029742365463683779642703
0.0009024029742365463683779642703
0.0009024029742365463683779642703
0.0009026657962316144755770598967
0.0009026657962316144755770598967
0.0009065843466798231204463345543
0.0009065843466798231204463345543
0.0009065843466798231204463345543
0.0009054711525958938568110186684
0.0009054711525958938568110186684
0.0009054711525958938568110186684
0.0009055167469409515194447493540
0.0009055167469409515194447493540
0.0009051990528648286841197179599
0.0009051990528648286841197179599
0.0009051990528648286841197179599
0.0009040561673698514075935086073
0.0009040561673698514075935086073
0.0009003033206702822644494172635
0.0009003033206702822644494172635
0.0009003033206702822644494172635
0.0008984811494095837664875552099
0.0008984811494095837664875552099
0.0008991500004318428738754397529
0.0008991500004318428738754397529
0.0008991500004318428738754397529
0.0008987499017181665253386987703
0.0008987499017181665253386987703
0.0008987499017181665253386987703
0.0009032772299122382815752684179
0.0009032772299122382815752684179
0.0009026761112147867325614099643
0.0009026761112147867325614099643
0.0009026761112147867325614099643
0.0008998531681357849359236770416
0.0008998531681357849359236770416
0.0008973825482777281759009650364
0.0008973825482777281759009650364
0.0008973825482777281759009650364
0.0008955257395206147493848478673
0.0008955257395206147493848478673
0.0008963504000551193618814790485
0.0008963504000551193618814790485
0.0008963504000551193618814790485
0.0008954115628910939305703643645
0.0008954115628910939305703643645
0.0009012394459848714509873467225
0.0009012394459848714509873467225
0.0009012394459848714509873467225
0.0009062884689369869755161493549
0.0009062884689369869755161493549
0.0009062884689369869755161493549
0.0009071178975949250648374356496
0.0009071178975949250648374356496
0.0009052665884396862166537526992
0.0009052665884396862166537526992
0.0009052665884396862166537526992
0.0009042760980456555318531349758
0.0009042760980456555318531349758
0.0009082036264694083694560480388
0.0009082036264694083694560480388
0.0009082036264694083694560480388
0.0009117869141324208800864680206
0.0009117869141324208800864680206
0.0009112045173044449281315584672
0.0009112045173044449281315584672
0.0009112045173044449281315584672
0.0009081085605849676189484170590
0.0009081085605849676189484170590
0.0009109477691119555899042743182
0.0009109477691119555899042743182
0.0009109477691119555899042743182
0.0009100115089761135681870047393
0.0009100115089761135681870047393
0.0009100115089761135681870047393
0.0009088897671955617590609524461
0.0009088897671955617590609524461
0.0009133441299769517741546804073
0.0009133441299769517741546804073
0.0009133441299769517741546804073
0.0009111160543690013452469387623
0.0009111160543690013452469387623
0.0009107540261482436861715720068
0.0009107540261482436861715720068
0.0009107540261482436861715720068
0.0009118518390088413131491488292
0.0009118518390088413131491488292
0.0009138481376510637078247535876
0.0009138481376510637078247535876
0.0009138481376510637078247535876
0.0009119385818785976482751704266
0.0009119385818785976482751704266
0.0009119385818785976482751704266
0.0009113417484545864941849083546
0.0009113417484545864941849083546
0.0009154457659784674625780429939
0.0009154457659784674625780429939
0.0009154457659784674625780429939
0.0009180331440151102620125643432
0.0009180331440151102620125643432
0.0009169231150855507352726571661
0.0009169231150855507352726571661
0.0009169231150855507352726571661
0.0009165963925200975545166875202
0.0009165963925200975545166875202
0.0009145013724757851029205056020
0.0009145013724757851029205056020
0.0009145013724757851029205056020
0.0009140575038194970251895936226
0.0009140575038194970251895936226
0.0009140575038194970251895936226
0.0009165676944000718958817451211
0.0009165676944000718958817451211
0.0009181749230490342821105013667
0.0009181749230490342821105013667
0.0009181749230490342821105013667
0.0009168916109716326142567367759
0.0009168916109716326142567367759
0.0009130561103808486728151918505
0.0009130561103808486728151918505
0.0009130561103808486728151918505
0.0009129847587375794685764705668
0.0009129847587375794685764705668
0.0009124384637341914689575067456
0.0009124384637341914689575067456
0.0009124384637341914689575067456
0.0009117937053421453584358005374
0.0009117937053421453584358005374
0.0009117937053421453584358005374
0.0009112547288179596537224253230
0.0009112547288179596537224253230
0.0009091794305449668845202533103
0.0009091794305449668845202533103
0.0009091794305449668845202533103
0.0009104844635929801347631160758
0.0009104844635929801347631160758
0.0009079184567041372619792192249
0.0009079184567041372619792192249
0.0009079184567041372619792192249
0.0009069422449542166742442028841
0.0009069422449542166742442028841
0.0009069780413095468681911376005
0.0009069780413095468681911376005
0.0009069780413095468681911376005
0.0009094173875138761749618499429
0.0009094173875138761749618499429
0.0009101423438962095295578549564
0.0009101423438962095295578549564
0.0009101423438962095295578549564
0.0009102844449274281402475005070
0.0009102844449274281402475005070
0.0009102844449274281402475005070
0.0009115750812829268275759072646
0.0009115750812829268275759072646
0.0009127958339119915411714474237
0.0009127958339119915411714474237
0.0009127958339119915411714474237
0.0009105861246587412888859525150
0.0009105861246587412888859525150
0.0009091463545069103041835867327
0.0009091463545069103041835867327
0.0009091463545069103041835867327
0.0009089165287712434145174842891
0.0009089165287712434145174842891
0.0009077007396005656515003160236
0.0009077007396005656515003160236
0.0009077007396005656515003160236
0.0009079633896033552443461742074
0.0009079633896033552443461742074
0.0009081766906836172723784028404
0.0009081766906836172723784028404
0.0009081766906836172723784028404
0.0009106549436124577913613669302
0.0009106549436124577913613669302
0.0009106549436124577913613669302
0.0009092559933976375292485730484
0.0009092559933976375292485730484
0.0009096852982492786322910111516
0.0009096852982492786322910111516
0.0009096852982492786322910111516
0.0009101420475407929285807261108
0.0009101420475407929285807261108
0.0009085648942571848358268689720
0.0009085648942571848358268689720
0.0009085648942571848358268689720
0.0009085722509449751673775027978
0.0009085722509449751673775027978
0.0009084324234437850227946528708
0.0009065435358441074914919858582
0.0009065435358441074914919858582
0.0009071680886638309924593682539
0.0009071680886638309924593682539
0.0009071680886638309924593682539
0.0009089713005130382261524954955
0.0009089713005130382261524954955
0.0009066787750421653579818027249
0.0009066787750421653579818027249
0.0009066787750421653579818027249
0.0009075785290938572339270551070
0.0009075785290938572339270551070
0.0009040450096071289740160050636
0.0009040450096071289740160050636
0.0009040450096071289740160050636
0.0009008385898900095992005942332
0.0009008385898900095992005942332
0.0009009695918730592170910175509
0.0009009695918730592170910175509
0.0009009695918730592170910175509
0.0008993211480441911412444676420
0.0008993211480441911412444676420
0.0008993211480441911412444676420
0.0008992197244034128208631629777
0.0008992197244034128208631629777
0.0008970870203984818621473236034
0.0008970870203984818621473236034
0.0008970870203984818621473236034
0.0008956294322194485531367576311
0.0008956294322194485531367576311
0.0008949270671561277019824564031
0.0008949270671561277019824564031
0.0008949270671561277019824564031
0.0008953604542796015062669272881
0.0008953604542796015062669272881
0.0008977606354398493345036285074
0.0008977606354398493345036285074
0.0008977606354398493345036285074
0.0008981763021501111040115729755
0.0008981763021501111040115729755
0.0008981763021501111040115729755
0.0008965481578024973457092775509
0.0008965481578024973457092775509
0.0008951474091561341234183626254
0.0008951474091561341234183626254
0.0008951474091561341234183626254
0.0008930371948936434085284130269
0.0008930371948936434085284130269
0.0008909444086774384809395727793
0.0008909444086774384809395727793
0.0008909444086774384809395727793
0.0008923958644656695121022761749
0.0008923958644656695121022761749
0.0008918280520570204621404714302
0.0008918280520570204621404714302
0.0008918280520570204621404714302
0.0008906164393590646890490148655
0.0008906164393590646890490148655
0.0008905041160603889037921271053
0.0008905041160603889037921271053
0.0008905041160603889037921271053
0.0008882502217036152929112154300
0.0008882502217036152929112154300
0.0008882502217036152929112154300
0.0008882611228700186373767073354
0.0008882611228700186373767073354
0.0008877309617362647968220176995
0.0008877309617362647968220176995
0.0008877309617362647968220176995
0.0008878884629931799925132926888
0.0008878884629931799925132926888
0.0008883000861341095733722347920
0.0008883000861341095733722347920
0.0008883000861341095733722347920
0.0008891128133549138923835275660
0.0008891128133549138923835275660
0.0008880527154177213737273793453
0.0008880527154177213737273793453
0.0008880527154177213737273793453
0.0008874133207342868674171352057
0.0008874133207342868674171352057
0.0008846563333309407966502277400
0.0008846563333309407966502277400
0.0008846563333309407966502277400
0.0008837617038589764306257215317
0.0008837617038589764306257215317
0.0008837617038589764306257215317
0.0008862488149871247750326807143
0.0008862488149871247750326807143
0.0008867092311686129668929887475
0.0008867092311686129668929887475
0.0008867092311686129668929887475
0.0008873806450560392669736180230
0.0008873806450560392669736180230
0.0008900049536410009461032648854
0.0008900049536410009461032648854
0.0008900049536410009461032648854
0.0008914468493153252564882606201
0.0008914468493153252564882606201
0.0008907538937419941253125637194
0.0008907538937419941253125637194
0.0008907538937419941253125637194
0.0008897971308174521498863260899
0.0008897971308174521498863260899
0.0008897971308174521498863260899
0.0008881779468013740178050251994
0.0008881779468013740178050251994
0.0008881369178056740402704962261
0.0008881369178056740402704962261
0.0008881369178056740402704962261
0.0008881927181990999013934694884
0.0008881927181990999013934694884
0.0008891594710842932935230352569
0.0008891594710842932935230352569
0.0008891594710842932935230352569
0.0008890010138650171593009476271
0.0008890010138650171593009476271
0.0008913150669369267303760800806
0.0008913150669369267303760800806
0.0008913150669369267303760800806
0.0008908674453173440183480981021
0.0008908674453173440183480981021
0.0008908674453173440183480981021
0.0008885393951995113092087615154
0.0008885393951995113092087615154
0.0008888753587272755965428069678
0.0008888753587272755965428069678
0.0008888753587272755965428069678
0.0008884980766172955377204642781
0.0008884980766172955377204642781
0.0008880001726957605646425069753
0.0008880001726957605646425069753
0.0008880001726957605646425069753
0.0008878376196629574480662156968
0.0008878376196629574480662156968
0.0008858845807829725102361422615
0.0008858845807829725102361422615
0.0008858845807829725102361422615
0.0008855629995202650011430679853
0.0008855629995202650011430679853
0.0008855629995202650011430679853
0.0008846915055673142421022985883
0.0008846915055673142421022985883
0.0008823696031788841772888852194
0.0008823696031788841772888852194
0.0008823696031788841772888852194
0.0008825232062419617779207450432
0.0008825232062419617779207450432
0.0008843024135036124459099891639
0.0008843024135036124459099891639
0.0008843024135036124459099891639
0.0008848841699929451912129172182
0.0008848841699929451912129172182
0.0008834225701894916668361639969
0.0008834225701894916668361639969
0.0008834225701894916668361639969
0.0008827608632237016589001166763
0.0008827608632237016589001166763
0.0008834676665966765232662602804
0.0008834676665966765232662602804
0.0008834676665966765232662602804
0.0008813572840080068990566538483
0.0008813572840080068990566538483
0.0008813572840080068990566538483
0.0008831425715941204286060589762
0.0008831425715941204286060589762
0.0008827990314635433546171851944
0.0008827990314635433546171851944
0.0008827990314635433546171851944
0.0008878282952717165661578171097
0.0008878282952717165661578171097
0.0008891435811272540931816074391
0.0008891435811272540931816074391
0.0008891435811272540931816074391
0.0008878328531595648295761392428
0.0008878328531595648295761392428
0.0008873788381055958977270327802
0.0008873788381055958977270327802
0.0008873788381055958977270327802
0.0008880144483996525178226762900
0.0008880144483996525178226762900
0.0008880810529546410569627681640
0.0008880810529546410569627681640
0.0008880810529546410569627681640
0.0008891290383180132026054240740
0.0008891290383180132026054240740
0.0008891290383180132026054240740
0.0008880271658087007447661163505
0.0008880271658087007447661163505
0.0008856841186937876879663024014
0.0008856841186937876879663024014
0.0008856841186937876879663024014
0.0008846387152864907932625382386
0.0008846387152864907932625382386
0.0008838117747486378312630098428
0.0008838117747486378312630098428
0.0008838117747486378312630098428
0.0008822052401735053552418631756
0.0008822052401735053552418631756
0.0008822052401735053552418631756
0.0008841371591400339096949682465
0.0008841371591400339096949682465
0.0008843534283918304309464886120
0.0008843534283918304309464886120
0.0008843534283918304309464886120
0.0008827970700565032323610787630
0.0008827970700565032323610787630
0.0008848705688289564651543466781
0.0008848705688289564651543466781
0.0008848705688289564651543466781
0.0008539021494611569914916620957
0.0008539021494611569914916620957
0.0008549112417256799173432018081
0.0008549112417256799173432018081
0.0008549112417256799173432018081
0.0008563311817076156177564666336
0.0008563311817076156177564666336
0.0008575698907404700120982464620
0.0008575698907404700120982464620
0.0008575698907404700120982464620
0.0008570994002560542254954156669
0.0008570994002560542254954156669
0.0008570994002560542254954156669
0.0008560382315828068550310176234
0.0008560382315828068550310176234
0.0008571339425421520701040420069
0.0008571339425421520701040420069
0.0008571339425421520701040420069
0.0008580220238934570511091737032
0.0008580220238934570511091737032
0.0008596619954325756616702674716
0.0008596619954325756616702674716
0.0008596619954325756616702674716
0.0008591317865518580753601245396
0.0008591317865518580753601245396
0.0008586176177999737371913848746
0.0008586176177999737371913848746
0.0008586176177999737371913848746
0.0008612946851618408069919681756
0.0008612946851618408069919681756
0.0008612946851618408069919681756
0.0008615276605027830797214225095
0.0008615276605027830797214225095
0.0008613072366995960071566526949
0.0008613072366995960071566526949
0.0008613072366995960071566526949
0.0008621999421293878539141274012
0.0008621999421293878539141274012
0.0008607102744336733579999364828
0.0008607102744336733579999364828
0.0008607102744336733579999364828
0.0008604933190425422476362049028
0.0008604933190425422476362049028
0.0008620028496949903367847956345
0.0008620028496949903367847956345
0.0008620028496949903367847956345
0.0008631124930273525163057990236
0.0008631124930273525163057990236
0.0008612429913589188999228916543
0.0008612429913589188999228916543
0.0008612429913589188999228916543
0.0008637532564537106609366286827
0.0008637532564537106609366286827
0.0008637532564537106609366286827
0.0008641073084811191744809258172
0.0008641073084811191744809258172
0.0008655647517499970458801026602
0.0008655647517499970458801026602
0.0008655647517499970458801026602
0.0008659441075933406424321013456
0.0008659441075933406424321013456
0.0008671571601244777427737625921
0.0008671571601244777427737625921
0.0008671571601244777427737625921
0.0008676485627609820941049034209
0.0008676485627609820941049034209
0.0008701360883617101536701589003
0.0008701360883617101536701589003
0.0008701360883617101536701589003
0.0008706138986136288063704979114
0.0008706138986136288063704979114
0.0008702251386420150091364167921
0.0008702251386420150091364167921
0.0008702251386420150091364167921
0.0008701109982939947918514670075
0.0008701109982939947918514670075
0.0008701109982939947918514670075
0.0008686800249418617697477714511
0.0008686800249418617697477714511
0.0008686264476598339166717147132
0.0008686264476598339166717147132
0.0008686264476598339166717147132
0.0008708618377565134531314100953
0.0008708618377565134531314100953
0.0008714501593378068523560073480
0.0008714501593378068523560073480
0.0008714501593378068523560073480
0.0008727699551060451590379537734
0.0008727699551060451590379537734
0.0008727699551060451590379537734
0.0008728468154545924541012570338
0.0008728468154545924541012570338
0.0008735079223666208153647877314
0.0008735079223666208153647877314
0.0008735079223666208153647877314
0.0008748716856247122149000347361
0.0008748716856247122149000347361
0.0008769570684931365010112607484
0.0008769570684931365010112607484
0.0008769570684931365010112607484
0.0008776760078211670977377473748
0.0008776760078211670977377473748
0.0008792289639363235621101223852
0.0008792289639363235621101223852
0.0008792289639363235621101223852
0.0008815827703964223369434779813
0.0008815827703964223369434779813
0.0008810030497097171536032058022
0.0008810030497097171536032058022
0.0008810030497097171536032058022
0.0008790324112678894411506260673
0.0008790324112678894411506260673
0.0008790324112678894411506260673
0.0008783119494233964413726744425
0.0008783119494233964413726744425
0.0008790888281348851533599993071
0.0008790888281348851533599993071
0.0008790888281348851533599993071
0.0008779604578903062041335411759
0.0008779604578903062041335411759
0.0008786957471272628713969237364
0.0008786957471272628713969237364
0.0008786957471272628713969237364
0.0008773674632198243965606156393
0.0008773674632198243965606156393
0.0008793630468508940344978633517
0.0008793630468508940344978633517
0.0008793630468508940344978633517
0.0008788804492479168020547233873
0.0008788804492479168020547233873
0.0008788804492479168020547233873
0.0008778292990910340113127308087
0.0008778292990910340113127308087
0.0008787435262475087750774138608
0.0008787435262475087750774138608
0.0008787435262475087750774138608
0.0008783468172784624553522398318
0.0008783468172784624553522398318
0.0008782743967666737405495733407
0.0008782743967666737405495733407
0.0008782743967666737405495733407
0.0008778155574455232699200763408
0.0008778155574455232699200763408
0.0008782983412139143901263043688
0.0008782983412139143901263043688
0.0008782983412139143901263043688
0.0008801723841574497806013921847
0.0008801723841574497806013921847
0.0008832042067133171717941777426
0.0008832042067133171717941777426
0.0008832042067133171717941777426
0.0008825553419217959007994451073
0.0008825553419217959007994451073
0.0008825553419217959007994451073
0.0008857117500403390073502591009
0.0008857117500403390073502591009
0.0008850427048804718648958350736
0.0008850427048804718648958350736
0.0008850427048804718648958350736
0.0008855828765252919211506807654
0.0008855828765252919211506807654
0.0008842998431404214802694498067
0.0008842998431404214802694498067
0.0008842998431404214802694498067
0.0008850556217335867254590384558
0.0008850556217335867254590384558
0.0008856635920564951751360024940
0.0008856635920564951751360024940
0.0008856635920564951751360024940
0.0008835217278228650599370700938
0.0008835217278228650599370700938
0.0008827229751854724170555053392
0.0008827229751854724170555053392
0.0008827229751854724170555053392
0.0008848143882252671404186220138
0.0008848143882252671404186220138
0.0008848143882252671404186220138
0.0008813930110864232076244284076
0.0008813930110864232076244284076
0.0008807592105311404615447416614
0.0008807592105311404615447416614
0.0008807592105311404615447416614
0.0008810296989177898145001964010
0.0008810296989177898145001964010
0.0008814901164692138426426773808
0.0008814901164692138426426773808
0.0008814901164692138426426773808
0.0008815440771375594804132410149
0.0008815440771375594804132410149
0.0008823035694725934875375707560
0.0008823035694725934875375707560
0.0008823035694725934875375707560
0.0008792521981841896791567382901
0.0008792521981841896791567382901
0.0008792521981841896791567382901
0.0008791472672864788034288700149
0.0008791472672864788034288700149
0.0008792171413611257644939803363
0.0008792171413611257644939803363
0.0008792171413611257644939803363
0.0008805104993419295656435302390
0.0008805104993419295656435302390
0.0008802351928277964678180872946
0.0008802351928277964678180872946
0.0008802351928277964678180872946
0.0008797502898649184297769093388
0.0008797502898649184297769093388
0.0008790425787046384642162195345
0.0008790425787046384642162195345
0.0008790425787046384642162195345
0.0008778541580349401770452733278
0.0008778541580349401770452733278
0.0008778541580349401770452733278
0.0008771968818551463170914966772
0.0008771968818551463170914966772
0.0008790120451938552232126904713
0.0008790120451938552232126904713
0.0008790120451938552232126904713
0.0008794205814351545066074367562
0.0008794205814351545066074367562
0.0008783262782458738622436623845
0.0008783262782458738622436623845
0.0008783262782458738622436623845
0.0008807374028194063219310472450
0.0008807374028194063219310472450
0.0008828350378290159184178322488
0.0008828350378290159184178322488
0.0008828350378290159184178322488
0.0008837074188835305367133263935
0.0008837074188835305367133263935
0.0008837074188835305367133263935
0.0008841053249262070401667932730
0.0008841053249262070401667932730
0.0008845174240784858760058628280
0.0008845174240784858760058628280
0.0008845174240784858760058628280
0.0008846467680522462068945522933
0.0008846467680522462068945522933
0.0008849559810275022735069102836
0.0008849559810275022735069102836
0.0008849559810275022735069102836
0.0008852378729855522516649616379
0.0008852378729855522516649616379
0.0008854971164618782597283170180
0.0008854971164618782597283170180
0.0008854971164618782597283170180
0.0008829791961749788611297572236
0.0008829791961749788611297572236
0.0008873731932360869035330798988
0.0008873731932360869035330798988
0.0008873731932360869035330798988
0.0008869707477088242466165930656
0.0008869707477088242466165930656
0.0008869707477088242466165930656
0.0008886609673535754955264474161
0.0008886609673535754955264474161
0.0008901693206018841871476820893
0.0008901693206018841871476820893
0.0008901693206018841871476820893
0.0008892802297260534222034189603
0.0008892802297260534222034189603
0.0008880546155595319780052310292
0.0008880546155595319780052310292
0.0008880546155595319780052310292
0.0008831593190999452061149551877
0.0008831593190999452061149551877
0.0008831321454348012013928099956
0.0008831321454348012013928099956
0.0008831321454348012013928099956
0.0008835743352942922097960130321
0.0008835743352942922097960130321
0.0008847877644785054714901046916
0.0008847877644785054714901046916
0.0008847877644785054714901046916
0.0008846036638558475941912477028
0.0008846036638558475941912477028
0.0008846036638558475941912477028
0.0008847481987055005086572906699
0.0008847481987055005086572906699
0.0008862591152942761326367155749
0.0008862591152942761326367155749
0.0008862591152942761326367155749
0.0008856983305618894651045454973
0.0008856983305618894651045454973
0.0008860754803289516611317263900
0.0008860754803289516611317263900
0.0008860754803289516611317263900
0.0008875266209727455159242970573
0.0008875266209727455159242970573
0.0008884954213935475040295204378
0.0008884954213935475040295204378
0.0008884954213935475040295204378
0.0008886219897572855546222243160
0.0008886219897572855546222243160
0.0008886219897572855546222243160
0.0008899372658872718475289202991
0.0008899372658872718475289202991
0.0008904578370350110422250917520
0.0008904578370350110422250917520
0.0008904578370350110422250917520
0.0008930671080238511537408135292
0.0008930671080238511537408135292
0.0008945444576579877788312677021
0.0008945444576579877788312677021
0.0008945444576579877788312677021
0.0008932585166922181841286926963
0.0008932585166922181841286926963
0.0008932681398727007362338124686
0.0008932681398727007362338124686
0.0008932681398727007362338124686
0.0008915667217389736416757578405
0.0008915667217389736416757578405
0.0008915667217389736416757578405
0.0008905360952051932905754174214
0.0008905360952051932905754174214
0.0008907158634621147543098413207
0.0008907158634621147543098413207
0.0008907158634621147543098413207
0.0008930776741057949505449007815
0.0008930776741057949505449007815
0.0008913553909746033548882789316
0.0008913553909746033548882789316
0.0008913553909746033548882789316
0.0008896442954679698866948411823
0.0008896442954679698866948411823
0.0008895548559197608428977806931
0.0008895548559197608428977806931
0.0008895548559197608428977806931
0.0008908097498228208016214613691
0.0008908097498228208016214613691
0.0008908097498228208016214613691
0.0008911992156622517541812823733
0.0008911992156622517541812823733
0.0008905836856961586949317973354
0.0008905836856961586949317973354
0.0008905836856961586949317973354
0.0008889064228311275541149427497
0.0008889064228311275541149427497
0.0008886114533607713491926179514
0.0008886114533607713491926179514
0.0008886114533607713491926179514
0.0008891904442110264277544446606
0.0008891904442110264277544446606
0.0008913902606493663146977469406
0.0008913902606493663146977469406
0.0008913902606493663146977469406
0.0008922435673225746844740482614
0.0008922435673225746844740482614
0.0008933084203588050586990088089
0.0008933084203588050586990088089
0.0008933084203588050586990088089
0.0008917880901714783282967025704
0.0008917880901714783282967025704
0.0008917880901714783282967025704
0.0008918100548171457357825997655
0.0008918100548171457357825997655
0.0008943160743639475783344855655
0.0008943160743639475783344855655
0.0008943160743639475783344855655
0.0008951183147222296044395232492
0.0008951183147222296044395232492
0.0008948552519397190544439385755
0.0008948552519397190544439385755
0.0008948552519397190544439385755
0.0008966359809615530034614695045
0.0008966359809615530034614695045
0.0008974985482662255271679943562
0.0008974985482662255271679943562
0.0008974985482662255271679943562
0.0008981115467969644410808155419
0.0008981115467969644410808155419
0.0008986973521200497176956738952
0.0008986973521200497176956738952
0.0008986973521200497176956738952
0.0008998105157664434100867990322
0.0008998105157664434100867990322
0.0008998105157664434100867990322
0.0008992439904007353239591398916
0.0008992439904007353239591398916
0.0008993405269978769094044118525
0.0008993405269978769094044118525
0.0008993405269978769094044118525
0.0009001173650995366248652157911
0.0009001173650995366248652157911
0.0009012699305671504736878278209
0.0009012699305671504736878278209
0.0009012699305671504736878278209
0.0009003905293420510287487375241
0.0009003905293420510287487375241
0.0009003905293420510287487375241
0.0009010905154529170384742349337
0.0009010905154529170384742349337
0.0009026214417269960193139001643
0.0009026214417269960193139001643
0.0009026214417269960193139001643
0.0009022954033945518359614801635
0.0009022954033945518359614801635
0.0009031701627195809729784887728
0.0009031701627195809729784887728
0.0009031701627195809729784887728
0.0009041535980527112605592635772
0.0009041535980527112605592635772
0.0009034759991025437290670410910
0.0009034759991025437290670410910
0.0009034759991025437290670410910
0.0009042093891393530275248506470
0.0009042093891393530275248506470
0.0009037193801125850665555168075
0.0009037193801125850665555168075
0.0009037193801125850665555168075
0.0009037082692623092503233159684
0.0009037082692623092503233159684
0.0009037082692623092503233159684
0.0009036226393390385369882276416
0.0009036226393390385369882276416
0.0009039939320746135963019263981
0.0009039939320746135963019263981
0.0009039939320746135963019263981
0.0009046262555579675599243735636
0.0009046262555579675599243735636
0.0009053152212591030335522634525
0.0009053152212591030335522634525
0.0009053152212591030335522634525
0.0009060500461555753148432824247
0.0009060500461555753148432824247
0.0009054627098806881919504994694
0.0009054627098806881919504994694
0.0009054627098806881919504994694
0.0009054313784215901859265970849
0.0009054313784215901859265970849
0.0009054313784215901859265970849
0.0009056525227391856041569943142
0.0009056525227391856041569943142
0.0009068847658239966881732458862
0.0009068847658239966881732458862
0.0009068847658239966881732458862
0.0009077350755509197349915591049
0.0009077350755509197349915591049
0.0009086925498207500310386644557
0.0009086925498207500310386644557
0.0009086925498207500310386644557
0.0009080898652644853032024783747
0.0009080898652644853032024783747
0.0009085078413267830116679909669
0.0009085078413267830116679909669
0.0009085078413267830116679909669
0.0009076722777801593284167597657
0.0009076722777801593284167597657
0.0009069731050938014621770040628
0.0009069731050938014621770040628
0.0009069731050938014621770040628
0.0009069630650508628364883975969
0.0009069630650508628364883975969
0.0009069630650508628364883975969
0.0009067423204780002979366755254
0.0009067423204780002979366755254
0.0009071914818570679170507646766
0.0009071914818570679170507646766
0.0009071914818570679170507646766
0.0009080584539865636712815498486
0.0009080584539865636712815498486
0.0009073176510519243357092242959
0.0009073176510519243357092242959
0.0009073176510519243357092242959
0.0009079704505207092392070946959
0.0009079704505207092392070946959
0.0009073186914368946780678437600
0.0009073186914368946780678437600
0.0009073186914368946780678437600
0.0009097826206321292466384639961
0.0009097826206321292466384639961
0.0009103742151243667975700640397
0.0009103742151243667975700640397
0.0009103742151243667975700640397
0.0009105882818733078166212553374
0.0009105882818733078166212553374
0.0009105882818733078166212553374
0.0009111936975920251147150540687
0.0009111936975920251147150540687
0.0009135674924065530849217560656
0.0009135674924065530849217560656
0.0009135674924065530849217560656
0.0009140916172718527377129970855
0.0009140916172718527377129970855
0.0009127810366926137948879131455
0.0009127810366926137948879131455
0.0009127810366926137948879131455
0.0009124802503952576661165682098
0.0009124802503952576661165682098
0.0009124166441665445773863617662
0.0009124166441665445773863617662
0.0009124166441665445773863617662
0.0009127276182004161083313806098
0.0009127276182004161083313806098
0.0009127276182004161083313806098
0.0009119491928779034751721459708
0.0009119491928779034751721459708
0.0009117271043611860401986240208
0.0009117271043611860401986240208
0.0009117271043611860401986240208
0.0009109418495160838863195096646
0.0009109418495160838863195096646
0.0009108285644332144655569951497
0.0009108285644332144655569951497
0.0009108285644332144655569951497
0.0009101936193619129117840452366
0.0009101936193619129117840452366
0.0009096321616662016006914277793
0.0009096321616662016006914277793
0.0009096321616662016006914277793
0.0009091859334918550504719567027
0.0009091859334918550504719567027
0.0009091859334918550504719567027
0.0009087437547819139002498357342
0.0009087437547819139002498357342
0.0009077993358127290723848412101
0.0009077993358127290723848412101
0.0009077993358127290723848412101
0.0009109521017535371314271376955
0.0009109521017535371314271376955
0.0009112845734974940820031696548
0.0009112845734974940820031696548
0.0009112845734974940820031696548
0.0009121485452054195491372223624
0.0009121485452054195491372223624
0.0009123389382034051604972117803
0.0009123389382034051604972117803
0.0009123389382034051604972117803
0.0009107657769580366356072710274
0.0009107657769580366356072710274
0.0009107657769580366356072710274
0.0009103521164815582037896450891
0.0009103521164815582037896450891
0.0009094008524163213679637547732
0.0009094008524163213679637547732
0.0009094008524163213679637547732
0.0009083592980289395827261684118
0.0009083592980289395827261684118
0.0009107417417689146427676624900
0.0009107417417689146427676624900
0.0009107417417689146427676624900
0.0009120648117590732313747341908
0.0009120648117590732313747341908
0.0009133260609534003944407932347
0.0009133260609534003944407932347
0.0009133260609534003944407932347
0.0009159522285193688480424884219
0.0009159522285193688480424884219
0.0009162518177814332110109064877
0.0009162518177814332110109064877
0.0009162518177814332110109064877
0.0009180692993602078226529077045
0.0009180692993602078226529077045
0.0009180692993602078226529077045
0.0009170683032780245852835065246
0.0009170683032780245852835065246
0.0009170409829186813976977784054
0.0009170409829186813976977784054
0.0009170409829186813976977784054
0.0009165784051342603502764739538
0.0009165784051342603502764739538
0.0009168096926701600569731025426
0.0009168096926701600569731025426
0.0009168096926701600569731025426
0.0009162794724370747154164940306
0.0009162794724370747154164940306
0.0009161047665071930342405071304
0.0009161047665071930342405071304
0.0009161047665071930342405071304
0.0009150367566441361092873776039
0.0009150367566441361092873776039
0.0009140675575370627259753510742
0.0009140675575370627259753510742
0.0009140675575370627259753510742
0.0009143760546771200268134198172
0.0009143760546771200268134198172
0.0009143760546771200268134198172
0.0009150293014395232665283805068
0.0009150293014395232665283805068
0.0009165348390711700872794521134
0.0009165348390711700872794521134
0.0009165348390711700872794521134
0.0009164583932487771411802670635
0.0009164583932487771411802670635
0.0009161499833876186668310189359
0.0009161499833876186668310189359
0.0009161499833876186668310189359
0.0009172296548466148204045583859
0.0009172296548466148204045583859
0.0009170976440565324166494883370
0.0009170976440565324166494883370
0.0009170976440565324166494883370
0.0009171874758208778939952192078
0.0009171874758208778939952192078
0.0009171874758208778939952192078
0.0009168962129800081312511177745
0.0009168962129800081312511177745
0.0009156457419906928048026579897
0.0009156457419906928048026579897
0.0009156457419906928048026579897
0.0009156219330037863462700934504
0.0009156219330037863462700934504
0.0009151457588517990341096740853
0.0009151457588517990341096740853
0.0009151457588517990341096740853
0.0009156884091913071136869722203
0.0009156884091913071136869722203
0.0009150861253843210241322002869
0.0009150861253843210241322002869
0.0009150861253843210241322002869
0.0009140898999114987010972150071
0.0009140898999114987010972150071
0.0009140898999114987010972150071
0.0009152162114976467288422992213
0.0009152162114976467288422992213
0.0009147440307184518380503634787
0.0009147440307184518380503634787
0.0009147440307184518380503634787
0.0009149802074896310131325893918
0.0009149802074896310131325893918
0.0009161163851180821373345697575
0.0009161163851180821373345697575
0.0009161163851180821373345697575
0.0009155925852932630681940425352
0.0009155925852932630681940425352
0.0009153285810941905261233023529
0.0009153285810941905261233023529
0.0009153285810941905261233023529
0.0009152056083789076887685172050
0.0009152056083789076887685172050
0.0009152056083789076887685172050
0.0009159419267160708452799169698
0.0009159419267160708452799169698
0.0009156820404221927843518127017
0.0009156820404221927843518127017
0.0009156820404221927843518127017
0.0009159679346787188841615985695
0.0009159679346787188841615985695
0.0009156861089469984152781505788
0.0009156861089469984152781505788
0.0009156861089469984152781505788
0.0009179789677568302406773032855
0.0009179789677568302406773032855
0.0009182672883828980519178996718
0.0009182672883828980519178996718
0.0009182672883828980519178996718
0.0009182306527851164104263578286
0.0009182306527851164104263578286
0.0009187970385403626792265704029
0.0009187970385403626792265704029
0.0009187970385403626792265704029
0.0009186634921256353774431593590
0.0009186634921256353774431593590
0.0009186634921256353774431593590
0.0009174282219006092111079055813
0.0009174282219006092111079055813
0.0009183513495011207339864626898
0.0009183513495011207339864626898
0.0009183513495011207339864626898
0.0009185954725798759024130289965
0.0009185954725798759024130289965
0.0009194952451103716428359432054
0.0009194952451103716428359432054
0.0009194952451103716428359432054
0.0009204748441155535391851727032
0.0009204748441155535391851727032
0.0009197439138294515254570903377
0.0009197439138294515254570903377
0.0009197439138294515254570903377
0.0009186913628722069160979294774
0.0009186913628722069160979294774
0.0009174915942640950555857943383
0.0009174915942640950555857943383
0.0009174915942640950555857943383
0.0009170780032452622737709914233
0.0009170780032452622737709914233
0.0009170780032452622737709914233
0.0009168159130493267581415545711
0.0009168159130493267581415545711
0.0009156696709172255425675115972
0.0009156696709172255425675115972
0.0009156696709172255425675115972
0.0009144898876322055027430452730
0.0009144898876322055027430452730
0.0009140801841529598349180613182
0.0009140801841529598349180613182
0.0009140801841529598349180613182
0.0009146347018299678666662323981
0.0009146347018299678666662323981
0.0009146347018299678666662323981
0.0009157275707203612465544099818
0.0009157275707203612465544099818
0.0009161630287506484170906612655
0.0009161630287506484170906612655
0.0009161630287506484170906612655
0.0009164669470154684924933927335
0.0009164669470154684924933927335
0.0009168025965416658242526887388
0.0009168025965416658242526887388
0.0009168025965416658242526887388
0.0009164368011714666858306160900
0.0009164368011714666858306160900
0.0009153338869089651732442257306
0.0009153338869089651732442257306
0.0009153338869089651732442257306
0.0009163369578187483626685137005
0.0009163369578187483626685137005
0.0009154110730566117261832300374
0.0009154110730566117261832300374
0.0009154110730566117261832300374
0.0009147351870803741909678720895
0.0009147351870803741909678720895
0.0009147351870803741909678720895
0.0009157598896175314115869387581
0.0009157598896175314115869387581
0.0009163167808123129028446107104
0.0009163167808123129028446107104
0.0009163167808123129028446107104
0.0009159858184313451144885165404
0.0009159858184313451144885165404
0.0009165492942586712061124147655
0.0009165492942586712061124147655
0.0009165492942586712061124147655
0.0009167012107248668139660724404
0.0009167012107248668139660724404
0.0009161111288428179002484333883
0.0009161111288428179002484333883
0.0009161111288428179002484333883
0.0009155891453500572880508175942
0.0009155891453500572880508175942
0.0009155891453500572880508175942
0.0009151948888653995309304945442
0.0009151948888653995309304945442
0.0009160358497557612011303838603
0.0009160358497557612011303838603
0.0009160358497557612011303838603
0.0009151504570443130575090125260
0.0009151504570443130575090125260
0.0009148869679686302544536836404
0.0009148869679686302544536836404
0.0009148869679686302544536836404
0.0009143859983618774213230819695
0.0009143859983618774213230819695
0.0009136528510883860193119979636
0.0009136528510883860193119979636
0.0009136528510883860193119979636
0.0009136095481153607721620901706
0.0009136095481153607721620901706
0.0009142441000888036308025815256
0.0009142441000888036308025815256
0.0009142441000888036308025815256
0.0009135259235982235658908897640
0.0009135259235982235658908897640
0.0009135259235982235658908897640
0.0009136096076607297765145673805
0.0009136096076607297765145673805
0.0009139473615627986306174042304
0.0009139473615627986306174042304
0.0009139473615627986306174042304
0.0009127064457639851294873019063
0.0009127064457639851294873019063
0.0009119405257328399677087398051
0.0009119405257328399677087398051
0.0009119405257328399677087398051
0.0009119914406691098969222279446
0.0009119914406691098969222279446
0.0009128952588892204727113197145
0.0009128952588892204727113197145
0.0009128952588892204727113197145
0.0009132265981514435032675177732
0.0009132265981514435032675177732
0.0009138474340259278185320159046
0.0009138474340259278185320159046
0.0009138474340259278185320159046
0.0009134455500384492745476767276
0.0009134455500384492745476767276
0.0009134455500384492745476767276
0.0009140423756276520763170771764
0.0009140423756276520763170771764
0.0009130127836724289019905946268
0.0009130127836724289019905946268
0.0009130127836724289019905946268
0.0009138678383184522735242306402
0.0009138678383184522735242306402
0.0009137641181683636250120061886
0.0009137641181683636250120061886
0.0009137641181683636250120061886
0.0009135321883445775887525661280
0.0009135321883445775887525661280
0.0009135321883445775887525661280
0.0009140786468664745116079414991
0.0009140786468664745116079414991
0.0009123845809108620844877237377
0.0009123845809108620844877237377
0.0009123845809108620844877237377
0.0009131792986114308100160841396
0.0009131792986114308100160841396
0.0009129274812329802235541490745
0.0009129274812329802235541490745
0.0009129274812329802235541490745
0.0009122099178329203992591795234
0.0009122099178329203992591795234
0.0009114081693851679850893770072
0.0009114081693851679850893770072
0.0009114081693851679850893770072
0.0009124948980493106844733346005
0.0009124948980493106844733346005
0.0009128265717740494903891405811
0.0009128265717740494903891405811
0.0009128265717740494903891405811
0.0009131023077596706861760346312
0.0009131023077596706861760346312
0.0009131023077596706861760346312
0.0009137465547269468832442449121
0.0009137465547269468832442449121
0.0009130067625825296421301742921
0.0009130067625825296421301742921
0.0009130067625825296421301742921
0.0009120550930935863882982888801
0.0009120550930935863882982888801
0.0009119315794437998496456087811
0.0009119315794437998496456087811
0.0009119315794437998496456087811
0.0009120645889794759459975158830
0.0009120645889794759459975158830
0.0009128201577999860146720802991
0.0009128201577999860146720802991
0.0009128201577999860146720802991
0.0009123367391009871142034357326
0.0009123367391009871142034357326
0.0009123367391009871142034357326
0.0009121244732758132723017505181
0.0009121244732758132723017505181
0.0009116124139373525685523386063
0.0009116124139373525685523386063
0.0009116124139373525685523386063
0.0009117781828289663748950940236
0.0009117781828289663748950940236
0.0009121933829598507404518236062
0.0009121933829598507404518236062
0.0009121933829598507404518236062
0.0009117861698235942219016259643
0.0009117861698235942219016259643
0.0009112482908826709851690230313
0.0009112482908826709851690230313
0.0009112482908826709851690230313
0.0009117869726431823662234303902
0.0009117869726431823662234303902
0.0009120377731198460359649751707
0.0009120377731198460359649751707
0.0009120377731198460359649751707
0.0009109131080583748113028732465
0.0009109131080583748113028732465
0.0009109131080583748113028732465
0.0009112206015374708297429510422
0.0009112206015374708297429510422
0.0009113862727309530373799375007
0.0009113862727309530373799375007
0.0009113862727309530373799375007
0.0009106524140581203661426643103
0.0009106524140581203661426643103
0.0009099328433899462091951252643
0.0009099328433899462091951252643
0.0009099328433899462091951252643
0.0009091676300463399811225092634
0.0009091676300463399811225092634
0.0009094497851009475546353726526
0.0009094497851009475546353726526
0.0009094497851009475546353726526
0.0009089146277820226833344147745
0.0009089146277820226833344147745
0.0009097239774630073003563848230
0.0009097239774630073003563848230
0.0009097239774630073003563848230
0.0009093438025430611727852956555
0.0009093438025430611727852956555
0.0009093438025430611727852956555
0.0009096408695566721271439712003
0.0009096408695566721271439712003
0.0009101446620799425882464387826
0.0009101446620799425882464387826
0.0009101446620799425882464387826
0.0009087344101869263369871201420
0.0009087344101869263369871201420
0.0009093549941554223434538517287
0.0009093549941554223434538517287
0.0009093549941554223434538517287
0.0009095980455897325371271817905
0.0009095980455897325371271817905
0.0009094220387834871838648609618
0.0009089983102631719720430354577
0.0009089983102631719720430354577
0.0009076122307579971413129996450
0.0009076122307579971413129996450
0.0009076122307579971413129996450
0.0009075420747300722343268079947
0.0009075420747300722343268079947
0.0009068708959906710532155636907
0.0009068708959906710532155636907
0.0009068708959906710532155636907
0.0009071670136131270137293227543
0.0009071670136131270137293227543
0.0009099033374688243136255057130
0.0009099033374688243136255057130
0.0009099033374688243136255057130
0.0009102156440819237932602916791
0.0009102156440819237932602916791
0.0009093744613350259416839158387
0.0009093744613350259416839158387
0.0009093744613350259416839158387
0.0009104414830565989871155258542
0.0009104414830565989871155258542
0.0009104414830565989871155258542
0.0009110714091350771818792796276
0.0009110714091350771818792796276
0.0009119487904499845147347119172
0.0009119487904499845147347119172
0.0009119487904499845147347119172
0.0009114136641796683191383433192
0.0009114136641796683191383433192
0.0009123382152623374463650506564
0.0009123382152623374463650506564
0.0009123382152623374463650506564
0.0009125069556815439582400672406
0.0009125069556815439582400672406
0.0009122419025616137850697304632
0.0009122419025616137850697304632
0.0009122419025616137850697304632
0.0009123252242759162997825537341
0.0009123252242759162997825537341
0.0009123252242759162997825537341
0.0009113897865045378683425521442
0.0009113897865045378683425521442
0.0009118627897329834214351671597
0.0009118627897329834214351671597
0.0009118627897329834214351671597
0.0009129295846458030864014724532
0.0009129295846458030864014724532
0.0009132151111469390362028244006
0.0009132151111469390362028244006
0.0009132151111469390362028244006
0.0009137691525110470244539113648
0.0009137691525110470244539113648
0.0009154890540842106359553317974
0.0009154890540842106359553317974
0.0009154890540842106359553317974
0.0009159086944966693057954211311
0.0009159086944966693057954211311
0.0009156689649395239984667922735
0.0009156689649395239984667922735
0.0009156689649395239984667922735
0.0009151913622041255420646652910
0.0009151913622041255420646652910
0.0009151913622041255420646652910
0.0009161097035139768976847834817
0.0009161097035139768976847834817
0.0009158929866622032942002752733
0.0009158929866622032942002752733
0.0009158929866622032942002752733
0.0009168422992050968211672379173
0.0009168422992050968211672379173
0.0009174552019562600207213563233
0.0009174552019562600207213563233
0.0009174552019562600207213563233
0.0009175683434713505298132228902
0.0009175683434713505298132228902
0.0009175564594415776398049129275
0.0009175564594415776398049129275
0.0009175564594415776398049129275
0.0009176642889610817160081271489
0.0009176642889610817160081271489
0.0009177083817314796824673734694
0.0009177083817314796824673734694
0.0009177083817314796824673734694
0.0009172819956215348281878341460
0.0009172819956215348281878341460
0.0009172819956215348281878341460
0.0009177005819600623977587705344
0.0009177005819600623977587705344
0.0009176215788667478863797376940
0.0009176215788667478863797376940
0.0009176215788667478863797376940
0.0009169589392193071790997129383
0.0009169589392193071790997129383
0.0009172222264525987332377010809
0.0009172222264525987332377010809
0.0009172222264525987332377010809
0.0009193154156084774852654924682
0.0009193154156084774852654924682
0.0009192892128678858557564624402
0.0009189739667859751135377286593
0.0009189739667859751135377286593
0.0009190263277577070693724668830
0.0009190263277577070693724668830
0.0009190263277577070693724668830
0.0009194533347058543562031960123
0.0009194533347058543562031960123
0.0009192834713299732826203555345
0.0009192834713299732826203555345
0.0009192834713299732826203555345
0.0009191774221072481575067590541
0.0009191774221072481575067590541
0.0009188783836023247526075193832
0.0009188783836023247526075193832
0.0009188783836023247526075193832
0.0009195005023866737286414286094
0.0009195005023866737286414286094
0.0009189430933845016477435111707
0.0009189430933845016477435111707
0.0009189430933845016477435111707
0.0009194834969025968509999243104
0.0009194834969025968509999243104
0.0009194834969025968509999243104
0.0009213759214039467059429827170
0.0009213759214039467059429827170
0.0009206143516300957292181466316
0.0009206143516300957292181466316
0.0009206143516300957292181466316
0.0009216174249885138543983724330
0.0009216174249885138543983724330
0.0009205177604717543515868699653
0.0009205177604717543515868699653
0.0009205177604717543515868699653
0.0009197469800535273650328866766
0.0009197469800535273650328866766
0.0009198677407107457891394836010
0.0009198677407107457891394836010
0.0009198677407107457891394836010
0.0009202662533247663547732976291
0.0009202662533247663547732976291
0.0009202662533247663547732976291
0.0009214126968562607990775875559
0.0009214126968562607990775875559
0.0009204997569029794675211584235
0.0009204997569029794675211584235
0.0009204997569029794675211584235
0.0009201184172612744407129407812
0.0009201184172612744407129407812
0.0009196331734718190341007815295
0.0009196331734718190341007815295
0.0009196331734718190341007815295
0.0009193668482679905757533807544
0.0009193668482679905757533807544
0.0009200045451403748716431154259
0.0009200045451403748716431154259
0.0009200045451403748716431154259
0.0009209939754484994246091556784
0.0009209939754484994246091556784
0.0009202124797400304623277674403
0.0009202124797400304623277674403
0.0009202124797400304623277674403
0.0009206200104866770161590877638
0.0009206200104866770161590877638
0.0009206200104866770161590877638
0.0009197684754685634636739435510
0.0009197684754685634636739435510
0.0009200284431847772743972365906
0.0009200284431847772743972365906
0.0009200284431847772743972365906
0.0009196801665762331479464925619
0.0009196801665762331479464925619
0.0009195999658151157299655381532
0.0009195999658151157299655381532
0.0009195999658151157299655381532
0.0009190034760675832126624512609
0.0009190034760675832126624512609
0.0009190498700683210721224921690
0.0009190498700683210721224921690
0.0009190498700683210721224921690
0.0009181349404789084270999991240
0.0009181349404789084270999991240
0.0009184947556182103818131340860
0.0009184947556182103818131340860
0.0009184947556182103818131340860
0.0009178505342107779519488890641
0.0009178505342107779519488890641
0.0009178505342107779519488890641
0.0009174440019662137384961714984
0.0009174440019662137384961714984
0.0009167998443950345407942861914
0.0009167998443950345407942861914
0.0009167998443950345407942861914
0.0009163739906723351271837080975
0.0009163739906723351271837080975
0.0009163970009765832996624267806
0.0009163970009765832996624267806
0.0009163970009765832996624267806
0.0009152005481628665182856271272
0.0009152005481628665182856271272
0.0009152005481628665182856271272
0.0009140570383428080158389549085
0.0009140570383428080158389549085
0.0009137493672220111767210440230
0.0009137493672220111767210440230
0.0009137493672220111767210440230
0.0009160858953825249017893701709
0.0009160858953825249017893701709
0.0009163722212091329188251531650
0.0009163722212091329188251531650
0.0009163722212091329188251531650
0.0009172680448556618546413662223
0.0009172680448556618546413662223
0.0009167461582207642363840414173
0.0009167461582207642363840414173
0.0009167461582207642363840414173
0.0009165122596141016665475171169
0.0009165122596141016665475171169
0.0009173596991341616507816833447
0.0009173596991341616507816833447
0.0009173596991341616507816833447
0.0009165165646632744964126587534
0.0009165165646632744964126587534
0.0009165165646632744964126587534
0.0009160922827604566220139237829
0.0009160922827604566220139237829
0.0009165814588126355568115808249
0.0009165814588126355568115808249
0.0009165814588126355568115808249
0.0009160126027510486308513482099
0.0009160126027510486308513482099
0.0009154001913681497631735445891
0.0009154001913681497631735445891
0.0009154001913681497631735445891
0.0009155426829114165885597119998
0.0009155426829114165885597119998
0.0009160828368209021058699943513
0.0009160828368209021058699943513
0.0009160828368209021058699943513
0.0009149849890633192279252315647
0.0009149849890633192279252315647
0.0009149849890633192279252315647
