0.001300132509145339979388598720
0.001300132509145339979388598720
0.0007019509006786587754830511472
0.0007019509006786587754830511472
0.0007019509006786587754830511472
0.0008111088951636540797498781297
0.0008111088951636540797498781297
0.0008959993621401998223983773892
0.0008959993621401998223983773892
0.0008959993621401998223983773892
0.0008013306370106129060759468625
0.0008013306370106129060759468625
0.0007568245532739429110794275673
0.0007568245532739429110794275673
0.0007568245532739429110794275673
0.0006537035522579899985563050922
0.0006537035522579899985563050922
0.0006109389547641999575073865684
0.0006109389547641999575073865684
0.0006109389547641999575073865684
0.0007632925694326716926242122799
0.0007632925694326716926242122799
0.0007632925694326716926242122799
0.0007069864251492261605871376811
0.0007069864251492261605871376811
0.0007699311453701709312964498081
0.0007699311453701709312964498081
0.0007699311453701709312964498081
0.0007797692587104498072589131858
0.0007797692587104498072589131858
0.0007757052828565034618962611044
0.0007757052828565034618962611044
0.0007757052828565034618962611044
0.0007949654280262496617276561870
0.0007949654280262496617276561870
0.0007622387804993335962496309113
0.0007622387804993335962496309113
0.0007622387804993335962496309113
0.0007171044840136990811732566761
0.0007171044840136990811732566761
0.0007365057160513256500860348969
0.0007365057160513256500860348969
0.0007365057160513256500860348969
0.0007795055700220927180715283162
0.0007795055700220927180715283162
0.0007795055700220927180715283162
0.0007534231809390899904695632359
0.0007534231809390899904695632359
0.0007378234801255772586829021203
0.0007378234801255772586829021203
0.0007378234801255772586829021203
0.0007608612260544342163049677749
0.0007608612260544342163049677749
0.0007353058212847985879083965713
0.0007353058212847985879083965713
0.0007353058212847985879083965713
0.0007185644221328749811858935005
0.0007185644221328749811858935005
0.0007164732523594923546818660371
0.0007191837085455090790401786184
0.0007191837085455090790401786184
0.0007378105179683192406412304871
0.0007378105179683192406412304871
0.0007378105179683192406412304871
0.0007776898904657291071446067673
0.0007776898904657291071446067673
0.0007783751104213256722301878297
0.0007783751104213256722301878297
0.0007783751104213256722301878297
0.0007940520640434012459630775076
0.0007940520640434012459630775076
0.0007946264930738129705587860507
0.0007946264930738129705587860507
0.0007946264930738129705587860507
0.0007910802188842022994593361515
0.0007910802188842022994593361515
0.0008055392700768882786700184637
0.0008055392700768882786700184637
0.0008055392700768882786700184637
0.0008138735063141173522925156004
0.0008138735063141173522925156004
0.0008138735063141173522925156004
0.0008154655846483311386761661137
0.0008154655846483311386761661137
0.0008150743333555156891283884807
0.0008150743333555156891283884807
0.0008150743333555156891283884807
0.0008167983639318492744247049093
0.0008167983639318492744247049093
0.0008335485500918150690818198944
0.0008335485500918150690818198944
0.0008335485500918150690818198944
0.0008469000277640008273051838415
0.0008469000277640008273051838415
0.0008403102470582048216741505450
0.0008403102470582048216741505450
0.0008403102470582048216741505450
0.0008462897174987381603400299269
0.0008462897174987381603400299269
0.0008462897174987381603400299269
0.0008308265906928558751347756125
0.0008308265906928558751347756125
0.0008596137299236499700635516682
0.0008596137299236499700635516682
0.0008596137299236499700635516682
0.0008618320113929829513373105354
0.0008618320113929829513373105354
0.0008458582343778512643469635980
0.0008458582343778512643469635980
0.0008458582343778512643469635980
0.0008289223624569243651324986927
0.0008289223624569243651324986927
0.0008774626135661309694039029868
0.0008774626135661309694039029868
0.0008774626135661309694039029868
0.0008652485286504723066641539122
0.0008652485286504723066641539122
0.0008883224130919601187660636626
0.0008883224130919601187660636626
0.0008883224130919601187660636626
0.0008758326792190945597257704045
0.0008758326792190945597257704045
0.0008758326792190945597257704045
0.0009159441028608896767216400159
0.0009159441028608896767216400159
0.0009214655997081964982210525300
0.0009214655997081964982210525300
0.0009214655997081964982210525300
0.0009243538852225707427196767030
0.0009243538852225707427196767030
0.0009267189401957505107740069638
0.0009267189401957505107740069638
0.0009267189401957505107740069638
0.0009092445974993708047966413965
0.0009092445974993708047966413965
0.0008966853466346112841799419687
0.0008966853466346112841799419687
0.0008966853466346112841799419687
0.0009039002081976044852072906981
0.0009039002081976044852072906981
0.0008913868474236874863079587138
0.0008913868474236874863079587138
0.0008913868474236874863079587138
0.0009101692878493322276896573223
0.0009101692878493322276896573223
0.0009101692878493322276896573223
0.0008967074921570860580098032991
0.0008967074921570860580098032991
0.0008882632264443715772472933023
0.0008882632264443715772472933023
0.0008882632264443715772472933023
0.0008817619832030706806307079473
0.0008817619832030706806307079473
0.0008671122610363838386117008554
0.0008671122610363838386117008554
0.0008671122610363838386117008554
0.0008570352976909809370112766383
0.0008570352976909809370112766383
0.0008570352976909809370112766383
0.0008495920871992720364174771081
0.0008495920871992720364174771081
0.0008525703988781789575573245324
0.0008525703988781789575573245324
0.0008525703988781789575573245324
0.0008412592560222344587862647310
0.0008412592560222344587862647310
0.0008449991813831867885468761289
0.0008449991813831867885468761289
0.0008449991813831867885468761289
0.0008372760489804267058038631715
0.0008372760489804267058038631715
0.0008419242513950892833397168074
0.0008419242513950892833397168074
0.0008419242513950892833397168074
0.0008708676930185245481347517229
0.0008708676930185245481347517229
0.0008642706797495619595547401489
0.0008642706797495619595547401489
0.0008642706797495619595547401489
0.0008532851289476430951994019892
0.0008532851289476430951994019892
0.0008532851289476430951994019892
0.0008428498585739457717588732456
0.0008428498585739457717588732456
0.0008347956829681334942736636845
0.0008347956829681334942736636845
0.0008347956829681334942736636845
0.0008263543741476752128046322932
0.0008263543741476752128046322932
0.0008183547764021126102514592287
0.0008183547764021126102514592287
0.0008183547764021126102514592287
0.0008318975705256225376667417974
0.0008318975705256225376667417974
0.0008253697644381956528549058791
0.0008253697644381956528549058791
0.0008253697644381956528549058791
0.0008252937109870113809027745793
0.0008252937109870113809027745793
0.0008252937109870113809027745793
0.0008349137941585841512039342644
0.0008349137941585841512039342644
0.0008447622817100029963084516287
0.0008447622817100029963084516287
0.0008447622817100029963084516287
0.0008485217579730104117346509470
0.0008485217579730104117346509470
0.0008397527203949335234559394491
0.0008397527203949335234559394491
0.0008397527203949335234559394491
0.0008592410978563820187169542695
0.0008592410978563820187169542695
0.0008504566832277375294747258251
0.0008504566832277375294747258251
0.0008504566832277375294747258251
0.0008532851139456462482372737105
0.0008532851139456462482372737105
0.0008472868440256063483838923525
0.0008472868440256063483838923525
0.0008472868440256063483838923525
0.0008562949602953478546337173022
0.0008562949602953478546337173022
0.0008562949602953478546337173022
0.0008595518082479463501383463338
0.0008595518082479463501383463338
0.0008491528617985328918193749282
0.0008491528617985328918193749282
0.0008491528617985328918193749282
0.0008459425007705477609974455277
0.0008459425007705477609974455277
0.0008427479717271285845245535290
0.0008427479717271285845245535290
0.0008427479717271285845245535290
0.0008486549867584428463871030223
0.0008486549867584428463871030223
0.0008499968797643534348999978817
0.0008499968797643534348999978817
0.0008499968797643534348999978817
0.0008519176413711265930905146649
0.0008519176413711265930905146649
0.0008474437433908914516769332605
0.0008474437433908914516769332605
0.0008474437433908914516769332605
0.0008523635621411068396131367354
0.0008523635621411068396131367354
0.0008523635621411068396131367354
0.0008527674343575238824735028640
0.0008527674343575238824735028640
0.0008617923465442924855779066112
0.0008617923465442924855779066112
0.0008617923465442924855779066112
0.0008620353352701234911506177796
0.0008620353352701234911506177796
0.0008610372486834106069104157695
0.0008610372486834106069104157695
0.0008610372486834106069104157695
0.0008617621802077707579135763081
0.0008617621802077707579135763081
0.0008622315155575048809652742836
0.0008622315155575048809652742836
0.0008622315155575048809652742836
0.0008581532633588940252206793244
0.0008581532633588940252206793244
0.0008581532633588940252206793244
0.0008544626324258176596364104347
0.0008544626324258176596364104347
0.0008456739720136765149992342941
0.0008456739720136765149992342941
0.0008456739720136765149992342941
0.0008394511368514094103534679433
0.0008394511368514094103534679433
0.0008387703300492967783673613989
0.0008387703300492967783673613989
0.0008387703300492967783673613989
0.0008349280573865572679519494491
0.0008349280573865572679519494491
0.0008371804825041164966956319809
0.0008371804825041164966956319809
0.0008371804825041164966956319809
0.0008437250100125552447775832767
0.0008437250100125552447775832767
0.0008437250100125552447775832767
0.0008397064477555087103600458925
0.0008397064477555087103600458925
0.0008462287197593678564021470374
0.0008462287197593678564021470374
0.0008462287197593678564021470374
0.0008440720518228403285231450858
0.0008440720518228403285231450858
0.0008442645842177549975730270426
0.0008442645842177549975730270426
0.0008442645842177549975730270426
0.0008401513345055922128191589424
0.0008401513345055922128191589424
0.0008410241031750306456558952157
0.0008410241031750306456558952157
0.0008410241031750306456558952157
0.0008407475824095179182192470779
0.0008407475824095179182192470779
0.0008407475824095179182192470779
0.0008322873350709632902145524736
0.0008322873350709632902145524736
0.0008339042461355598357940775568
0.0008339042461355598357940775568
0.0008339042461355598357940775568
0.0008273047018377880846184536948
0.0008273047018377880846184536948
0.0008243901471721516612407702927
0.0008243901471721516612407702927
0.0008243901471721516612407702927
0.0008182714646965173283736114448
0.0008182714646965173283736114448
0.0008230676947927964003365924558
0.0008230676947927964003365924558
0.0008230676947927964003365924558
0.0008234624251182458285778803267
0.0008234624251182458285778803267
0.0008290652298361385908542941155
0.0008290652298361385908542941155
0.0008290652298361385908542941155
0.0008251234453750689482094432450
0.0008251234453750689482094432450
0.0008251234453750689482094432450
0.0008193995689994120029114363612
0.0008193995689994120029114363612
0.0008218171484452328861246539825
0.0008218171484452328861246539825
0.0008218171484452328861246539825
0.0008222578638928504955482302218
0.0008222578638928504955482302218
0.0008241033432763554927911855423
0.0008241033432763554927911855423
0.0008241033432763554927911855423
0.0008218377114160446368646380803
0.0008218377114160446368646380803
0.0008149092735150346441081446065
0.0008149092735150346441081446065
0.0008149092735150346441081446065
0.0008200205857507858271385534634
0.0008200205857507858271385534634
0.0008225219570761773144718141054
0.0008225219570761773144718141054
0.0008225219570761773144718141054
0.0008258933702184406887183725232
0.0008258933702184406887183725232
0.0008258933702184406887183725232
0.0008269882672009336269818725180
0.0008269882672009336269818725180
0.0008242640576183744099257162103
0.0008242640576183744099257162103
0.0008242640576183744099257162103
0.0008231520200321199512183562151
0.0008231520200321199512183562151
0.0008245351904947989355458044839
0.0008245351904947989355458044839
0.0008245351904947989355458044839
0.0008214592114178321529374501841
0.0008214592114178321529374501841
0.0008215208198835276054282832701
0.0008204454712806115665724673947
0.0008204454712806115665724673947
0.0008247412343913811142182385626
0.0008247412343913811142182385626
0.0008247412343913811142182385626
0.0008291099321366776312563178131
0.0008291099321366776312563178131
0.0008398156494144005597879268369
0.0008398156494144005597879268369
0.0008398156494144005597879268369
0.0008374990249854290429987548324
0.0008374990249854290429987548324
0.0008426328902511043770029006360
0.0008426328902511043770029006360
0.0008426328902511043770029006360
0.0008470410583454090138810968511
0.0008470410583454090138810968511
0.0008462974022783810589570858302
0.0008462974022783810589570858302
0.0008462974022783810589570858302
0.0008425059082409190916446306114
0.0008425059082409190916446306114
0.0008425059082409190916446306114
0.0008467621984014398344479485039
0.0008467621984014398344479485039
0.0008425349798901648200646924361
0.0008425349798901648200646924361
0.0008425349798901648200646924361
0.0008425314602992596069839385076
0.0008425314602992596069839385076
0.0008428237349578652114460473651
0.0008428237349578652114460473651
0.0008428237349578652114460473651
0.0008377493559775551645004890274
0.0008377493559775551645004890274
0.0008419213564596768538050301258
0.0008419213564596768538050301258
0.0008419213564596768538050301258
0.0008418791466225653603103763949
0.0008418791466225653603103763949
0.0008418791466225653603103763949
0.0008398636738012075583602034788
0.0008398636738012075583602034788
0.0008402948641141089539431907312
0.0008402948641141089539431907312
0.0008402948641141089539431907312
0.0008505983209394316518191316503
0.0008505983209394316518191316503
0.0008458580918886353998224303512
0.0008458580918886353998224303512
0.0008458580918886353998224303512
0.0008447303516226444973055570729
0.0008447303516226444973055570729
0.0008440541396350071222637575747
0.0008440541396350071222637575747
0.0008440541396350071222637575747
0.0008465892266226996733016444620
0.0008465892266226996733016444620
0.0008483758741873225798911132024
0.0008483758741873225798911132024
0.0008483758741873225798911132024
0.0008485825528713949040086046215
0.0008485825528713949040086046215
0.0008485825528713949040086046215
0.0008552031371885206767740916789
0.0008552031371885206767740916789
0.0008561574676283854862853705128
0.0008561574676283854862853705128
0.0008561574676283854862853705128
0.0008565729549408728141481695645
0.0008565729549408728141481695645
0.0008514625928816080399836555451
0.0008514625928816080399836555451
0.0008514625928816080399836555451
0.0008480483270251091084554336631
0.0008480483270251091084554336631
0.0008503455100930315109368986364
0.0008503455100930315109368986364
0.0008503455100930315109368986364
0.0008531960883111741767571862177
0.0008531960883111741767571862177
0.0008545215062336175481069051905
0.0008545215062336175481069051905
0.0008545215062336175481069051905
0.0008569380463623881944912241677
0.0008569380463623881944912241677
0.0008569380463623881944912241677
0.0008570951039375258281664184771
0.0008570951039375258281664184771
0.0008616214867168199949207259433
0.0008616214867168199949207259433
0.0008616214867168199949207259433
0.0008532053005688913804984963560
0.0008532053005688913804984963560
0.0008526366148811816020635665414
0.0008526366148811816020635665414
0.0008526366148811816020635665414
0.0008582323927053787796182394111
0.0008582323927053787796182394111
0.0008582323927053787796182394111
0.0008577310145448064164780152427
0.0008577310145448064164780152427
0.0008559480789259833722613351538
0.0008559480789259833722613351538
0.0008559480789259833722613351538
0.0008563041937844451815121380034
0.0008563041937844451815121380034
0.0008628193755645072442789895445
0.0008628193755645072442789895445
0.0008628193755645072442789895445
0.0008669947490730784703318072240
0.0008669947490730784703318072240
0.0008672686269200427425926011673
0.0008672686269200427425926011673
0.0008672686269200427425926011673
0.0008694700060038811880363301352
0.0008694700060038811880363301352
0.0008679618534302817479138942792
0.0008679618534302817479138942792
0.0008679618534302817479138942792
0.0008691884249055059845582605155
0.0008691884249055059845582605155
0.0008691884249055059845582605155
0.0008694383975024437219630649949
0.0008694383975024437219630649949
0.0008669427314290856862556967217
0.0008669427314290856862556967217
0.0008669427314290856862556967217
0.0008793703100297816836487790870
0.0008793703100297816836487790870
0.0008773152917932592261568074146
0.0008773152917932592261568074146
0.0008773152917932592261568074146
0.0008789154913217080972522348088
0.0008789154913217080972522348088
0.0008828759266147133315918337154
0.0008828759266147133315918337154
0.0008828759266147133315918337154
0.0008789155309378643172338296535
0.0008789155309378643172338296535
0.0008789155309378643172338296535
0.0008763944436605998769785697541
0.0008763944436605998769785697541
0.0008769083644392045846559315993
0.0008769083644392045846559315993
0.0008769083644392045846559315993
0.0008742366877112629539777840074
0.0008742366877112629539777840074
0.0008744123347219922182697918330
0.0008744123347219922182697918330
0.0008744123347219922182697918330
0.0008748770395313483341960113400
0.0008748770395313483341960113400
0.0008737848446826586565306995738
0.0008737848446826586565306995738
0.0008737848446826586565306995738
0.0008716848073705959764948966786
0.0008716848073705959764948966786
0.0008738834513757442649728508326
0.0008738834513757442649728508326
0.0008738834513757442649728508326
0.0008664913714454458886523469907
0.0008664913714454458886523469907
0.0008664913714454458886523469907
0.0008687645078429804436477180740
0.0008687645078429804436477180740
0.0008674580552101716070863745786
0.0008674580552101716070863745786
0.0008674580552101716070863745786
0.0008700097305845786086855972570
0.0008700097305845786086855972570
0.0008765573475708511327927416561
0.0008765573475708511327927416561
0.0008765573475708511327927416561
0.0008761334152063848623419156581
0.0008761334152063848623419156581
0.0008732333183944303960930885265
0.0008732333183944303960930885265
0.0008732333183944303960930885265
0.0008746374630918416602176999664
0.0008746374630918416602176999664
0.0008742886920141885074748973410
0.0008742886920141885074748973410
0.0008742886920141885074748973410
0.0008709829319472128397581069437
0.0008709829319472128397581069437
0.0008709829319472128397581069437
0.0008667901739837427871254378821
0.0008667901739837427871254378821
0.0008627975882508104429915342640
0.0008627975882508104429915342640
0.0008627975882508104429915342640
0.0008625735043946385200674842884
0.0008625735043946385200674842884
0.0008628713992146044807130713595
0.0008628713992146044807130713595
0.0008628713992146044807130713595
0.0008584293211504939189529879620
0.0008584293211504939189529879620
0.0008574997321405324947261165025
0.0008574997321405324947261165025
0.0008574997321405324947261165025
0.0008600564053711058144330912087
0.0008600564053711058144330912087
0.0008600564053711058144330912087
0.0008581893601018392758643776778
0.0008581893601018392758643776778
0.0008587816120273622550215758134
0.0008587816120273622550215758134
0.0008587816120273622550215758134
0.0008588390673954927971139033339
0.0008588390673954927971139033339
0.0008616482276803412280713315927
0.0008616482276803412280713315927
0.0008616482276803412280713315927
0.0008620447214415715496856006933
0.0008620447214415715496856006933
0.0008580868548707573084342354677
0.0008580868548707573084342354677
0.0008580868548707573084342354677
0.0008569392839125391610591677565
0.0008569392839125391610591677565
0.0008569392839125391610591677565
0.0008557240647305965271381148579
0.0008557240647305965271381148579
0.0008573071723468589106542050430
0.0008573071723468589106542050430
0.0008573071723468589106542050430
0.0008534180380389579026941562747
0.0008534180380389579026941562747
0.0008558505659478697548568748696
0.0008558505659478697548568748696
0.0008558505659478697548568748696
0.0008562465862408755250963727799
0.0008562465862408755250963727799
0.0008649007817552210983186530606
0.0008649007817552210983186530606
0.0008649007817552210983186530606
0.0008668699903573733542099621360
0.0008668699903573733542099621360
0.0008668699903573733542099621360
0.0008604748638236943657156468293
0.0008604748638236943657156468293
0.0008592508987263020672458373412
0.0008592508987263020672458373412
0.0008592508987263020672458373412
0.0008604438360942253610858063666
0.0008604438360942253610858063666
0.0008591156043685936692107719143
0.0008591156043685936692107719143
0.0008591156043685936692107719143
0.0008615765281570992948269562411
0.0008615765281570992948269562411
0.0008559816217698578725878301085
0.0008559816217698578725878301085
0.0008559816217698578725878301085
0.0008563785812196029211254103586
0.0008563785812196029211254103586
0.0008549344499672214701568912203
0.0008549344499672214701568912203
0.0008549344499672214701568912203
0.0008570497018809570700739653692
0.0008570497018809570700739653692
0.0008570497018809570700739653692
0.0008583041344292950894013725452
0.0008583041344292950894013725452
0.0008586491035947815599566568567
0.0008586491035947815599566568567
0.0008586491035947815599566568567
0.0008556592594057134397779589716
0.0008556592594057134397779589716
0.0008560626017537851378088334827
0.0008560626017537851378088334827
0.0008560626017537851378088334827
0.0008586805727844727303174679912
0.0008586805727844727303174679912
0.0008567791631686248589324805867
0.0008567791631686248589324805867
0.0008567791631686248589324805867
0.0008584124422746673713267442404
0.0008584124422746673713267442404
0.0008557476397550451738913226791
0.0008557476397550451738913226791
0.0008557476397550451738913226791
0.0008542853461609333250442181511
0.0008542853461609333250442181511
0.0008542853461609333250442181511
0.0008534904102237211629265945887
0.0008534904102237211629265945887
0.0008555571745974264851482155933
0.0008555571745974264851482155933
0.0008555571745974264851482155933
0.0008575296663083546626218984269
0.0008575296663083546626218984269
0.0008601994968508440803400822616
0.0008601994968508440803400822616
0.0008601994968508440803400822616
0.0008583243028621570904802387721
0.0008583243028621570904802387721
0.0008583243028621570904802387721
0.0008574146202304040390199513429
0.0008574146202304040390199513429
0.0008602141142353403696855683163
0.0008602141142353403696855683163
0.0008602141142353403696855683163
0.0008648126130765528312448185737
0.0008648126130765528312448185737
0.0008624817627673817880346094828
0.0008624817627673817880346094828
0.0008624817627673817880346094828
0.0008622444443447299037683664275
0.0008622444443447299037683664275
0.0008604052144365985349354632039
0.0008604052144365985349354632039
0.0008604052144365985349354632039
0.0008602664651149432538064721784
0.0008602664651149432538064721784
0.0008610360008236053018820660861
0.0008610360008236053018820660861
0.0008610360008236053018820660861
0.0008600826262708926064919542423
0.0008600826262708926064919542423
0.0008600826262708926064919542423
0.0008596370230292026142715012283
0.0008596370230292026142715012283
0.0008558006565500915257312989849
0.0008558006565500915257312989849
0.0008558006565500915257312989849
0.0008571118539527889510791387725
0.0008571118539527889510791387725
0.0008546217844942574788529205276
0.0008546217844942574788529205276
0.0008546217844942574788529205276
0.0008574196676569380643626568937
0.0008574196676569380643626568937
0.0008569775523028020637658017842
0.0008569775523028020637658017842
0.0008569775523028020637658017842
0.0008583024184179913108761976245
0.0008583024184179913108761976245
0.0008583024184179913108761976245
0.0008610436418394519253216643973
0.0008610436418394519253216643973
0.0008599859471558978712949761961
0.0008599859471558978712949761961
0.0008599859471558978712949761961
0.0008563040668402887618854537518
0.0008563040668402887618854537518
0.0008566817652766315785756579728
0.0008566817652766315785756579728
0.0008566817652766315785756579728
0.0008590972527831371489124894115
0.0008590972527831371489124894115
0.0008618705732384982015739398516
0.0008618705732384982015739398516
0.0008618705732384982015739398516
0.0008657156178235639985383493735
0.0008657156178235639985383493735
0.0008678462053125327085055919064
0.0008678462053125327085055919064
0.0008678462053125327085055919064
0.0008632024814619085352869925541
0.0008632024814619085352869925541
0.0008632024814619085352869925541
0.0008660976302574852911452188384
0.0008660976302574852911452188384
0.0008666237264118895018669660246
0.0008666237264118895018669660246
0.0008666237264118895018669660246
0.0008652854697304079257049950711
0.0008652854697304079257049950711
0.0008686708445441834673943610419
0.0008686708445441834673943610419
0.0008686708445441834673943610419
0.0008722006495073244303404360666
0.0008722006495073244303404360666
0.0008778045402831983579635064196
0.0008778045402831983579635064196
0.0008778045402831983579635064196
0.0008773713221153754641121454216
0.0008773713221153754641121454216
0.0008808638161971543987926259371
0.0008808638161971543987926259371
0.0008808638161971543987926259371
0.0008837068904112150850908138737
0.0008837068904112150850908138737
0.0008837068904112150850908138737
0.0008871220320136468212723033019
0.0008871220320136468212723033019
0.0008866547443545614231503093492
0.0008866547443545614231503093492
0.0008866547443545614231503093492
0.0008859006414969457963551883316
0.0008859006414969457963551883316
0.0008870456089243344776018269647
0.0008870456089243344776018269647
0.0008870456089243344776018269647
0.0008903703599678253239530017850
0.0008903703599678253239530017850
0.0008903703599678253239530017850
0.0008917052858526563352190504507
0.0008917052858526563352190504507
0.0008897852963164823898247899766
0.0008897852963164823898247899766
0.0008897852963164823898247899766
0.0008912282821890803458006885768
0.0008912282821890803458006885768
0.0008920421482654366877314213557
0.0008920421482654366877314213557
0.0008920421482654366877314213557
0.0008914331005151712868356507712
0.0008914331005151712868356507712
0.0008921341255412581846634254950
0.0008921341255412581846634254950
0.0008921341255412581846634254950
0.0008918183591614256041748917497
0.0008918183591614256041748917497
0.0008944171183041545121330445691
0.0008944171183041545121330445691
0.0008944171183041545121330445691
0.0008914790775569858975828095957
0.0008914790775569858975828095957
0.0008914790775569858975828095957
0.0008910580142890553619853131448
0.0008910580142890553619853131448
0.0008930638359835979366657561822
0.0008930638359835979366657561822
0.0008930638359835979366657561822
0.0008906573546169994531756311992
0.0008906573546169994531756311992
0.0008894966635892046637874703059
0.0008894966635892046637874703059
0.0008894966635892046637874703059
0.0008901404595859949323709588435
0.0008901404595859949323709588435
0.0008888126039016683991682801096
0.0008888126039016683991682801096
0.0008888126039016683991682801096
0.0008900299378004721830960361087
0.0008900299378004721830960361087
0.0008900299378004721830960361087
0.0008904941013238389482938530969
0.0008904941013238389482938530969
0.0008909000482173261019976393886
0.0008909000482173261019976393886
0.0008909000482173261019976393886
0.0008912570556664695598970355170
0.0008912570556664695598970355170
0.0008879086672107407457126096646
0.0008879086672107407457126096646
0.0008879086672107407457126096646
0.0008843444879351750893452427042
0.0008843444879351750893452427042
0.0008842322530309835618828475554
0.0008842322530309835618828475554
0.0008842322530309835618828475554
0.0008833110906576145169111727426
0.0008833110906576145169111727426
0.0008856025191963751564777676727
0.0008856025191963751564777676727
0.0008856025191963751564777676727
0.0008872406126060865814532338633
0.0008872406126060865814532338633
0.0008872406126060865814532338633
0.0008868765591766497075401335276
0.0008868765591766497075401335276
0.0008904562618087208996570749735
0.0008904562618087208996570749735
0.0008904562618087208996570749735
0.0008934677969093849103781933155
0.0008934677969093849103781933155
0.0008950747029980392485327159081
0.0008950747029980392485327159081
0.0008950747029980392485327159081
0.0008951512221609097303891462281
0.0008951512221609097303891462281
0.0008964369076542339158587224027
0.0008964369076542339158587224027
0.0008964369076542339158587224027
0.0008975750507253887276221882024
0.0008975750507253887276221882024
0.0008971954580955120056113125294
0.0008971954580955120056113125294
0.0008971954580955120056113125294
0.0008949212941269762684951401229
0.0008949212941269762684951401229
0.0008949212941269762684951401229
0.0008960466696864256756881007322
0.0008960466696864256756881007322
0.0008957465545527718895993748027
0.0008957465545527718895993748027
0.0008957465545527718895993748027
0.0008945550676971683358778441601
0.0008945550676971683358778441601
0.0008923790781713668211406801010
0.0008923790781713668211406801010
0.0008923790781713668211406801010
0.0008920827181020121819744023171
0.0008920827181020121819744023171
0.0008920827181020121819744023171
0.0008913310883778957787698801616
0.0008913310883778957787698801616
0.0008889412152328541931906125393
0.0008889412152328541931906125393
0.0008889412152328541931906125393
0.0008878153131181221020821724665
0.0008878153131181221020821724665
0.0008887600917393348679499817300
0.0008887600917393348679499817300
0.0008887600917393348679499817300
0.0008869797419445198008220126370
0.0008869797419445198008220126370
0.0008885444406374071970031522819
0.0008885444406374071970031522819
0.0008885444406374071970031522819
0.0008891201920931757615146671055
0.0008891201920931757615146671055
0.0008869885121031288625924368766
0.0008869885121031288625924368766
0.0008869885121031288625924368766
0.0008875017239432780720620905208
0.0008875017239432780720620905208
0.0008875017239432780720620905208
0.0008870565516363518062027720720
0.0008870565516363518062027720720
0.0008880094733895556642837458995
0.0008880094733895556642837458995
0.0008880094733895556642837458995
0.0008862636576586656946843571562
0.0008862636576586656946843571562
0.0008875657472982684228132591109
0.0008875657472982684228132591109
0.0008875657472982684228132591109
0.0008881726475691894711708785869
0.0008881726475691894711708785869
0.0008905690528277506474262548728
0.0008905690528277506474262548728
0.0008905690528277506474262548728
0.0008907579485904660744175744107
0.0008907579485904660744175744107
0.0008907579485904660744175744107
0.0008913707760827545450969023499
0.0008913707760827545450969023499
0.0008948990693313875140310935122
0.0008948990693313875140310935122
0.0008948990693313875140310935122
0.0008978885645962024512344298141
0.0008978885645962024512344298141
0.0008975717039913322779060893870
0.0008975717039913322779060893870
0.0008975717039913322779060893870
0.0008980637603971171240994044032
0.0008980637603971171240994044032
0.0008994411739888703788298059397
0.0008994411739888703788298059397
0.0008994411739888703788298059397
0.0008994526180152829235782466201
0.0008994526180152829235782466201
0.0009002209863740570446397290727
0.0009002209863740570446397290727
0.0009002209863740570446397290727
0.0009006172906866247263797599382
0.0009006172906866247263797599382
0.0009006172906866247263797599382
0.0008985893725390636550968077562
0.0008985893725390636550968077562
0.0008970391697064541833246131924
0.0008970391697064541833246131924
0.0008970391697064541833246131924
0.0008972893509671406144608995871
0.0008972893509671406144608995871
0.0008968098135387056279813070099
0.0008968098135387056279813070099
0.0008968098135387056279813070099
0.0008980922786532586765079376692
0.0008980922786532586765079376692
0.0008984396851137226030207926894
0.0008984396851137226030207926894
0.0008984396851137226030207926894
0.0008988142685751096675948607570
0.0008988142685751096675948607570
0.0008979966361345717926529496701
0.0008979966361345717926529496701
0.0008979966361345717926529496701
0.0008989518572259934990367085796
0.0008989518572259934990367085796
0.0008989518572259934990367085796
0.0008985960035526200116847462562
0.0008985960035526200116847462562
0.0008987287243309333063565769714
0.0008987287243309333063565769714
0.0008987287243309333063565769714
0.0008987836422639808537836889840
0.0008987836422639808537836889840
0.0009010397911295528744144945263
0.0009010397911295528744144945263
0.0009010397911295528744144945263
0.0009015927433825059971407468786
0.0009015927433825059971407468786
0.0009010748927863391974530464246
0.0009010748927863391974530464246
0.0009010748927863391974530464246
0.0009057690874141001520154840363
0.0009057690874141001520154840363
0.0009057690874141001520154840363
0.0009062478262083283631337696880
0.0009062478262083283631337696880
0.0009060261998169599833349210380
0.0009060261998169599833349210380
0.0009060261998169599833349210380
0.0009041382703746638215308393815
0.0009041382703746638215308393815
0.0009056231876147320554099464844
0.0009056231876147320554099464844
0.0009056231876147320554099464844
0.0009067873327528883429427171720
0.0009067873327528883429427171720
0.0009057398780020404585941164491
0.0009057398780020404585941164491
0.0009057398780020404585941164491
0.0009049074095096130919377011768
0.0009049074095096130919377011768
0.0009049074095096130919377011768
0.0009053352082026425736843586179
0.0009053352082026425736843586179
0.0009080252924816434252314682329
0.0009080252924816434252314682329
0.0009080252924816434252314682329
0.0009078895303169347271351912528
0.0009078895303169347271351912528
0.0009088772044237618146338605686
0.0009088772044237618146338605686
0.0009088772044237618146338605686
0.0009070425285275179645906003862
0.0009070425285275179645906003862
0.0009078883136541823997075142486
0.0009078883136541823997075142486
0.0009078883136541823997075142486
0.0009068133401501573959030703724
0.0009068133401501573959030703724
0.0009068133401501573959030703724
0.0009050222971173409304824420704
0.0009050222971173409304824420704
0.0009034234839583542303974753882
0.0009034234839583542303974753882
0.0009034234839583542303974753882
0.0009026206175041640649915840316
0.0009026206175041640649915840316
0.0009016487278166907265305152944
0.0009016487278166907265305152944
0.0009016487278166907265305152944
0.0009019624520760725489759166744
0.0009019624520760725489759166744
0.0009021982154929847383457885679
0.0009021982154929847383457885679
0.0009021982154929847383457885679
0.0009035795735322532473517828140
0.0009035795735322532473517828140
0.0009026541092102668783537380908
0.0009026541092102668783537380908
0.0009026541092102668783537380908
0.0009024353314672671563698551922
0.0009024353314672671563698551922
0.0009024353314672671563698551922
0.0009021607041618227554768731033
0.0009021607041618227554768731033
0.0009018962697338838513765034727
0.0009018962697338838513765034727
0.0009018962697338838513765034727
0.0009025545645435018744898012714
0.0009025545645435018744898012714
0.0009020495370572165797721330387
0.0009020495370572165797721330387
0.0009020495370572165797721330387
0.0009011844220853236247603195214
0.0009011844220853236247603195214
0.0008999519468407387978191524364
0.0008999519468407387978191524364
0.0008999519468407387978191524364
0.0009006669760459273576344054848
0.0009006669760459273576344054848
0.0008994266812180450987151457031
0.0008994266812180450987151457031
0.0008994266812180450987151457031
0.0009003269743858317780558443189
0.0009003269743858317780558443189
0.0009003269743858317780558443189
0.0008994499721079016953703031176
0.0008994499721079016953703031176
0.0008995111805017135375934553478
0.0008995111805017135375934553478
0.0008995111805017135375934553478
0.0008981332064691702524739293794
0.0008981332064691702524739293794
0.0008989505618616775063551314660
0.0008989505618616775063551314660
0.0008989505618616775063551314660
0.0008970860362786485487498167213
0.0008970860362786485487498167213
0.0008970860362786485487498167213
0.0008977031045763353483038371700
0.0008977031045763353483038371700
0.0009000610425038560977382278160
0.0009000610425038560977382278160
0.0009000610425038560977382278160
0.0008990606635693054172236178876
0.0008990606635693054172236178876
0.0008985044945109015546758611346
0.0008985044945109015546758611346
0.0008985044945109015546758611346
0.0008989131636813753843058059254
0.0008989131636813753843058059254
0.0009006037029003208576789448655
0.0009006037029003208576789448655
0.0009006037029003208576789448655
0.0008994224946689174211370686814
0.0008994224946689174211370686814
0.0008994159602518210133971870066
0.0008994159602518210133971870066
0.0008994159602518210133971870066
0.0008992177392463485424944005613
0.0008992177392463485424944005613
0.0008992177392463485424944005613
0.0008986582120214386083363560145
0.0008986582120214386083363560145
0.0008980328452007374660241907287
0.0008980328452007374660241907287
0.0008980328452007374660241907287
0.0008994784838547433201500926880
0.0008994784838547433201500926880
0.0008996557264957221610704454230
0.0008996557264957221610704454230
0.0008996557264957221610704454230
0.0008981552246853300053830240646
0.0008981552246853300053830240646
0.0008985687743980895510056462153
0.0008985687743980895510056462153
0.0008985687743980895510056462153
0.0008988197334967157339160745621
0.0008988197334967157339160745621
0.0008988197334967157339160745621
0.0008977720938733257528588245524
0.0008977720938733257528588245524
0.0008991342972064216225199166541
0.0008991342972064216225199166541
0.0008991342972064216225199166541
0.0008992523035690666186284058089
0.0008992523035690666186284058089
0.0008974385502892941764573337382
0.0008974385502892941764573337382
0.0008974385502892941764573337382
0.0008978198628976272880540228461
0.0008978198628976272880540228461
0.0008971577560020628745968758771
0.0008971577560020628745968758771
0.0008971577560020628745968758771
0.0008958828413609640768943472249
0.0008958828413609640768943472249
0.0008951178853748361665127206925
0.0008951178853748361665127206925
0.0008951178853748361665127206925
0.0008939795330678794765603967894
0.0008939795330678794765603967894
0.0008939795330678794765603967894
0.0008916404606419181523368889272
0.0008916404606419181523368889272
0.0008918488904676176883352953812
0.0008918488904676176883352953812
0.0008918488904676176883352953812
0.0008923989352015577199735801466
0.0008923989352015577199735801466
0.0008928473694906125429574066170
0.0008928473694906125429574066170
0.0008928473694906125429574066170
0.0008913301095032810028028048345
0.0008913301095032810028028048345
0.0008941822979212129287652507099
0.0008941822979212129287652507099
0.0008941822979212129287652507099
0.0008953819329674479876095605739
0.0008953819329674479876095605739
0.0008948805403901482705733928280
0.0008948805403901482705733928280
0.0008948805403901482705733928280
0.0008982892329156417456226810695
0.0008982892329156417456226810695
0.0008982892329156417456226810695
0.0008977161280595719827529818129
0.0008977161280595719827529818129
0.0008978140565990307391915869724
0.0008978140565990307391915869724
0.0008978140565990307391915869724
0.0008967613863378136242734133994
0.0008967613863378136242734133994
0.0008985212608098833072678784953
0.0008985212608098833072678784953
0.0008985212608098833072678784953
0.0008974521587990987269263705354
0.0008974521587990987269263705354
0.0008968812506627986413040515728
0.0008968812506627986413040515728
0.0008968812506627986413040515728
0.0008976397517113255416823573583
0.0008976397517113255416823573583
0.0008976397517113255416823573583
0.0008981647532476995075844331542
0.0008981647532476995075844331542
0.0008976087477623593778034670886
0.0008976087477623593778034670886
0.0008976087477623593778034670886
0.0008983558333553173203941192749
0.0008983558333553173203941192749
0.0008977289000036767960037083598
0.0008977289000036767960037083598
0.0008977289000036767960037083598
0.0008993453464478939876669644320
0.0008993453464478939876669644320
0.0008991944812156343186544837710
0.0008991944812156343186544837710
0.0008991944812156343186544837710
0.0008985160413419095353715869200
0.0008985160413419095353715869200
0.0008985160413419095353715869200
0.0008977204512911381835152904369
0.0008977204512911381835152904369
0.0008994942675610753819880197662
0.0008994942675610753819880197662
0.0008994942675610753819880197662
0.0008993186740472742730175977223
0.0008993186740472742730175977223
0.0009008582384007084703982535131
0.0009008582384007084703982535131
0.0009008582384007084703982535131
0.0009023187963645120743913167569
0.0009023187963645120743913167569
0.0009023404971620857818913445344
0.0009023404971620857818913445344
0.0009023404971620857818913445344
0.0009028892796865055738431974896
0.0009028892796865055738431974896
0.0009028892796865055738431974896
0.0009020583991580829103112887401
0.0009020583991580829103112887401
0.0009019784652185529512812392255
0.0009019784652185529512812392255
0.0009019784652185529512812392255
0.0008997437779589604874544721228
0.0008997437779589604874544721228
0.0008988413549376767479506899440
0.0008988413549376767479506899440
0.0008988413549376767479506899440
0.0008977401117142200709399464999
0.0008977401117142200709399464999
0.0008973011916519417074262089235
0.0008973011916519417074262089235
0.0008973011916519417074262089235
0.0008973154300312307616570658753
0.0008973154300312307616570658753
0.0008965567338740764046255877656
0.0008965567338740764046255877656
0.0008965567338740764046255877656
0.0008962639058959822538474801908
0.0008962639058959822538474801908
0.0008962639058959822538474801908
0.0008942599575587243623952420515
0.0008942599575587243623952420515
0.0008934144880805997667676532493
0.0008934144880805997667676532493
0.0008934144880805997667676532493
0.0008933617208527511954703747907
0.0008933617208527511954703747907
0.0008931997788763125711785467230
0.0008931997788763125711785467230
0.0008931997788763125711785467230
0.0008922871427639167720710075893
0.0008922871427639167720710075893
0.0008909219544077664966496571335
0.0008909219544077664966496571335
0.0008909219544077664966496571335
0.0008914604339089432547816064666
0.0008914604339089432547816064666
0.0008909563299524164582712198623
0.0008909563299524164582712198623
0.0008909563299524164582712198623
0.0008914793140533866132551367672
0.0008914793140533866132551367672
0.0008914793140533866132551367672
0.0008910048912734266428069965726
0.0008910048912734266428069965726
0.0008936607614270964096101136181
0.0008936607614270964096101136181
0.0008936607614270964096101136181
0.0008922357377977649004477422174
0.0008922357377977649004477422174
0.0008913840217590146704752188889
0.0008913840217590146704752188889
0.0008913840217590146704752188889
0.0008922055482530544846841975880
0.0008922055482530544846841975880
0.0008914837711549100845447620262
0.0008914837711549100845447620262
0.0008914837711549100845447620262
0.0008907965268860793106619836963
0.0008907965268860793106619836963
0.0008907965268860793106619836963
0.0008915685690514068502920635726
0.0008915685690514068502920635726
0.0008931805634359082784996681317
0.0008931805634359082784996681317
0.0008931805634359082784996681317
0.0008915876279334751688388140504
0.0008915876279334751688388140504
0.0008914424439984341226970488529
0.0008914424439984341226970488529
0.0008914424439984341226970488529
0.0008921955286607025583332112546
0.0008921955286607025583332112546
0.0008933835421985129269997814187
0.0008933835421985129269997814187
0.0008933835421985129269997814187
0.0008921805132363252981009570067
0.0008921805132363252981009570067
0.0008921805132363252981009570067
0.0008912963676959159971785921158
0.0008912963676959159971785921158
0.0008909155376527929803716306268
0.0008909155376527929803716306268
0.0008909155376527929803716306268
0.0008917425258080770960999997315
0.0008917425258080770960999997315
0.0008914843609021408242080481303
0.0008914843609021408242080481303
0.0008914843609021408242080481303
0.0008922951599892352415937910379
0.0008922951599892352415937910379
0.0008929371971723545534335832617
0.0008929371971723545534335832617
0.0008929371971723545534335832617
0.0008944447900649292064148755383
0.0008944447900649292064148755383
0.0008944447900649292064148755383
0.0008941960281737268820612304551
0.0008941960281737268820612304551
0.0008941050574630962008496259663
0.0008941050574630962008496259663
0.0008941050574630962008496259663
0.0008940376619279811485104684898
0.0008940376619279811485104684898
0.0008926764411808847738175532297
0.0008926764411808847738175532297
0.0008926764411808847738175532297
0.0008921473047222584090007904397
0.0008921473047222584090007904397
0.0008923831460563602439303911612
0.0008923831460563602439303911612
0.0008923831460563602439303911612
0.0008920629047846603058808142663
0.0008920629047846603058808142663
0.0008911148899034205572458370747
0.0008911148899034205572458370747
0.0008911148899034205572458370747
0.0008900175741359198083841635695
0.0008900175741359198083841635695
0.0008900175741359198083841635695
0.0008911046131966216795393146459
0.0008911046131966216795393146459
0.0008909318736329992360726787100
0.0008909318736329992360726787100
0.0008909318736329992360726787100
0.0008921630557009971413750784656
0.0008921630557009971413750784656
0.0008932272857281602445859653611
0.0008932272857281602445859653611
0.0008932272857281602445859653611
0.0008925767392367219251352510106
0.0008925767392367219251352510106
0.0008923258451081952484392118395
0.0008923258451081952484392118395
0.0008923258451081952484392118395
0.0008930721009927960236175042374
0.0008930721009927960236175042374
0.0008921571381708704576521902270
0.0008921571381708704576521902270
0.0008921571381708704576521902270
0.0008912781089384576528135750546
0.0008912781089384576528135750546
0.0008912781089384576528135750546
0.0008917673688059025934649262433
0.0008917673688059025934649262433
0.0008934300212320251394785350642
0.0008934300212320251394785350642
0.0008934300212320251394785350642
0.0008928334403851132401625580457
0.0008928334403851132401625580457
0.0008925303782735100377385811025
0.0008925303782735100377385811025
0.0008925303782735100377385811025
0.0008918168475856047661348157072
0.0008918168475856047661348157072
0.0008923398444156280035370540423
0.0008923398444156280035370540423
0.0008923398444156280035370540423
0.0008904340217249607529418111326
0.0008904340217249607529418111326
0.0008904340217249607529418111326
0.0008915784254941341906134604596
0.0008915784254941341906134604596
0.0008913788176406395167797059781
0.0008913788176406395167797059781
0.0008913788176406395167797059781
0.0008914823396660884221984051532
0.0008914823396660884221984051532
0.0008938252693795778689765279691
0.0008938252693795778689765279691
0.0008938252693795778689765279691
0.0008929552194578274077739068315
0.0008929552194578274077739068315
0.0008913312307635426941265657072
0.0008913312307635426941265657072
0.0008913312307635426941265657072
0.0008936740785256958826424305977
0.0008936740785256958826424305977
0.0008936740785256958826424305977
0.0008952004282346508440453861007
0.0008952004282346508440453861007
0.0008970480158488581902363841230
0.0008970480158488581902363841230
0.0008970480158488581902363841230
0.0008966178313514814730529524807
0.0008966178313514814730529524807
0.0008973130003878527574188026887
0.0008973130003878527574188026887
0.0008973130003878527574188026887
0.0008990750719394207088037080522
0.0008990750719394207088037080522
0.0008991992636080746638743596087
0.0008991992636080746638743596087
0.0008991992636080746638743596087
0.0008976611535018606629266138184
0.0008976611535018606629266138184
0.0008976611535018606629266138184
0.0008970121484444458877108288382
0.0008970121484444458877108288382
0.0008962912586108335686756290048
0.0008962912586108335686756290048
0.0008962912586108335686756290048
0.0008960815243586987881416735881
0.0008960815243586987881416735881
0.0008967679375705700684503103569
0.0008967679375705700684503103569
0.0008967679375705700684503103569
0.0008960320708229932836968952259
0.0008960320708229932836968952259
0.0008970044095522055908363210927
0.0008970044095522055908363210927
0.0008970044095522055908363210927
0.0008981072478415131809520287890
0.0008981072478415131809520287890
0.0008983339448148319311440987929
0.0008983339448148319311440987929
0.0008983339448148319311440987929
0.0009010799296526643688833803204
0.0009010799296526643688833803204
0.0009010799296526643688833803204
0.0009007336092499125951958372169
0.0009007336092499125951958372169
0.0009016193304170296663456040322
0.0009016193304170296663456040322
0.0009016193304170296663456040322
0.0008997884586386539058533965083
0.0008997884586386539058533965083
0.0008995011414676292791710604508
0.0008995011414676292791710604508
0.0008995011414676292791710604508
0.0008997517448082307974120255199
0.0008997517448082307974120255199
0.0008996280785252989566418383904
0.0008996280785252989566418383904
0.0008996280785252989566418383904
0.0008985449001775059466541544785
0.0008985449001775059466541544785
0.0008973711017346541284666131590
0.0008973711017346541284666131590
0.0008973711017346541284666131590
0.0008985906506162704837837440108
0.0008985906506162704837837440108
0.0008985906506162704837837440108
0.0008974113925265079166229062184
0.0008974113925265079166229062184
0.0008972617008240645951195650461
0.0008972617008240645951195650461
0.0008972617008240645951195650461
0.0008973509000871428719222613815
0.0008973509000871428719222613815
0.0008981417969300842440466256220
0.0008981417969300842440466256220
0.0008981417969300842440466256220
0.0008938788601761393850152883101
0.0008938788601761393850152883101
0.0008937168517725871123970208675
0.0008937168517725871123970208675
0.0008937168517725871123970208675
0.0008925424594394564083204250335
0.0008925424594394564083204250335
0.0008925424594394564083204250335
0.0008926287751870898696087777032
0.0008926287751870898696087777032
0.0008937526605175938693859140072
0.0008937526605175938693859140072
0.0008937526605175938693859140072
0.0008943783903202062544326860784
0.0008943783903202062544326860784
0.0008943259480711599287133607613
0.0008943259480711599287133607613
0.0008943259480711599287133607613
0.0008951660944574012879020600905
0.0008951660944574012879020600905
0.0008948890125108769094214921478
0.0008948890125108769094214921478
0.0008948890125108769094214921478
0.0008950904761991399324223495003
0.0008950904761991399324223495003
0.0008950904761991399324223495003
0.0008966417724084072950110530899
0.0008966417724084072950110530899
0.0008958190045829711865448862845
0.0008958190045829711865448862845
0.0008958190045829711865448862845
0.0008972610866067561059937512235
0.0008972610866067561059937512235
0.0008978810178245754563741639713
0.0008978810178245754563741639713
0.0008978810178245754563741639713
0.0008974860557291976713469012529
0.0008974860557291976713469012529
0.0008980434870609316348229975530
0.0008980434870609316348229975530
0.0008980434870609316348229975530
0.0008982943183794964481759977784
0.0008982943183794964481759977784
0.0008982943183794964481759977784
0.0008961927314681960653820046643
0.0008961927314681960653820046643
0.0008962174768292609403853809319
0.0008962174768292609403853809319
0.0008962174768292609403853809319
0.0008973001098023244878539904570
0.0008973001098023244878539904570
0.0008988662149123958113623561313
0.0008988662149123958113623561313
0.0008988662149123958113623561313
0.0008979587554694860197423405965
0.0008979587554694860197423405965
0.0008981458744714111420849031652
0.0008981458744714111420849031652
0.0008981458744714111420849031652
0.0008989627158919801770487437752
0.0008989627158919801770487437752
0.0008984800258068565542176057854
0.0008984800258068565542176057854
0.0008984800258068565542176057854
0.0008970811816619806636173835671
0.0008970811816619806636173835671
0.0008970811816619806636173835671
0.0008982984954820904292108505073
0.0008982984954820904292108505073
0.0008986426194823761208207081646
0.0008986426194823761208207081646
0.0008986426194823761208207081646
0.0008974191033589123010310961890
0.0008974191033589123010310961890
0.0008986330860639021867220070888
0.0008986330860639021867220070888
0.0008986330860639021867220070888
0.0008979261139073790201000689955
0.0008979261139073790201000689955
0.0008988062700886151255047542976
0.0008988062700886151255047542976
0.0008988062700886151255047542976
0.0008999568318182691774561192406
0.0008999568318182691774561192406
0.0008991654296393646889029084406
0.0008991654296393646889029084406
0.0008991654296393646889029084406
0.0008964980938577111171226891395
0.0008964980938577111171226891395
0.0008964980938577111171226891395
0.0008969487845455218562717593748
0.0008969487845455218562717593748
0.0008962090311017611081245067971
0.0008962090311017611081245067971
0.0008962090311017611081245067971
0.0008960540289493420004866211898
0.0008960540289493420004866211898
0.0008947294205494207107009431898
0.0008947294205494207107009431898
0.0008947294205494207107009431898
0.0008935105364906327237197214563
0.0008935105364906327237197214563
0.0008935105364906327237197214563
0.0008936307493242419486212640978
0.0008936307493242419486212640978
0.0008946123091962425002635286324
0.0008946123091962425002635286324
0.0008946123091962425002635286324
0.0008956668465258703503781181544
0.0008956668465258703503781181544
0.0008956141730005353891796078260
0.0008956141730005353891796078260
0.0008956141730005353891796078260
0.0008960589091499636188632467153
0.0008960589091499636188632467153
0.0008956719139381853095561444536
0.0008956719139381853095561444536
0.0008956719139381853095561444536
0.0008956553865141265757642518533
0.0008956553865141265757642518533
0.0008965589736712834286407476153
0.0008965589736712834286407476153
0.0008965589736712834286407476153
0.0008962528156488035166071707564
0.0008962528156488035166071707564
0.0008962528156488035166071707564
0.0008966855231211131691417181252
0.0008966855231211131691417181252
0.0008962697614679474234795504267
0.0008962697614679474234795504267
0.0008962697614679474234795504267
0.0008986627308849795439254020755
0.0008986627308849795439254020755
0.0008965099588491236362205680825
0.0008965099588491236362205680825
0.0008965099588491236362205680825
0.0008962964650610326024502861335
0.0008962964650610326024502861335
0.0008954308832702914156333450863
0.0008954308832702914156333450863
0.0008954308832702914156333450863
0.0008946585889900112738640137461
0.0008946585889900112738640137461
0.0008946585889900112738640137461
0.0008958607310642867199569632576
0.0008958607310642867199569632576
0.0008957220327840171395705244304
0.0008957220327840171395705244304
0.0008957220327840171395705244304
0.0008958743781609753279927876690
0.0008958743781609753279927876690
0.0008961796810633617492262246970
0.0008961796810633617492262246970
0.0008961796810633617492262246970
0.0008961527624270234874698880603
0.0008961527624270234874698880603
0.0008952144875589286525573769056
0.0008952144875589286525573769056
0.0008952144875589286525573769056
0.0008962600867442565326215387828
0.0008962600867442565326215387828
0.0008950209921369274750285015169
0.0008950209921369274750285015169
0.0008950209921369274750285015169
0.0008933382531076822597584454385
0.0008933382531076822597584454385
0.0008933382531076822597584454385
0.0008935128643965504916310586711
0.0008935128643965504916310586711
0.0008935790950331644800735195443
0.0008935790950331644800735195443
0.0008935790950331644800735195443
0.0008946535533537587179990011795
0.0008946535533537587179990011795
0.0008954040267350879221935895424
0.0008954040267350879221935895424
0.0008954040267350879221935895424
0.0008968818464909841641467662622
0.0008968818464909841641467662622
0.0008962886171934609727049544209
0.0008962886171934609727049544209
0.0008962886171934609727049544209
0.0008948243636974083341659198772
0.0008948243636974083341659198772
0.0008942341529400138565447864258
0.0008942341529400138565447864258
0.0008942341529400138565447864258
0.0008946014345497778042194536440
0.0008946014345497778042194536440
0.0008946014345497778042194536440
0.0008962977914006150523438622527
0.0008962977914006150523438622527
0.0008967165537031041050014066792
0.0008967165537031041050014066792
0.0008967165537031041050014066792
0.0008965203205016073510052707416
0.0008965203205016073510052707416
0.0008958277653493914163871898323
0.0008958277653493914163871898323
0.0008958277653493914163871898323
0.0008948553466665969025868763243
0.0008948553466665969025868763243
0.0008946932206938971200137244275
0.0008957519114242260559141529988
0.0008957519114242260559141529988
0.0008964022702029718998739935188
0.0008964022702029718998739935188
0.0008964022702029718998739935188
0.0008962732089770360392230408593
0.0008962732089770360392230408593
0.0008954080240503560898164009695
0.0008954080240503560898164009695
0.0008954080240503560898164009695
0.0008954558170911659198514446107
0.0008954558170911659198514446107
0.0008948805964790752243369352641
0.0008948805964790752243369352641
0.0008948805964790752243369352641
0.0008935424242991126686176413663
0.0008935424242991126686176413663
0.0008934914898886702594001053819
0.0008934914898886702594001053819
0.0008934914898886702594001053819
0.0008937394543179438963207873568
0.0008937394543179438963207873568
0.0008937394543179438963207873568
0.0008943601565417815537682139145
0.0008943601565417815537682139145
0.0008944465674432743611379469729
0.0008944465674432743611379469729
0.0008944465674432743611379469729
0.0008951503365246692975275231928
0.0008951503365246692975275231928
0.0008946101268595780993787805559
0.0008946101268595780993787805559
0.0008946101268595780993787805559
0.0008950836151216923977108119386
0.0008950836151216923977108119386
0.0008938391286307007295360115569
0.0008938391286307007295360115569
0.0008938391286307007295360115569
0.0008940720372341863279871364728
0.0008940720372341863279871364728
0.0008940720372341863279871364728
0.0008945367015141310725248357338
0.0008945367015141310725248357338
0.0008934881895664144919845172157
0.0008934881895664144919845172157
0.0008934881895664144919845172157
0.0008938129384326163600373556983
0.0008938129384326163600373556983
0.0008944291664505832880026856810
0.0008944291664505832880026856810
0.0008944291664505832880026856810
0.0008945400692627025967218891905
0.0008945400692627025967218891905
0.0008951617624089572112688311682
0.0008951617624089572112688311682
0.0008951617624089572112688311682
0.0008959959246311607799394852268
0.0008959959246311607799394852268
0.0008958112377818484183301356827
0.0008958112377818484183301356827
0.0008958112377818484183301356827
0.0008962704297680679708600474539
0.0008962704297680679708600474539
0.0008962704297680679708600474539
0.0008968545904569858934902698960
0.0008968545904569858934902698960
0.0008979634508279813216671482339
0.0008979634508279813216671482339
0.0008979634508279813216671482339
0.0008977876480092078478427355986
0.0008977876480092078478427355986
0.0008986666186028355059426635184
0.0008986666186028355059426635184
0.0008986666186028355059426635184
0.0008980715864042512434171599194
0.0008980715864042512434171599194
0.0008975950657869747687804704274
0.0008975950657869747687804704274
0.0008975950657869747687804704274
0.0008978986542604838903790330337
0.0008978986542604838903790330337
0.0008978032986794086428702967282
0.0008978032986794086428702967282
0.0008978032986794086428702967282
0.0008978341758481363278273260630
0.0008978341758481363278273260630
0.0008978341758481363278273260630
0.0008973750494862531718693400967
0.0008973750494862531718693400967
0.0008967711525049057642091175492
0.0008967711525049057642091175492
0.0008967711525049057642091175492
0.0008966083863431465540493468770
0.0008966083863431465540493468770
0.0008970485535884274188264336120
0.0008970485535884274188264336120
0.0008970485535884274188264336120
0.0008966660717582885183543217514
0.0008966660717582885183543217514
0.0008966697461229901331557949555
0.0008955458703336250979967962420
0.0008955458703336250979967962420
0.0008918019901199362965656387813
0.0008918019901199362965656387813
0.0008918019901199362965656387813
0.0008914101688635625908407640137
0.0008914101688635625908407640137
0.0008906751322719693940383523873
0.0008906751322719693940383523873
0.0008906751322719693940383523873
0.0008888392267610824613344343135
0.0008888392267610824613344343135
0.0008889171251837188555303784019
0.0008889171251837188555303784019
0.0008889171251837188555303784019
0.0008892616225716452509660793511
0.0008892616225716452509660793511
0.0008894564650824669032418778450
0.0008894564650824669032418778450
0.0008894564650824669032418778450
0.0008900081446789853597167690955
0.0008900081446789853597167690955
0.0008900081446789853597167690955
0.0008902113667407005698656963747
0.0008902113667407005698656963747
0.0008903358989622860088370087045
0.0008903358989622860088370087045
0.0008903358989622860088370087045
0.0008903484406733393825143265723
0.0008903484406733393825143265723
0.0008900610149134920566838405510
0.0008900610149134920566838405510
0.0008900610149134920566838405510
0.0008866753247272676928988943940
0.0008866753247272676928988943940
0.0008863855731236726238497623913
0.0008863855731236726238497623913
0.0008863855731236726238497623913
0.0008869403401619135598371229817
0.0008869403401619135598371229817
0.0008869403401619135598371229817
0.0008876695919405901438545796088
0.0008876695919405901438545796088
0.0008865566483109158877099282427
0.0008865566483109158877099282427
0.0008865566483109158877099282427
0.0008867962041844924138915590150
0.0008867962041844924138915590150
0.0008871765081961724996673025940
0.0008871765081961724996673025940
0.0008871765081961724996673025940
0.0008865353763901237918928560103
0.0008865353763901237918928560103
0.0008875572723553255505587588467
0.0008875572723553255505587588467
0.0008875572723553255505587588467
0.0008883767472756165567183416892
0.0008883767472756165567183416892
0.0008876430112564421514908749174
0.0008876430112564421514908749174
0.0008876430112564421514908749174
0.0008874173325126533968008460813
0.0008874173325126533968008460813
0.0008874173325126533968008460813
0.0008882254706851078266429573057
0.0008882254706851078266429573057
0.0008880832551262730124359938297
0.0008880832551262730124359938297
0.0008880832551262730124359938297
0.0008875370440069508683852333008
0.0008875370440069508683852333008
0.0008873051989778955520366098108
0.0008873051989778955520366098108
0.0008873051989778955520366098108
0.0008873568663084697001161164002
0.0008873568663084697001161164002
0.0008872881279182875300353696660
0.0008872881279182875300353696660
0.0008872881279182875300353696660
0.0008889526718836687505316825680
0.0008889526718836687505316825680
0.0008889464614865386125168761777
0.0008889464614865386125168761777
0.0008889464614865386125168761777
0.0008885336466165995560793675254
0.0008885336466165995560793675254
0.0008885336466165995560793675254
0.0008886104832982638184662081600
0.0008886104832982638184662081600
0.0008884673963948575902819685132
0.0008884673963948575902819685132
0.0008884673963948575902819685132
0.0008879242386106004766990141616
0.0008879242386106004766990141616
0.0008864953627152856261751170874
0.0008864953627152856261751170874
0.0008864953627152856261751170874
0.0008867426493089472887568609696
0.0008867426493089472887568609696
0.0008874564331700973604978899765
0.0008874564331700973604978899765
0.0008874564331700973604978899765
0.0008885593518064406165456306383
0.0008885593518064406165456306383
0.0008885593518064406165456306383
0.0008904422235505309018992991513
0.0008904422235505309018992991513
0.0008902157306365979464523217387
0.0008902157306365979464523217387
0.0008902157306365979464523217387
0.0008908249199579527341136211151
0.0008908249199579527341136211151
0.0008903599824666004899159671073
0.0008903599824666004899159671073
0.0008903599824666004899159671073
0.0008904088827398232927701511492
0.0008904088827398232927701511492
0.0008894957334433360995535265254
0.0008894957334433360995535265254
0.0008894957334433360995535265254
0.0008892893116919995786208336436
0.0008892893116919995786208336436
0.0008892893116919995786208336436
0.0008888088951981967269029079479
0.0008888088951981967269029079479
0.0008888322168779636529201953274
0.0008888322168779636529201953274
0.0008888322168779636529201953274
0.0008886592411994755877540921540
0.0008886592411994755877540921540
0.0008886943170681389409845331331
0.0008886943170681389409845331331
0.0008886943170681389409845331331
0.0008899291198141246369203361545
0.0008899291198141246369203361545
0.0008899162489366735086954538540
0.0008899162489366735086954538540
0.0008899162489366735086954538540
0.0008888338915328876445259435622
0.0008888338915328876445259435622
0.0008888338915328876445259435622
0.0008853562526143109823950640148
0.0008853562526143109823950640148
0.0008831094125828463160521429277
0.0008831094125828463160521429277
0.0008831094125828463160521429277
0.0008841681612178901329983282715
0.0008841681612178901329983282715
0.0008844887818628680070441201016
0.0008844887818628680070441201016
0.0008844887818628680070441201016
0.0008840086783677108266709451727
0.0008840086783677108266709451727
0.0008847950188679309479063518837
0.0008847950188679309479063518837
0.0008847950188679309479063518837
0.0008845092515134383224635813943
0.0008845092515134383224635813943
0.0008848001804105849835865571313
0.0008848001804105849835865571313
0.0008848001804105849835865571313
0.0008849890979699583622323899965
0.0008849890979699583622323899965
0.0008849890979699583622323899965
0.0008848821950740824132097607640
0.0008848821950740824132097607640
0.0008860547563194589200686965478
0.0008860547563194589200686965478
0.0008860547563194589200686965478
0.0008864757914405979478020597329
0.0008864757914405979478020597329
0.0008865841632760029700121507810
0.0008865841632760029700121507810
0.0008865841632760029700121507810
0.0008857329074179317939344424864
0.0008857329074179317939344424864
0.0008865620983086008022583321203
0.0008865620983086008022583321203
0.0008865620983086008022583321203
0.0008863029379154042611528182841
0.0008863029379154042611528182841
0.0008873813724946866859643215030
0.0008873813724946866859643215030
0.0008873813724946866859643215030
0.0008882546267071973939442099047
0.0008882546267071973939442099047
0.0008882546267071973939442099047
0.0008884282599917362166869303660
0.0008884282599917362166869303660
0.0008877525426306278412830343935
0.0008877525426306278412830343935
0.0008877525426306278412830343935
0.0008847221953077070273721337044
0.0008847221953077070273721337044
0.0008863900871555754025817578868
0.0008863900871555754025817578868
0.0008863900871555754025817578868
0.0008855132745188403090349977088
0.0008855132745188403090349977088
0.0008855103275084156462858109377
0.0008855798299119946403989720488
0.0008855798299119946403989720488
0.0008857290470569384178048312936
0.0008857290470569384178048312936
0.0008857290470569384178048312936
0.0008875615917271528961193479327
0.0008875615917271528961193479327
0.0008858434743242249106357199300
0.0008858434743242249106357199300
0.0008858434743242249106357199300
0.0008858660206522448042559924157
0.0008858660206522448042559924157
0.0008858365883768367139835839995
0.0008858365883768367139835839995
0.0008858365883768367139835839995
0.0008846914341535750074744124561
0.0008846914341535750074744124561
0.0008851197834469523465345495976
0.0008851197834469523465345495976
0.0008851197834469523465345495976
0.0008854047559570553561405492400
0.0008854047559570553561405492400
0.0008854047559570553561405492400
0.0008851088094742543964303224606
0.0008851088094742543964303224606
0.0008848542080101705294124510134
0.0008848542080101705294124510134
0.0008848542080101705294124510134
0.0008844191765535662879400006283
0.0008844191765535662879400006283
0.0008844197212553631100202569782
0.0008844197212553631100202569782
0.0008844197212553631100202569782
0.0008852099837064655604499709868
0.0008852099837064655604499709868
0.0008858672641891689743953907188
0.0008858672641891689743953907188
0.0008858672641891689743953907188
0.0008871691734902254060334316896
0.0008871691734902254060334316896
0.0008871691734902254060334316896
0.0008860490037963409842115461605
0.0008860490037963409842115461605
0.0008856076652450228639294617804
0.0008856076652450228639294617804
0.0008856076652450228639294617804
0.0008865340985921313915006068127
0.0008865340985921313915006068127
0.0008872306502000105790475231530
0.0008872306502000105790475231530
0.0008872306502000105790475231530
0.0008872996811075935071524017565
0.0008872996811075935071524017565
0.0008863520890486557209244027063
0.0008863520890486557209244027063
0.0008863520890486557209244027063
0.0008861029966203477927749435898
0.0008861029966203477927749435898
0.0008867547386095413804576205154
0.0008867547386095413804576205154
0.0008867547386095413804576205154
0.0008882255759674211041818158327
0.0008882255759674211041818158327
0.0008882255759674211041818158327
0.0008878398623245358798385526497
0.0008878398623245358798385526497
0.0008877277385294662547260985551
0.0008877277385294662547260985551
0.0008877277385294662547260985551
0.0008887443997177718925225571119
0.0008887443997177718925225571119
0.0008890942929883060408077693376
0.0008890942929883060408077693376
0.0008890942929883060408077693376
0.0008895295261775608177201596686
0.0008895295261775608177201596686
0.0008878364164732633991827150335
0.0008878364164732633991827150335
0.0008878364164732633991827150335
0.0008872924344940529612635796445
0.0008872924344940529612635796445
0.0008867529572171954607620872827
0.0008867529572171954607620872827
0.0008867529572171954607620872827
0.0008870330795873612337885300964
0.0008870330795873612337885300964
0.0008870330795873612337885300964
0.0008867903297401136212954685197
0.0008867903297401136212954685197
0.0008871188532292339439748186696
0.0008871188532292339439748186696
0.0008871188532292339439748186696
0.0008868066146538975396994862537
0.0008868066146538975396994862537
0.0008880838700274518008713268042
0.0008880838700274518008713268042
0.0008880838700274518008713268042
0.0008879143281563382422868841879
0.0008879143281563382422868841879
0.0008888557710190435635009405254
0.0008888557710190435635009405254
0.0008888557710190435635009405254
0.0008879692398478580040599744413
0.0008879692398478580040599744413
0.0008879692398478580040599744413
0.0008883241209931711530269101710
0.0008883241209931711530269101710
0.0008874417345889350060573713808
0.0008874417345889350060573713808
0.0008874417345889350060573713808
0.0008879602842342242229188438132
0.0008879602842342242229188438132
0.0008876995219468320306838024264
0.0008876995219468320306838024264
0.0008876995219468320306838024264
0.0008880243590733051374508759290
0.0008880243590733051374508759290
0.0008884050518823777327460784884
0.0008884050518823777327460784884
0.0008884050518823777327460784884
0.0008878360181053899985653864365
0.0008878360181053899985653864365
0.0008878360181053899985653864365
0.0008881350223859335939497528282
0.0008881350223859335939497528282
0.0008894362494834395247768174687
0.0008894362494834395247768174687
0.0008894362494834395247768174687
0.0008889536518986855906290827591
0.0008889536518986855906290827591
0.0008886211277727854456609952358
0.0008886211277727854456609952358
0.0008886211277727854456609952358
0.0008884997132794167250457080171
0.0008884997132794167250457080171
0.0008884790129031240471186936268
0.0008884790129031240471186936268
0.0008884790129031240471186936268
0.0008880298135480068044036821468
0.0008880298135480068044036821468
0.0008880298135480068044036821468
