0.5210258087076677714120482586
0.5210258087076677714120482586
0.6101106600374432327165497765
0.6101106600374432327165497765
0.6101106600374432327165497765
0.6366951692061245295668132019
0.6366951692061245295668132019
0.5876196141790114570692199177
0.5876196141790114570692199177
0.5876196141790114570692199177
0.4940478603475415740862972231
0.4940478603475415740862972231
0.5180954653344244301741786722
0.5180954653344244301741786722
0.5180954653344244301741786722
0.5571719045171565313479560313
0.5571719045171565313479560313
0.5888018502467030298317392551
0.5888018502467030298317392551
0.5888018502467030298317392551
0.6086350174921046271523965014
0.6086350174921046271523965014
0.6086350174921046271523965014
0.6120967806127531494893564456
0.6120967806127531494893564456
0.6228572964820801896694447029
0.6228572964820801896694447029
0.6228572964820801896694447029
0.6224537478727884895162857034
0.6224537478727884895162857034
0.6037759290798379470568353626
0.6037759290798379470568353626
0.6037759290798379470568353626
0.5987892357067586991782759140
0.5987892357067586991782759140
0.5893176233682655261576568863
0.5893176233682655261576568863
0.5893176233682655261576568863
0.5922201060551143239716682704
0.5922201060551143239716682704
0.5741932606522988079037809211
0.5741932606522988079037809211
0.5741932606522988079037809211
0.5731490810216349091768480355
0.5731490810216349091768480355
0.5731490810216349091768480355
0.5676459253382321614954632096
0.5676459253382321614954632096
0.5665010916593071389796887296
0.5665010916593071389796887296
0.5665010916593071389796887296
0.5587790909771127401878518431
0.5587790909771127401878518431
0.5506788284517127528095399388
0.5506788284517127528095399388
0.5506788284517127528095399388
0.5529803415609612742472840897
0.5529803415609612742472840897
0.5509604730480950319556837058
0.5509604730480950319556837058
0.5509604730480950319556837058
0.5606131823998689171452477658
0.5606131823998689171452477658
0.5606131823998689171452477658
0.5535199566670250093231705944
0.5535199566670250093231705944
0.5456416745033431052163787593
0.5456416745033431052163787593
0.5456416745033431052163787593
0.5535475778136567829809950539
0.5535475778136567829809950539
0.5509370624919502906235461198
0.5509370624919502906235461198
0.5509370624919502906235461198
0.5443466727771711521683641026
0.5443466727771711521683641026
0.5500031637199876992988431102
0.5500031637199876992988431102
0.5500031637199876992988431102
0.5561820762039554461849178392
0.5561820762039554461849178392
0.5561820762039554461849178392
0.5549600820556710296111272350
0.5549600820556710296111272350
0.5624732117856436555616741093
0.5624732117856436555616741093
0.5624732117856436555616741093
0.5522352015305045023467922288
0.5522352015305045023467922288
0.5620108591382321190925544251
0.5620108591382321190925544251
0.5620108591382321190925544251
0.5642574624614955467099208626
0.5642574624614955467099208626
0.5592645601142991908476660372
0.5592645601142991908476660372
0.5592645601142991908476660372
0.5525634088387035371396690601
0.5525634088387035371396690601
0.5525634088387035371396690601
0.5595925826895589617780590908
0.5595925826895589617780590908
0.5513643963940344889169296786
0.5513643963940344889169296786
0.5513643963940344889169296786
0.5580342674757239380559850535
0.5580342674757239380559850535
0.5514397465564629531378339280
0.5514397465564629531378339280
0.5514397465564629531378339280
0.5572367686638149634852380333
0.5572367686638149634852380333
0.5506812694491233100025329608
0.5506812694491233100025329608
0.5506812694491233100025329608
0.5512623481896502500081402864
0.5512623481896502500081402864
0.5555196537086312461433991859
0.5555196537086312461433991859
0.5555196537086312461433991859
0.5559606196987958360890453565
0.5559606196987958360890453565
0.5559606196987958360890453565
0.5529471427189902102122955454
0.5529471427189902102122955454
0.5567124390098968893827193477
0.5567124390098968893827193477
0.5567124390098968893827193477
0.5678291548259228811360291875
0.5678291548259228811360291875
0.5680414538663902278148068286
0.5680414538663902278148068286
0.5680414538663902278148068286
0.5607141586018993530564090104
0.5607141586018993530564090104
0.5678639092384482375326569180
0.5678639092384482375326569180
0.5678639092384482375326569180
0.5639340450267354627987914855
0.5639340450267354627987914855
0.5609633604441891184069475080
0.5609633604441891184069475080
0.5609633604441891184069475080
0.5629294977024543095453434702
0.5629294977024543095453434702
0.5629294977024543095453434702
0.5641763474170783500634120066
0.5641763474170783500634120066
0.5674108707496016947778705832
0.5674108707496016947778705832
0.5674108707496016947778705832
0.5699156169990582076756748610
0.5699156169990582076756748610
0.5682420613156159012574079977
0.5682420613156159012574079977
0.5682420613156159012574079977
0.5636468446128343685455490330
0.5636468446128343685455490330
0.5636468446128343685455490330
0.5637443626179877587519690601
0.5637443626179877587519690601
0.5643986252054151464857284649
0.5643986252054151464857284649
0.5643986252054151464857284649
0.5599246233171439472033966669
0.5599246233171439472033966669
0.5554670683355366946626183497
0.5554670683355366946626183497
0.5554670683355366946626183497
0.5529390319498073436559565582
0.5529390319498073436559565582
0.5560874584785517685131733625
0.5560874584785517685131733625
0.5560874584785517685131733625
0.5569771516544046549212279400
0.5569771516544046549212279400
0.5558302053814922534378826549
0.5558302053814922534378826549
0.5558302053814922534378826549
0.5635905234950289356239667052
0.5635905234950289356239667052
0.5635905234950289356239667052
0.5622927885081384913762184183
0.5622927885081384913762184183
0.5617776073205840766057536771
0.5617776073205840766057536771
0.5617776073205840766057536771
0.5620222339679137617935290305
0.5620222339679137617935290305
0.5654661625838525169646730675
0.5654661625838525169646730675
0.5654661625838525169646730675
0.5651331487657104365223819358
0.5651331487657104365223819358
0.5651321773311186881066137176
0.5651321773311186881066137176
0.5651321773311186881066137176
0.5647141470632196264687387068
0.5647141470632196264687387068
0.5647141470632196264687387068
0.5630474943109612579689931495
0.5630474943109612579689931495
0.5665319200610275282267074028
0.5665319200610275282267074028
0.5665319200610275282267074028
0.5623402236669691465346438735
0.5623402236669691465346438735
0.5624200416148098624144654811
0.5624200416148098624144654811
0.5624200416148098624144654811
0.5616515222882043471739698884
0.5616515222882043471739698884
0.5628193203826722303690386403
0.5628193203826722303690386403
0.5628193203826722303690386403
0.5611316402017558405198828932
0.5611316402017558405198828932
0.5647934368961796787058875248
0.5647934368961796787058875248
0.5647934368961796787058875248
0.5633249627845202342881047257
0.5633249627845202342881047257
0.5633249627845202342881047257
0.5691026593368698222997335745
0.5691026593368698222997335745
0.5689922852941615551142908759
0.5689922852941615551142908759
0.5689922852941615551142908759
0.5669457612249183244021485497
0.5669457612249183244021485497
0.5654235795182723709801704809
0.5654235795182723709801704809
0.5654235795182723709801704809
0.5628628833961709418316588486
0.5628628833961709418316588486
0.5661903998257117549920999392
0.5661903998257117549920999392
0.5661903998257117549920999392
0.5645193951310417182419469123
0.5645193951310417182419469123
0.5643867089613956239522276949
0.5643867089613956239522276949
0.5643867089613956239522276949
0.5636189336868767224162283112
0.5636189336868767224162283112
0.5636189336868767224162283112
0.5634132218240835261533956981
0.5634132218240835261533956981
0.5604098161803295509415856932
0.5604098161803295509415856932
0.5604098161803295509415856932
0.5625084064545850257078584848
0.5625084064545850257078584848
0.5601586008719363951131161373
0.5601586008719363951131161373
0.5601586008719363951131161373
0.5611636891927883778520674782
0.5611636891927883778520674782
0.5608929090845391896052234677
0.5623460922576961847226666316
0.5623460922576961847226666316
0.5584757679384030916697450699
0.5584757679384030916697450699
0.5584757679384030916697450699
0.5576600848195286637067571698
0.5576600848195286637067571698
0.5593660441110512773151401971
0.5593660441110512773151401971
0.5593660441110512773151401971
0.5588612021505860596930895166
0.5588612021505860596930895166
0.5589859171009480032550303644
0.5589859171009480032550303644
0.5589859171009480032550303644
0.5582948374600303532593371934
0.5582948374600303532593371934
0.5615126999897500109081555841
0.5615126999897500109081555841
0.5615126999897500109081555841
0.5646619754318968812633838844
0.5646619754318968812633838844
0.5646619754318968812633838844
0.5657466273987324423108772565
0.5657466273987324423108772565
0.5639292532405468545006822670
0.5639292532405468545006822670
0.5639292532405468545006822670
0.5646998742687788431267779554
0.5646998742687788431267779554
0.5645213500861661177954860782
0.5645213500861661177954860782
0.5645213500861661177954860782
0.5629655827321953980901231594
0.5629655827321953980901231594
0.5606195310773402611557935812
0.5606195310773402611557935812
0.5606195310773402611557935812
0.5653312620824092443125045663
0.5653312620824092443125045663
0.5653312620824092443125045663
