0.0006674600091318231094047505522
0.0006674600091318231094047505522
0.001170339164690013071315819321
0.001170339164690013071315819321
0.001170339164690013071315819321
0.0008555945816169832275679399754
0.0008555945816169832275679399754
0.0007669207919713769856917859810
0.0007669207919713769856917859810
0.0007669207919713769856917859810
0.0006196908787464348016021564503
0.0006196908787464348016021564503
0.0007071675618434372433578192244
0.0007071675618434372433578192244
0.0007071675618434372433578192244
0.0007148585439267613640543506306
0.0007148585439267613640543506306
0.0006225960493429060984850805830
0.0006225960493429060984850805830
0.0006225960493429060984850805830
0.0005756545658369223472742502380
0.0005756545658369223472742502380
0.0005756545658369223472742502380
0.0006260378009701258648038393937
0.0006260378009701258648038393937
0.0006364493684386030096684262091
0.0006364493684386030096684262091
0.0006364493684386030096684262091
0.0006285209809216783847082981897
0.0006285209809216783847082981897
0.0006444836433992347976237411610
0.0006444836433992347976237411610
0.0006444836433992347976237411610
0.0006811875043130125589129049020
0.0006811875043130125589129049020
0.0006629224017217114938427929683
0.0006629224017217114938427929683
0.0006629224017217114938427929683
0.0006395786330428914407176512834
0.0006395786330428914407176512834
0.0006572583934575295468684224990
0.0006572583934575295468684224990
0.0006572583934575295468684224990
0.0006603226652137659118044931179
0.0006603226652137659118044931179
0.0006603226652137659118044931179
0.0006596805163363174213167319537
0.0006596805163363174213167319537
0.0007038884927725819959759614249
0.0007038884927725819959759614249
0.0007038884927725819959759614249
0.0007015446966725466781374052349
0.0007015446966725466781374052349
0.0007305521640585536438367438084
0.0007305521640585536438367438084
0.0007305521640585536438367438084
0.0007525317412103380006968279529
0.0007525317412103380006968279529
0.0007286839339989614684552654818
0.0007286839339989614684552654818
0.0007286839339989614684552654818
0.0007646210508206718977250860999
0.0007646210508206718977250860999
0.0007646210508206718977250860999
0.0007598553026081302008610373556
0.0007598553026081302008610373556
0.0007668593163021298945773167360
0.0007668593163021298945773167360
0.0007668593163021298945773167360
0.0007939443892121783838323984323
0.0007939443892121783838323984323
0.0007744400193444898974238880233
0.0007744400193444898974238880233
0.0007744400193444898974238880233
0.0008055902093393615240833347399
0.0008055902093393615240833347399
0.0007925607740684474459479876783
0.0007925607740684474459479876783
0.0007925607740684474459479876783
0.0008016650444588525351901977434
0.0008016650444588525351901977434
0.0008016650444588525351901977434
0.0007871799200284903062377832145
0.0007871799200284903062377832145
0.0007680797271302536751760908619
0.0007680797271302536751760908619
0.0007680797271302536751760908619
0.0007785486288365811963767272306
0.0007785486288365811963767272306
0.0008089527677070510677895544554
0.0008089527677070510677895544554
0.0008089527677070510677895544554
0.0008027124134834433136566491403
0.0008027124134834433136566491403
0.0008119096886425018816728163948
0.0008119096886425018816728163948
0.0008119096886425018816728163948
0.0008431526854473983932112938505
0.0008431526854473983932112938505
0.0008431526854473983932112938505
0.0008678149935858912417481929486
0.0008678149935858912417481929486
0.0008808749757947631751767623601
0.0008808749757947631751767623601
0.0008808749757947631751767623601
0.0008874697673213247815703790155
0.0008874697673213247815703790155
0.0009006391122718121204523791237
0.0009006391122718121204523791237
0.0009006391122718121204523791237
0.0008819250693343229441414639741
0.0008819250693343229441414639741
0.0008923566844982851949028154893
0.0008923566844982851949028154893
0.0008923566844982851949028154893
0.0008873959290407721668874256173
0.0008873959290407721668874256173
0.0008928435556137328779462939593
0.0008928435556137328779462939593
0.0008928435556137328779462939593
0.0009160568962762168031819191494
0.0009160568962762168031819191494
0.0009160568962762168031819191494
0.0009148129652248018147222068682
0.0009148129652248018147222068682
0.0009287693674857113869627671325
0.0009287693674857113869627671325
0.0009287693674857113869627671325
0.0009483602451103789241367684452
0.0009483602451103789241367684452
0.0009392968308151078032677161760
0.0009392968308151078032677161760
0.0009392968308151078032677161760
0.0009411747168328280633587974386
0.0009411747168328280633587974386
0.0009411806844562008899529114387
0.0009411806844562008899529114387
0.0009411806844562008899529114387
0.0009374725034881307888113412373
0.0009374725034881307888113412373
0.0009318150124632557860317420173
0.0009318150124632557860317420173
0.0009318150124632557860317420173
0.0009280049622110309305284059546
0.0009280049622110309305284059546
0.0009280049622110309305284059546
0.0009181578820091728483899220028
0.0009181578820091728483899220028
0.0009352012349854376232883169278
0.0009352012349854376232883169278
0.0009352012349854376232883169278
0.0009357285013121132681497030885
0.0009357285013121132681497030885
0.0009312681090591774106423961821
0.0009312681090591774106423961821
0.0009312681090591774106423961821
0.0009343393479771342283958719965
0.0009343393479771342283958719965
0.0009349364682379498126885263426
0.0009321267940564421521057667548
0.0009321267940564421521057667548
0.0009312026855626326497901512040
0.0009312026855626326497901512040
0.0009312026855626326497901512040
0.0009246857084743500437361189459
0.0009246857084743500437361189459
0.0009185558513443529011872991739
0.0009185558513443529011872991739
0.0009185558513443529011872991739
0.0009261492288882509527320586845
0.0009261492288882509527320586845
0.0009277725917698123131261972246
0.0009277725917698123131261972246
0.0009277725917698123131261972246
0.0009296528992709710211707006945
0.0009296528992709710211707006945
0.0009196417838132638358959606505
0.0009196417838132638358959606505
0.0009196417838132638358959606505
0.0009292598663652114339983991159
0.0009292598663652114339983991159
0.0009292598663652114339983991159
0.0009351617294289367799602581299
0.0009351617294289367799602581299
0.0009339760839300457740685106141
0.0009339760839300457740685106141
0.0009339760839300457740685106141
0.0009284855920488424295422087663
0.0009284855920488424295422087663
0.0009189498252418490512595282618
0.0009189498252418490512595282618
0.0009189498252418490512595282618
0.0009260482279133673294937943981
0.0009260482279133673294937943981
0.0009258245353243839855455631409
0.0009258245353243839855455631409
0.0009258245353243839855455631409
0.0009267829277145785325192181319
0.0009267829277145785325192181319
0.0009267829277145785325192181319
0.0009279553996435100768393813997
0.0009279553996435100768393813997
0.0009326846298782780700203015057
0.0009326846298782780700203015057
0.0009326846298782780700203015057
0.0009254279528698587713038168843
0.0009254279528698587713038168843
0.0009245890820369237031964034770
0.0009245890820369237031964034770
0.0009245890820369237031964034770
0.0009241973373973741592621007506
0.0009241973373973741592621007506
0.0009147566092103751816155916148
0.0009147566092103751816155916148
0.0009147566092103751816155916148
0.0009180799030224964611913165081
0.0009180799030224964611913165081
0.0009109354269372108342995464102
0.0009109354269372108342995464102
0.0009109354269372108342995464102
0.0009140051113388251247234844899
0.0009140051113388251247234844899
0.0009140051113388251247234844899
0.0009160976357932725364931428786
0.0009160976357932725364931428786
0.0009188236628443110796729588435
0.0009188236628443110796729588435
0.0009188236628443110796729588435
0.0009203848159010378827268606825
0.0009203848159010378827268606825
0.0009277056470598447841120181094
0.0009277056470598447841120181094
0.0009277056470598447841120181094
0.0009227273138169669769746853998
0.0009227273138169669769746853998
0.0009267852898904899664731400354
0.0009267852898904899664731400354
0.0009267852898904899664731400354
0.0009354649488310382783866117815
0.0009354649488310382783866117815
0.0009324898693120950090932996078
0.0009324898693120950090932996078
0.0009324898693120950090932996078
0.0009341831682556556246961463371
0.0009341831682556556246961463371
0.0009341831682556556246961463371
0.0009340181033061810674897411678
0.0009340181033061810674897411678
0.0009302838770659443736881534122
0.0009302838770659443736881534122
0.0009302838770659443736881534122
0.0009373855026247376758241405920
0.0009373855026247376758241405920
0.0009343460422252430952979575993
0.0009343460422252430952979575993
0.0009343460422252430952979575993
0.0009357285130685089306544450230
0.0009357285130685089306544450230
0.0009357285130685089306544450230
0.0009390216134312009549277278465
0.0009390216134312009549277278465
0.0009352637745329900861358455735
0.0009352637745329900861358455735
0.0009352637745329900861358455735
0.0009522676785472020504889993338
0.0009522676785472020504889993338
0.0009542478541230306796665419183
0.0009542478541230306796665419183
0.0009542478541230306796665419183
0.0009457327430925309507716314659
0.0009457327430925309507716314659
0.0009571860591459218374525149686
0.0009571860591459218374525149686
0.0009571860591459218374525149686
0.0009532351605909362392158298845
0.0009532351605909362392158298845
0.0009539497567373805621406007880
0.0009539497567373805621406007880
0.0009539497567373805621406007880
0.0009620556859148209328360878839
0.0009620556859148209328360878839
0.0009620556859148209328360878839
0.0009582045134818356884718041508
0.0009582045134818356884718041508
0.0009545298759522772069705503222
0.0009545298759522772069705503222
0.0009545298759522772069705503222
0.0009591285840980576869446402892
0.0009591285840980576869446402892
0.0009530288069894352353388378885
0.0009530288069894352353388378885
0.0009530288069894352353388378885
0.0009494547325165838400245818921
0.0009494547325165838400245818921
0.0009474390966473922078890469586
0.0009474390966473922078890469586
0.0009474390966473922078890469586
0.0009460339693964808972785429201
0.0009460339693964808972785429201
0.0009460339693964808972785429201
0.0009548805226615408392854413685
0.0009548805226615408392854413685
0.0009557590613638415405749677307
0.0009557590613638415405749677307
0.0009557590613638415405749677307
0.0009560084161452909667183097064
0.0009560084161452909667183097064
0.0009491096861744593189898588131
0.0009491096861744593189898588131
0.0009491096861744593189898588131
0.0009454883946665130667700937768
0.0009454883946665130667700937768
0.0009455452810564781659599344189
0.0009455452810564781659599344189
0.0009455452810564781659599344189
0.0009483217385019550480025355152
0.0009483217385019550480025355152
0.0009456214840162139390292673656
0.0009456214840162139390292673656
0.0009456214840162139390292673656
0.0009446731263620423822936989998
0.0009446731263620423822936989998
0.0009446731263620423822936989998
0.0009467469532079420961555796939
0.0009467469532079420961555796939
0.0009458197048396674482669279667
0.0009458197048396674482669279667
0.0009458197048396674482669279667
0.0009483104092472311073518090829
0.0009483104092472311073518090829
0.0009510599422853983994480289352
0.0009510599422853983994480289352
0.0009510599422853983994480289352
0.0009459656834499322552589850930
0.0009459656834499322552589850930
0.0009495842036548657386046914126
0.0009495842036548657386046914126
0.0009495842036548657386046914126
0.0009461370020944712763515417744
0.0009461370020944712763515417744
0.0009462107930624064948486718575
0.0009462107930624064948486718575
0.0009462107930624064948486718575
0.0009472496344082146676519708688
0.0009472496344082146676519708688
0.0009472496344082146676519708688
0.0009495716962033289141114898568
0.0009495716962033289141114898568
0.0009508801354613347489153400789
0.0009508801354613347489153400789
0.0009508801354613347489153400789
0.0009505932721282149729062886528
0.0009505932721282149729062886528
0.0009506187174558395105629637616
0.0009506187174558395105629637616
0.0009506187174558395105629637616
0.0009549598860457903537272504619
0.0009549598860457903537272504619
0.0009590193909970596248037161837
0.0009590193909970596248037161837
0.0009590193909970596248037161837
0.0009612183683495665270896834191
0.0009612183683495665270896834191
0.0009612183683495665270896834191
0.0009584105912048961098642947214
0.0009584105912048961098642947214
0.0009602599369598773321899635314
0.0009602599369598773321899635314
0.0009602599369598773321899635314
0.0009595216335323822393102857592
0.0009595216335323822393102857592
0.0009516855883119543323043812281
0.0009516855883119543323043812281
0.0009516855883119543323043812281
0.0009476696660292277272420217223
0.0009476696660292277272420217223
0.0009474588382739663461439587829
0.0009474588382739663461439587829
0.0009474588382739663461439587829
0.0009443802646454576494560193924
0.0009443802646454576494560193924
0.0009443802646454576494560193924
0.0009427047732151180726515875713
0.0009427047732151180726515875713
0.0009439395087664983666401538369
0.0009439395087664983666401538369
0.0009439395087664983666401538369
0.0009425181404267749435190182349
0.0009425181404267749435190182349
0.0009392812207717293679307093211
0.0009392812207717293679307093211
0.0009392812207717293679307093211
0.0009365804449238292408013818777
0.0009365804449238292408013818777
0.0009364075988632042512203228091
0.0009364075988632042512203228091
0.0009364075988632042512203228091
0.0009277350858746212846791724101
0.0009277350858746212846791724101
0.0009277350858746212846791724101
0.0009292632410781262800769130060
0.0009292632410781262800769130060
0.0009330826147182022371689172010
0.0009330826147182022371689172010
0.0009330826147182022371689172010
0.0009348246649926498580884394193
0.0009348246649926498580884394193
0.0009326271698062291716898993443
0.0009326271698062291716898993443
0.0009326271698062291716898993443
0.0009337626138749679483222723008
0.0009337626138749679483222723008
0.0009366986068501943930659066155
0.0009366986068501943930659066155
0.0009366986068501943930659066155
0.0009360227857625000465062984473
0.0009360227857625000465062984473
0.0009373808099017770003558833145
0.0009373808099017770003558833145
0.0009373808099017770003558833145
0.0009365472579385490612739044954
0.0009365472579385490612739044954
0.0009365472579385490612739044954
0.0009438492543432988124944539941
0.0009438492543432988124944539941
0.0009441416806454241487973423805
0.0009441416806454241487973423805
0.0009441416806454241487973423805
0.0009481513755218194433393043546
0.0009481513755218194433393043546
0.0009498083861102657781498343786
0.0009498083861102657781498343786
0.0009498083861102657781498343786
0.0009477909399970351348597984011
0.0009477909399970351348597984011
0.0009440369390046895571417333536
0.0009440369390046895571417333536
0.0009440369390046895571417333536
0.0009434616191421764038107277893
0.0009434616191421764038107277893
0.0009344702266376040676501451736
0.0009344702266376040676501451736
0.0009344702266376040676501451736
0.0009352996454051497546308784272
0.0009352996454051497546308784272
0.0009352996454051497546308784272
0.0009389966739532521782238673752
0.0009389966739532521782238673752
0.0009394774142195291480543440544
0.0009394774142195291480543440544
0.0009394774142195291480543440544
0.0009409399328448772981291030044
0.0009409399328448772981291030044
0.0009380262808143352926982693763
0.0009380262808143352926982693763
0.0009380262808143352926982693763
0.0009370507383713083621157717120
0.0009370507383713083621157717120
0.0009431962357843860534855243342
0.0009455253809749279075168557007
0.0009455253809749279075168557007
0.0009443898510581998528141505145
0.0009443898510581998528141505145
0.0009443898510581998528141505145
0.0009403075862148526058644531201
0.0009403075862148526058644531201
0.0009351537369351975016746904546
0.0009351537369351975016746904546
0.0009351537369351975016746904546
0.0009370647997325206605255683864
0.0009370647997325206605255683864
0.0009325389005930881240496952427
0.0009325389005930881240496952427
0.0009325389005930881240496952427
0.0009278131565330508720074357968
0.0009278131565330508720074357968
0.0009303643817516702436042493882
0.0009303643817516702436042493882
0.0009303643817516702436042493882
0.0009287419773164780435553553194
0.0009287419773164780435553553194
0.0009287419773164780435553553194
0.0009314511344123033910339492880
0.0009314511344123033910339492880
0.0009317166447029651565008305851
0.0009317166447029651565008305851
0.0009317166447029651565008305851
0.0009297062035610167774937396883
0.0009297062035610167774937396883
0.0009265764292873194809493999396
0.0009265764292873194809493999396
0.0009265764292873194809493999396
0.0009270674599073341768749927538
0.0009270674599073341768749927538
0.0009298948272787703533838076686
0.0009298948272787703533838076686
0.0009298948272787703533838076686
0.0009292767057783284920224773190
0.0009292767057783284920224773190
0.0009292767057783284920224773190
0.0009248580212563863590990793582
0.0009248580212563863590990793582
0.0009266901283699252538131676360
0.0009266901283699252538131676360
0.0009266901283699252538131676360
0.0009229331763074157256204840061
0.0009229331763074157256204840061
0.0009180553479881697428386672249
0.0009180553479881697428386672249
0.0009180553479881697428386672249
0.0009145536617001666751034985511
0.0009145536617001666751034985511
0.0009154441049614863895574461194
0.0009154441049614863895574461194
0.0009154441049614863895574461194
0.0009162875630750080008872339567
0.0009162875630750080008872339567
0.0009211337806617662988202221814
0.0009211337806617662988202221814
0.0009211337806617662988202221814
0.0009211484579083865203426511194
0.0009211484579083865203426511194
0.0009211484579083865203426511194
0.0009264629004764086905256489040
0.0009264629004764086905256489040
0.0009266571784186590286530503918
0.0009266571784186590286530503918
0.0009266571784186590286530503918
0.0009318822898427592581907782939
0.0009318822898427592581907782939
0.0009290523586403986226681837673
0.0009290523586403986226681837673
0.0009290523586403986226681837673
0.0009343094379669635778633607149
0.0009343094379669635778633607149
0.0009390871322559594453596770634
0.0009390871322559594453596770634
0.0009390871322559594453596770634
0.0009353654366556519361473754461
0.0009353654366556519361473754461
0.0009320868971236024396442515399
0.0009320868971236024396442515399
0.0009320868971236024396442515399
0.0009288807827702427989588211581
0.0009288807827702427989588211581
0.0009288807827702427989588211581
0.0009257505077795636838947608219
0.0009257505077795636838947608219
0.0009229154944184114303917734916
0.0009229154944184114303917734916
0.0009229154944184114303917734916
0.0009206116160919742734799463139
0.0009206116160919742734799463139
0.0009253673733983246053816131714
0.0009253673733983246053816131714
0.0009253673733983246053816131714
0.0009316071930010513273903247403
0.0009316071930010513273903247403
0.0009279992364559476450803018828
0.0009279992364559476450803018828
0.0009279992364559476450803018828
0.0009242546874431882834333532687
0.0009242546874431882834333532687
0.0009242546874431882834333532687
0.0009254015820461667174912081280
0.0009254015820461667174912081280
0.0009274636821549276430154279578
0.0009274636821549276430154279578
0.0009274636821549276430154279578
0.0009281906769293758704166496986
0.0009281906769293758704166496986
0.0009331553102397882271392212503
0.0009331553102397882271392212503
0.0009331553102397882271392212503
0.0009425542559091325708903609241
0.0009425542559091325708903609241
0.0009394753869200239429555938164
0.0009394753869200239429555938164
0.0009394753869200239429555938164
0.0009436674716412842843003816050
0.0009436674716412842843003816050
0.0009436674716412842843003816050
0.0009445599364015001699157558968
0.0009445599364015001699157558968
0.0009480197704444342723154218056
0.0009480197704444342723154218056
0.0009480197704444342723154218056
0.0009524950740166429803876996638
0.0009524950740166429803876996638
0.0009566857877528634110818544083
0.0009566857877528634110818544083
0.0009566857877528634110818544083
0.0009649445193554922737363386763
0.0009649445193554922737363386763
0.0009652683576998458192379316968
0.0009652683576998458192379316968
0.0009652683576998458192379316968
0.0009630222338422837693805283211
0.0009630222338422837693805283211
0.0009630222338422837693805283211
0.0009677668037945778492849429188
0.0009677668037945778492849429188
0.0009639561153753196372946509949
0.0009639561153753196372946509949
0.0009639561153753196372946509949
0.0009653318259602889206537480636
0.0009653318259602889206537480636
0.0009616484286650043269361961635
0.0009616484286650043269361961635
0.0009616484286650043269361961635
0.0009670062561557297718589023758
0.0009670062561557297718589023758
0.0009636650469633721535214964726
0.0009636650469633721535214964726
0.0009636650469633721535214964726
0.0009646814026915146519022126315
0.0009646814026915146519022126315
0.0009679651967862610449342290754
0.0009679651967862610449342290754
0.0009679651967862610449342290754
0.0009644680195408264677399045710
0.0009644680195408264677399045710
0.0009644680195408264677399045710
0.0009658749023030733059016095218
0.0009658749023030733059016095218
0.0009706992219580306708174257659
0.0009706992219580306708174257659
0.0009706992219580306708174257659
0.0009669658488809824004221412225
0.0009669658488809824004221412225
0.0009643160168929273797918467679
0.0009643160168929273797918467679
0.0009643160168929273797918467679
0.0009653525738763881586847342591
0.0009653525738763881586847342591
0.0009627669247110120884623181580
0.0009627669247110120884623181580
0.0009627669247110120884623181580
0.0009623285312339757581825022428
0.0009623285312339757581825022428
0.0009627303994086073151032881111
0.0009627303994086073151032881111
0.0009627303994086073151032881111
0.0009606021119717334142126880561
0.0009606021119717334142126880561
0.0009606021119717334142126880561
0.0009573687736625737606011116897
0.0009573687736625737606011116897
0.0009617103135517130728507131792
0.0009617103135517130728507131792
0.0009617103135517130728507131792
0.0009586631272984313363228853508
0.0009586631272984313363228853508
0.0009592083690007115044210203240
0.0009592083690007115044210203240
0.0009592083690007115044210203240
0.0009589164068620633083800139977
0.0009589164068620633083800139977
0.0009663080167657122610468779744
0.0009663080167657122610468779744
0.0009663080167657122610468779744
0.0009642248646137454228026557951
0.0009642248646137454228026557951
0.0009642248646137454228026557951
0.0009646851302043711594447140710
0.0009646851302043711594447140710
0.0009618541654235880647161174350
0.0009618541654235880647161174350
0.0009618541654235880647161174350
0.0009589530127184000153743117918
0.0009589530127184000153743117918
0.0009565287839868547978713029121
0.0009565287839868547978713029121
0.0009565287839868547978713029121
0.0009606056150815579278687963346
0.0009606056150815579278687963346
0.0009574085808433800271592627327
0.0009574085808433800271592627327
0.0009574085808433800271592627327
0.0009547098415682671211059531850
0.0009547098415682671211059531850
0.0009547098415682671211059531850
0.0009524040026301995431276458985
0.0009524040026301995431276458985
0.0009504706383990420418056797162
0.0009504706383990420418056797162
0.0009504706383990420418056797162
0.0009480568111714846412749762855
0.0009480568111714846412749762855
0.0009487413077656157154998180562
0.0009487413077656157154998180562
0.0009487413077656157154998180562
0.0009488191204205962800055796801
0.0009488191204205962800055796801
0.0009531714274883866470295554493
0.0009531714274883866470295554493
0.0009531714274883866470295554493
0.0009504017151658432679609116399
0.0009504017151658432679609116399
0.0009504017151658432679609116399
0.0009577052508968979871477055481
0.0009577052508968979871477055481
0.0009641945994645533373557436892
0.0009641945994645533373557436892
0.0009641945994645533373557436892
0.0009620372417577942493594008540
0.0009620372417577942493594008540
0.0009598654405953085875697028236
0.0009598654405953085875697028236
0.0009598654405953085875697028236
0.0009575965340323349234826005294
0.0009575965340323349234826005294
0.0009618832902626834063948032149
0.0009618832902626834063948032149
0.0009618832902626834063948032149
0.0009592621080797887527202515082
0.0009592621080797887527202515082
0.0009567930490537653502597580227
0.0009567930490537653502597580227
0.0009567930490537653502597580227
0.0009574328076507681319641069069
0.0009574328076507681319641069069
0.0009574328076507681319641069069
0.0009575243591146402754169993058
0.0009575243591146402754169993058
0.0009573232743135264351416096439
0.0009573232743135264351416096439
0.0009573232743135264351416096439
0.0009543859078771125690587189849
0.0009543859078771125690587189849
0.0009546663320623023536296494150
0.0009546663320623023536296494150
0.0009546663320623023536296494150
0.0009526932519412071351501107573
0.0009526932519412071351501107573
0.0009531000868483648711358912999
0.0009531000868483648711358912999
0.0009531000868483648711358912999
0.0009511048936683505847270954843
0.0009511048936683505847270954843
0.0009489794468922798461008677281
0.0009489794468922798461008677281
0.0009489794468922798461008677281
0.0009465737105961570461450009385
0.0009465737105961570461450009385
0.0009465737105961570461450009385
0.0009467796027616354046128485433
0.0009467796027616354046128485433
0.0009440042508753320958847894736
0.0009440042508753320958847894736
0.0009440042508753320958847894736
0.0009441430004972781987976098545
0.0009441430004972781987976098545
0.0009443716592792138364915865547
0.0009443716592792138364915865547
0.0009443716592792138364915865547
0.0009412980217298774920966570120
0.0009412980217298774920966570120
0.0009411174318693991288303215194
0.0009387204133777606786591059658
0.0009387204133777606786591059658
0.0009359013109396934507605410172
0.0009359013109396934507605410172
0.0009359013109396934507605410172
0.0009425178973461532457118011958
0.0009425178973461532457118011958
0.0009501024111777452606627379943
0.0009501024111777452606627379943
0.0009501024111777452606627379943
0.0009538792424993058874168373669
0.0009538792424993058874168373669
0.0009520603605542341012151428077
0.0009520603605542341012151428077
0.0009520603605542341012151428077
0.0009522619713379771579850576809
0.0009522619713379771579850576809
0.0009503646784124596654443088640
0.0009503646784124596654443088640
0.0009503646784124596654443088640
0.0009514662761167465557381796719
0.0009514662761167465557381796719
0.0009514662761167465557381796719
0.0009516691268557464170093477498
0.0009516691268557464170093477498
0.0009497122774574625247468075519
0.0009497122774574625247468075519
0.0009497122774574625247468075519
0.0009496477387733063560847196711
0.0009496477387733063560847196711
0.0009494707115340315492068417997
0.0009494707115340315492068417997
0.0009494707115340315492068417997
0.0009498435920221679324280711238
0.0009498435920221679324280711238
0.0009505339390140580529130078156
0.0009505339390140580529130078156
0.0009505339390140580529130078156
0.0009513158806964045647924475652
0.0009513158806964045647924475652
0.0009513158806964045647924475652
0.0009515993363259285924731304276
0.0009515993363259285924731304276
0.0009498125798429325222822183707
0.0009498125798429325222822183707
0.0009498125798429325222822183707
0.0009530514812639555829966022042
0.0009530514812639555829966022042
0.0009595267002711422772038978199
0.0009595267002711422772038978199
0.0009595267002711422772038978199
0.0009566469088332143183032428898
0.0009566469088332143183032428898
0.0009592264128313192249730895375
0.0009592264128313192249730895375
0.0009592264128313192249730895375
0.0009605806577843649194254224172
0.0009605806577843649194254224172
0.0009609303581214108150810518631
0.0009609303581214108150810518631
0.0009609303581214108150810518631
0.0009585111408905050368717641839
0.0009585111408905050368717641839
0.0009585111408905050368717641839
0.0009566048970764608033542459368
0.0009566048970764608033542459368
0.0009597599277167948755055477631
0.0009597599277167948755055477631
0.0009597599277167948755055477631
0.0009606901455206357661075372616
0.0009606901455206357661075372616
0.0009620444674681191672120256347
0.0009620444674681191672120256347
0.0009620444674681191672120256347
0.0009599283720156772381876565218
0.0009599283720156772381876565218
0.0009601486417200527949258692866
0.0009601486417200527949258692866
0.0009601486417200527949258692866
0.0009585399539704669139946472707
0.0009585399539704669139946472707
0.0009563384824992966381603887497
0.0009563384824992966381603887497
0.0009563384824992966381603887497
0.0009561522863106654095217173625
0.0009561522863106654095217173625
0.0009561522863106654095217173625
0.0009614205679987488761381520501
0.0009614205679987488761381520501
0.0009599664785864236371668664645
0.0009599664785864236371668664645
0.0009599664785864236371668664645
0.0009581140253646512136045600970
0.0009581140253646512136045600970
0.0009584955111450234652177460575
0.0009584955111450234652177460575
0.0009584955111450234652177460575
0.0009586692936732758281713307080
0.0009586692936732758281713307080
0.0009586692936732758281713307080
0.0009574349629992440389284364258
0.0009574349629992440389284364258
0.0009597149963596498625896351652
0.0009597149963596498625896351652
0.0009597149963596498625896351652
0.0009607272856780057010405484183
0.0009607272856780057010405484183
0.0009583552373187002224986791113
0.0009583552373187002224986791113
0.0009583552373187002224986791113
0.0009560430860741691562855633543
0.0009560430860741691562855633543
0.0009537054391949290292198113177
0.0009537054391949290292198113177
0.0009537054391949290292198113177
0.0009515115566198500072696478307
0.0009515115566198500072696478307
0.0009494999068887408353213817339
0.0009494999068887408353213817339
0.0009494999068887408353213817339
0.0009505842819258992548702384083
0.0009505842819258992548702384083
0.0009505842819258992548702384083
0.0009514964932975229393729043305
0.0009514964932975229393729043305
0.0009522509341940618121733558353
0.0009522509341940618121733558353
0.0009522509341940618121733558353
0.0009546606452284427484774964698
0.0009546606452284427484774964698
0.0009526643751530318573589401427
0.0009526643751530318573589401427
0.0009526643751530318573589401427
0.0009528121386359028560298121080
0.0009528121386359028560298121080
0.0009578099055702727023600064983
0.0009578099055702727023600064983
0.0009578099055702727023600064983
0.0009556205597932539892351862905
0.0009556205597932539892351862905
0.0009556205597932539892351862905
0.0009581189621665677003527670892
0.0009581189621665677003527670892
0.0009561457405991481120083505252
0.0009561457405991481120083505252
0.0009561457405991481120083505252
0.0009566323889198866065249705013
0.0009566323889198866065249705013
0.0009568469652361752826846032527
0.0009568469652361752826846032527
0.0009568469652361752826846032527
0.0009570076567363980471933067929
0.0009570076567363980471933067929
0.0009571923035914373934022259336
0.0009571923035914373934022259336
0.0009571923035914373934022259336
0.0009598039144971395184537394419
0.0009598039144971395184537394419
0.0009574029916390729944752017036
0.0009574029916390729944752017036
0.0009574029916390729944752017036
0.0009555733091077484978058231255
0.0009555733091077484978058231255
0.0009555733091077484978058231255
0.0009541080529129831957826792824
0.0009541080529129831957826792824
0.0009519469225051435140375744150
0.0009519469225051435140375744150
0.0009519469225051435140375744150
0.0009576701684332806143686479227
0.0009576701684332806143686479227
0.0009623450794970045002542159882
0.0009623450794970045002542159882
0.0009623450794970045002542159882
0.0009652156441969289777081647055
0.0009652156441969289777081647055
0.0009727189707587817385538282863
0.0009727189707587817385538282863
0.0009727189707587817385538282863
0.0009705552078398543563593029062
0.0009705552078398543563593029062
0.0009713140779596664458492055188
0.0009713140779596664458492055188
0.0009713140779596664458492055188
0.0009723642955273713201665435131
0.0009723642955273713201665435131
0.0009723642955273713201665435131
0.0009703202395811112370805833388
0.0009703202395811112370805833388
0.0009683536943801434539245669890
0.0009683536943801434539245669890
0.0009683536943801434539245669890
0.0009692233987440631966211505793
0.0009692233987440631966211505793
0.0009721856157158782480851917735
0.0009721856157158782480851917735
0.0009721856157158782480851917735
0.0009699271982121112742661247580
0.0009699271982121112742661247580
0.0009720714287176103416855042435
0.0009720714287176103416855042435
0.0009720714287176103416855042435
0.0009733315136490730095474546128
0.0009733315136490730095474546128
0.0009733315136490730095474546128
0.0009732519855816531010738194397
0.0009732519855816531010738194397
0.0009716566715275986615296031006
0.0009716566715275986615296031006
0.0009716566715275986615296031006
0.0009722387318050707426870864242
0.0009722387318050707426870864242
0.0009724404811717261516858867051
0.0009724404811717261516858867051
0.0009724404811717261516858867051
0.0009700795289741387667196337900
0.0009700795289741387667196337900
0.0009708784923409422994567738537
0.0009708784923409422994567738537
0.0009708784923409422994567738537
0.0009729989527179609663315909582
0.0009729989527179609663315909582
0.0009729989527179609663315909582
0.0009734396381341182194438979419
0.0009734396381341182194438979419
0.0009763077018891743949330669690
0.0009763077018891743949330669690
0.0009763077018891743949330669690
0.0009786774804649799458707043760
0.0009786774804649799458707043760
0.0009766492240335461969164979906
0.0009766492240335461969164979906
0.0009766492240335461969164979906
0.0009743611584222962369841196999
0.0009743611584222962369841196999
0.0009720869508183287359079694274
0.0009720869508183287359079694274
0.0009720869508183287359079694274
0.0009701422130575604642659481867
0.0009701422130575604642659481867
0.0009701422130575604642659481867
0.0009751548375731686383852329691
0.0009751548375731686383852329691
0.0009756334116769931927830160615
0.0009756334116769931927830160615
0.0009756334116769931927830160615
0.0009736509902763475788606984275
0.0009736509902763475788606984275
0.0009736794605558405776173281208
0.0009736794605558405776173281208
0.0009736794605558405776173281208
0.0009738900435931248000220979789
0.0009738900435931248000220979789
0.0009719538334906316067274579773
0.0009719538334906316067274579773
0.0009719538334906316067274579773
0.0009721943712757836574271162585
0.0009721943712757836574271162585
0.0009725686361127261224967636895
0.0009725686361127261224967636895
0.0009725686361127261224967636895
0.0009724098970800250479755380398
0.0009724098970800250479755380398
0.0009724098970800250479755380398
0.0009746427817202832900791861473
0.0009746427817202832900791861473
0.0009727386862723149258992089454
0.0009727386862723149258992089454
0.0009727386862723149258992089454
0.0009722579624484799375640439722
0.0009722579624484799375640439722
0.0009703012301417099716271149410
0.0009703012301417099716271149410
0.0009703012301417099716271149410
0.0009714691754113256628181022737
0.0009714691754113256628181022737
0.0009703690329865054613405470895
0.0009703690329865054613405470895
0.0009703690329865054613405470895
0.0009726728039544100263001415903
0.0009726728039544100263001415903
0.0009774363478533270459420582622
0.0009774363478533270459420582622
0.0009774363478533270459420582622
0.0009753426654298935202371597719
0.0009753426654298935202371597719
0.0009753426654298935202371597719
0.0009756374270064824306103793851
0.0009756374270064824306103793851
0.0009782675218048127026724289694
0.0009782675218048127026724289694
0.0009782675218048127026724289694
0.0009767524395715231774154986117
0.0009767524395715231774154986117
0.0009775782219945154799581720164
0.0009775782219945154799581720164
0.0009775782219945154799581720164
0.0009758843611351275526364509119
0.0009758843611351275526364509119
0.0009762592223540149415607357564
0.0009762592223540149415607357564
0.0009762592223540149415607357564
0.0009741310723839144532237761706
0.0009741310723839144532237761706
0.0009741310723839144532237761706
0.0009743228026883043014882632706
0.0009743228026883043014882632706
0.0009746491710397440290261699889
0.0009746491710397440290261699889
0.0009746491710397440290261699889
0.0009746142598585213096777674670
0.0009746142598585213096777674670
0.0009746680720077274504851252680
0.0009746680720077274504851252680
0.0009746680720077274504851252680
0.0009748991677621569786024141824
0.0009748991677621569786024141824
0.0009735170515342828408450573378
0.0009735170515342828408450573378
0.0009735170515342828408450573378
0.0009736013691098430066577845370
0.0009736013691098430066577845370
0.0009736013691098430066577845370
0.0009741274472384188603317767694
0.0009741274472384188603317767694
0.0009746758278308336675355685620
0.0009746758278308336675355685620
0.0009746758278308336675355685620
0.0009756566924606707701384344088
0.0009756566924606707701384344088
0.0009760923087579470314773675606
0.0009760923087579470314773675606
0.0009760923087579470314773675606
0.0009762365021025093256174754532
0.0009762365021025093256174754532
0.0009763132852446110173181881873
0.0009763132852446110173181881873
0.0009763132852446110173181881873
0.0009771328100332853436186547825
0.0009771328100332853436186547825
0.0009771328100332853436186547825
0.0009772748494150719924193256576
0.0009772748494150719924193256576
0.0009771888331495830346267681299
0.0009771888331495830346267681299
0.0009771888331495830346267681299
0.0009751537859461103099413747811
0.0009751537859461103099413747811
0.0009750527876776149507175345076
0.0009750527876776149507175345076
0.0009750527876776149507175345076
0.0009742879446673910991297985183
0.0009742879446673910991297985183
0.0009738439005754295176433946853
0.0009738439005754295176433946853
0.0009738439005754295176433946853
0.0009778572537600014047629514129
0.0009778572537600014047629514129
0.0009783148070255456212461779528
0.0009783148070255456212461779528
0.0009783148070255456212461779528
0.0009808056406222443686213341674
0.0009808056406222443686213341674
0.0009808056406222443686213341674
0.0009789443673776079597264748129
0.0009789443673776079597264748129
0.0009810899438414109099979252665
0.0009810899438414109099979252665
0.0009810899438414109099979252665
0.0009834295816342539347647146943
0.0009834295816342539347647146943
0.0009837297151203490527127754902
0.0009837297151203490527127754902
0.0009837297151203490527127754902
0.0009818380778939707184881255278
0.0009818380778939707184881255278
0.0009847545166692529543368511344
0.0009847545166692529543368511344
0.0009847545166692529543368511344
0.0009833362986367625613972903514
0.0009833362986367625613972903514
0.0009852989389051880457733812548
0.0009852989389051880457733812548
0.0009852989389051880457733812548
0.0009852308629071261593324377864
0.0009852308629071261593324377864
0.0009852308629071261593324377864
0.0009833536687318922988260761107
0.0009833536687318922988260761107
0.0009815267706228426212684093158
0.0009815267706228426212684093158
0.0009815267706228426212684093158
0.0009813969014214230395066204617
0.0009813969014214230395066204617
0.0009800931546773307625631203305
0.0009800931546773307625631203305
0.0009800931546773307625631203305
0.0009820466539062124252676504502
0.0009820466539062124252676504502
0.0009820466539062124252676504502
0.0009820525912529924441568519689
0.0009820525912529924441568519689
0.0009801277970448878937027366226
0.0009801277970448878937027366226
0.0009801277970448878937027366226
0.0009785611989100039656313262378
0.0009785611989100039656313262378
0.0009790317447169255731861106157
0.0009790317447169255731861106157
0.0009790317447169255731861106157
0.0009803514701001963831304833817
0.0009803514701001963831304833817
0.0009802938302154511953257749973
0.0009802938302154511953257749973
0.0009802938302154511953257749973
0.0009781875156695091093029127761
0.0009781875156695091093029127761
0.0009786000753507692781463396394
0.0009786000753507692781463396394
0.0009786000753507692781463396394
0.0009790429897639668318747021830
0.0009790429897639668318747021830
0.0009790429897639668318747021830
0.0009774955130921068220068455501
0.0009774955130921068220068455501
0.0009761710562418555617905986741
0.0009761710562418555617905986741
0.0009761710562418555617905986741
0.0009742664147617260358865906794
0.0009742664147617260358865906794
0.0009747903124473086621012618237
0.0009747903124473086621012618237
0.0009747903124473086621012618237
0.0009749640233644301950785450550
0.0009749640233644301950785450550
0.0009732078043734632575640723343
0.0009732078043734632575640723343
0.0009732078043734632575640723343
0.0009754295999063868343626250182
0.0009754295999063868343626250182
0.0009754295999063868343626250182
0.0009759313545701060157501485006
0.0009759313545701060157501485006
0.0009743918097179381179083509684
0.0009743918097179381179083509684
0.0009743918097179381179083509684
0.0009726513158533187479742206887
0.0009726513158533187479742206887
0.0009711408277824426422540735318
0.0009711408277824426422540735318
0.0009711408277824426422540735318
0.0009729984494484147843572483155
0.0009729984494484147843572483155
0.0009747259604185137227159651527
0.0009747259604185137227159651527
0.0009747259604185137227159651527
0.0009746105144706599154187691717
0.0009746105144706599154187691717
0.0009748417495926305093737400795
0.0009748417495926305093737400795
0.0009748417495926305093737400795
0.0009748117401364140444630392041
0.0009748117401364140444630392041
0.0009748117401364140444630392041
0.0009730230610435312593945779082
0.0009730230610435312593945779082
0.0009768334767292392412657792519
0.0009768334767292392412657792519
0.0009768334767292392412657792519
0.0009754609338199589990862285382
0.0009754609338199589990862285382
0.0009734975984742143090759283925
0.0009734975984742143090759283925
0.0009734975984742143090759283925
0.0009720875456533459772695268172
0.0009720875456533459772695268172
0.0009709038671362116635362374462
0.0009709038671362116635362374462
0.0009709038671362116635362374462
0.0009713284641344911610027108129
0.0009713284641344911610027108129
0.0009693105291810796477897553348
0.0009693105291810796477897553348
0.0009693105291810796477897553348
0.0009697301662134133611543021758
0.0009697301662134133611543021758
0.0009697301662134133611543021758
0.0009719162607159345062057825111
0.0009719162607159345062057825111
0.0009721121044482145237708148356
0.0009721121044482145237708148356
0.0009721121044482145237708148356
0.0009741182240277732802863068480
0.0009741182240277732802863068480
0.0009744399141391158701847483103
0.0009744399141391158701847483103
0.0009744399141391158701847483103
0.0009781902963383704989204481077
0.0009781902963383704989204481077
0.0009763887234842569136048954503
0.0009763887234842569136048954503
0.0009763887234842569136048954503
0.0009785473828219506192205478584
0.0009785473828219506192205478584
0.0009785473828219506192205478584
0.0009773228690551240912548518401
0.0009773228690551240912548518401
0.0009794048278310228747042805125
0.0009794048278310228747042805125
0.0009794048278310228747042805125
0.0009808521971667449243613481011
0.0009808521971667449243613481011
0.0009796644468525639580610750320
0.0009796644468525639580610750320
0.0009796644468525639580610750320
0.0009797401629470596245779153427
0.0009797401629470596245779153427
0.0009839504351515732863200612282
0.0009839504351515732863200612282
0.0009839504351515732863200612282
0.0009822101490447180443319924423
0.0009822101490447180443319924423
0.0009822101490447180443319924423
0.0009809375830752281676246975291
0.0009809375830752281676246975291
0.0009812201559531361765475840800
0.0009812201559531361765475840800
0.0009812201559531361765475840800
0.0009800630548321123426509694996
0.0009800630548321123426509694996
0.0009783309768730232791375867168
0.0009783309768730232791375867168
0.0009783309768730232791375867168
0.0009784762348920741488322289018
0.0009784762348920741488322289018
0.0009785813450664238157972079086
0.0009785813450664238157972079086
0.0009785813450664238157972079086
0.0009773289995443629764290902121
0.0009773289995443629764290902121
0.0009773289995443629764290902121
0.0009790719337199315157404396046
0.0009790719337199315157404396046
0.0009791891667963263580223557174
0.0009791891667963263580223557174
0.0009791891667963263580223557174
0.0009796020141933431255090775198
0.0009796020141933431255090775198
0.0009799545698713395219115964527
0.0009799545698713395219115964527
0.0009799545698713395219115964527
0.0009817451976676047849701394224
0.0009817451976676047849701394224
0.0009800118155030458287671225580
0.0009800118155030458287671225580
0.0009800118155030458287671225580
0.0009785497774987474864119340615
0.0009785497774987474864119340615
0.0009768456506643346641166623617
0.0009768456506643346641166623617
0.0009768456506643346641166623617
0.0009753732500231036101836999775
0.0009753732500231036101836999775
0.0009753732500231036101836999775
0.0009756045819058045352795320334
0.0009756045819058045352795320334
0.0009744908444735514513126255128
0.0009744908444735514513126255128
0.0009744908444735514513126255128
0.0009731528123383578726351154294
0.0009731528123383578726351154294
0.0009765293510552094642317870897
0.0009765293510552094642317870897
0.0009765293510552094642317870897
0.0009747828380242042494101799499
0.0009747828380242042494101799499
0.0009747348035643952062957587478
0.0009747348035643952062957587478
0.0009747348035643952062957587478
0.0009747322922266248688154570976
0.0009747322922266248688154570976
0.0009737383278931465922888678864
0.0009737383278931465922888678864
0.0009737383278931465922888678864
0.0009751590765468277607369927700
0.0009751590765468277607369927700
0.0009751590765468277607369927700
0.0009735421925550323633896242721
0.0009735421925550323633896242721
0.0009720353003085735868157788380
0.0009720353003085735868157788380
0.0009720353003085735868157788380
0.0009728911766904939835839728953
0.0009728911766904939835839728953
0.0009734928053867945988591928179
0.0009734928053867945988591928179
0.0009734928053867945988591928179
0.0009733174039498085886286062678
0.0009733174039498085886286062678
0.0009735536878704035319844706725
0.0009735536878704035319844706725
0.0009735536878704035319844706725
0.0009717603819905975143939585455
0.0009717603819905975143939585455
0.0009717603819905975143939585455
0.0009704084974535926139941732608
0.0009704084974535926139941732608
0.0009694379188548255839413328364
0.0009694379188548255839413328364
0.0009694379188548255839413328364
0.0009695073494119543726522478359
0.0009695073494119543726522478359
0.0009711541398175391952822338082
0.0009711541398175391952822338082
0.0009711541398175391952822338082
0.0009699292933864161585762710285
0.0009699292933864161585762710285
0.0009685609050926500150113488250
0.0009685609050926500150113488250
0.0009685609050926500150113488250
0.0009699915998837721227241760256
0.0009699915998837721227241760256
0.0009699915998837721227241760256
0.0009702215484576683320726144532
0.0009702215484576683320726144532
0.0009693657168643498254767364689
0.0009693657168643498254767364689
0.0009693657168643498254767364689
0.0009691369462051431317792276865
0.0009691369462051431317792276865
0.0009675334071730094787766782796
0.0009675334071730094787766782796
0.0009675334071730094787766782796
0.0009680457772701046128435339192
0.0009680457772701046128435339192
0.0009679075090292930028316795631
0.0009679075090292930028316795631
0.0009679075090292930028316795631
0.0009715306181033347442778236053
0.0009715306181033347442778236053
0.0009715306181033347442778236053
0.0009703751364170069408501402065
0.0009703751364170069408501402065
0.0009704555008134456791569343694
0.0009704555008134456791569343694
0.0009704555008134456791569343694
0.0009692789434056497379048779477
0.0009692789434056497379048779477
0.0009695728411387861184794374761
0.0009695728411387861184794374761
0.0009695728411387861184794374761
0.0009683250845600224402941576975
0.0009683250845600224402941576975
0.0009682691312732827679580498286
0.0009682691312732827679580498286
0.0009682691312732827679580498286
0.0009675123827263334532105909632
0.0009675123827263334532105909632
0.0009667133743541867502799400497
0.0009667133743541867502799400497
0.0009667133743541867502799400497
0.0009673091076677802876847116071
0.0009673091076677802876847116071
0.0009673091076677802876847116071
0.0009690931913471154286006361226
0.0009690931913471154286006361226
0.0009676982437822602655631337822
0.0009676982437822602655631337822
0.0009676982437822602655631337822
0.0009677816429994627696173305708
0.0009677816429994627696173305708
0.0009692980211074393614160588913
0.0009692980211074393614160588913
0.0009692980211074393614160588913
0.0009693035519411659448384110994
0.0009693035519411659448384110994
0.0009685873810125409655076827076
0.0009685873810125409655076827076
0.0009685873810125409655076827076
0.0009688516036986330445304138652
0.0009688516036986330445304138652
0.0009689022577171565409129999673
0.0009689022577171565409129999673
0.0009689022577171565409129999673
0.0009688879957231974108842214498
0.0009688879957231974108842214498
0.0009688879957231974108842214498
0.0009693344989877639525819504429
0.0009693344989877639525819504429
0.0009695078782238987757844369113
0.0009695078782238987757844369113
0.0009695078782238987757844369113
0.0009684014500630164714072207646
0.0009684014500630164714072207646
0.0009688678679319101562511970232
0.0009688678679319101562511970232
0.0009688678679319101562511970232
0.0009694391557996215777607911844
0.0009694391557996215777607911844
0.0009681995314149609513846246195
0.0009681995314149609513846246195
0.0009681995314149609513846246195
0.0009668346749784278762021564427
0.0009668346749784278762021564427
0.0009668346749784278762021564427
0.0009668409608061228389553895843
0.0009668409608061228389553895843
0.0009671377281169261695036446369
0.0009671377281169261695036446369
0.0009671377281169261695036446369
0.0009689885918688435250562766110
0.0009689885918688435250562766110
0.0009680475105393949207280874611
0.0009680475105393949207280874611
0.0009680475105393949207280874611
0.0009669712519212232476003938769
0.0009669712519212232476003938769
0.0009688274531853943515408688396
0.0009688274531853943515408688396
0.0009688274531853943515408688396
0.0009679153189736125792896221393
0.0009679153189736125792896221393
0.0009679153189736125792896221393
0.0009666484320997645923963961545
0.0009666484320997645923963961545
0.0009651298521186974328234994913
0.0009651298521186974328234994913
0.0009651298521186974328234994913
0.0009635317558052044933497049033
0.0009635317558052044933497049033
0.0009619221650072127522384830506
0.0009619221650072127522384830506
0.0009619221650072127522384830506
0.0009606282883195901198253989681
0.0009606282883195901198253989681
0.0009607903684721078591987116505
0.0009607903684721078591987116505
0.0009607903684721078591987116505
0.0009641641571444101258613151772
0.0009641641571444101258613151772
0.0009641641571444101258613151772
0.0009647764581522464069524982874
0.0009647764581522464069524982874
0.0009650890734477015032517090986
0.0009650890734477015032517090986
0.0009650890734477015032517090986
0.0009665757654385718738838300183
0.0009665757654385718738838300183
0.0009659136422361156524225516059
0.0009659136422361156524225516059
0.0009659136422361156524225516059
0.0009659822310266569924218692151
0.0009659822310266569924218692151
0.0009663253514090473944307437912
0.0009663253514090473944307437912
0.0009663253514090473944307437912
0.0009667641551749979131890098581
0.0009667641551749979131890098581
0.0009685851073186274176979557319
0.0009685851073186274176979557319
0.0009685851073186274176979557319
0.0009702144295478499056347659632
0.0009702144295478499056347659632
0.0009702144295478499056347659632
0.0009716154903459436309118247627
0.0009716154903459436309118247627
0.0009702827723970360792450189214
0.0009702827723970360792450189214
0.0009702827723970360792450189214
0.0009705122487131308313102387088
0.0009705122487131308313102387088
0.0009705135246718760207955167676
0.0009705135246718760207955167676
0.0009705135246718760207955167676
0.0009735990854200107505268349213
0.0009735990854200107505268349213
0.0009735698897402576784782818920
0.0009735698897402576784782818920
0.0009735698897402576784782818920
0.0009739811286437460342825579493
0.0009739811286437460342825579493
0.0009741454617612785666073910123
0.0009741454617612785666073910123
0.0009741454617612785666073910123
0.0009786916740228998544644291273
0.0009786916740228998544644291273
0.0009786916740228998544644291273
0.0009786579789439718079777763586
0.0009786579789439718079777763586
0.0009800941932934056749643346876
0.0009800941932934056749643346876
0.0009800941932934056749643346876
0.0009817163673534422557199870398
0.0009817163673534422557199870398
0.0009804096128108957672801098286
0.0009804096128108957672801098286
0.0009804096128108957672801098286
0.0009793517762694149829135210248
0.0009793517762694149829135210248
0.0009797103160164080544082595520
0.0009797103160164080544082595520
0.0009797103160164080544082595520
0.0009782777313297524129110909430
0.0009782777313297524129110909430
0.0009782777313297524129110909430
0.0009770338063659832996543050419
0.0009770338063659832996543050419
0.0009773392291829340358199918186
0.0009773392291829340358199918186
0.0009773392291829340358199918186
0.0009760803403706510647892606236
0.0009760803403706510647892606236
0.0009776789373705331473993737907
0.0009776789373705331473993737907
0.0009776789373705331473993737907
0.0009809724192649679254426227202
0.0009809724192649679254426227202
0.0009802053529616380908580183030
0.0009802053529616380908580183030
0.0009802053529616380908580183030
0.0009815511061449832349371759483
0.0009815511061449832349371759483
0.0009815511061449832349371759483
0.0009815547384314285016353434923
0.0009815547384314285016353434923
0.0009802748902839130833726146166
0.0009802748902839130833726146166
0.0009802748902839130833726146166
0.0009793571421553908338759204151
0.0009793571421553908338759204151
0.0009780167194892801159431173646
0.0009780167194892801159431173646
0.0009780167194892801159431173646
0.0009767301944870557574286602691
0.0009767301944870557574286602691
0.0009767930029401042682721123219
0.0009767930029401042682721123219
0.0009767930029401042682721123219
0.0009769377363592705429832502775
0.0009769377363592705429832502775
0.0009769377363592705429832502775
0.0009756045914182225326776900733
0.0009756045914182225326776900733
0.0009762519350144648109879182425
0.0009762519350144648109879182425
0.0009762519350144648109879182425
0.0009760187381508634599729140943
0.0009760187381508634599729140943
0.0009767714692655984662683830293
0.0009767714692655984662683830293
0.0009767714692655984662683830293
0.0009770420222318543590832448321
0.0009770420222318543590832448321
0.0009757247107386515965313005421
0.0009757247107386515965313005421
0.0009757247107386515965313005421
0.0009749629537581805554510314950
0.0009749629537581805554510314950
0.0009777707415522693325495251281
0.0009777707415522693325495251281
0.0009777707415522693325495251281
0.0009767011405302908438909564521
0.0009767011405302908438909564521
0.0009767011405302908438909564521
0.0009783214695092266145521130796
0.0009783214695092266145521130796
0.0009783168012933673362431631988
0.0009783168012933673362431631988
0.0009783168012933673362431631988
0.0009770284923775665264630079438
0.0009770284923775665264630079438
0.0009770850702495948011166731570
0.0009770850702495948011166731570
0.0009770850702495948011166731570
0.0009760980471628886998702718568
0.0009760980471628886998702718568
0.0009749982505327098222845982668
0.0009749982505327098222845982668
0.0009749982505327098222845982668
0.0009750290060723355704283816892
0.0009750290060723355704283816892
0.0009740327288684545120375288488
0.0009740327288684545120375288488
0.0009740327288684545120375288488
0.0009754459889044006765996501362
0.0009754459889044006765996501362
0.0009754459889044006765996501362
0.0009772919293213645403769977760
0.0009772919293213645403769977760
0.0009771838723430375268769064366
0.0009771838723430375268769064366
0.0009771838723430375268769064366
0.0009786069877698252280459541555
0.0009786069877698252280459541555
0.0009786166292298908913949758389
0.0009786166292298908913949758389
0.0009786166292298908913949758389
0.0009785192558351695689955567902
0.0009785192558351695689955567902
0.0009785192558351695689955567902
0.0009773536097818761233177702591
0.0009773536097818761233177702591
0.0009774545016863058422409006730
0.0009774545016863058422409006730
0.0009774545016863058422409006730
0.0009765081718745098945077113904
0.0009765081718745098945077113904
0.0009751516852530852858705378462
0.0009751516852530852858705378462
0.0009751516852530852858705378462
0.0009752881170672135925041570311
0.0009752881170672135925041570311
0.0009781105473805178643825756729
0.0009781105473805178643825756729
0.0009781105473805178643825756729
0.0009783356155844346371020597302
0.0009783356155844346371020597302
0.0009784518412739932765579191414
0.0009784518412739932765579191414
0.0009784518412739932765579191414
0.0009801354157329122013528081727
0.0009801354157329122013528081727
0.0009801354157329122013528081727
0.0009801252593222103709807016143
0.0009801252593222103709807016143
0.0009829089902040914369642118147
0.0009829089902040914369642118147
0.0009829089902040914369642118147
0.0009841760300959959550188542456
0.0009841760300959959550188542456
0.0009830690051766055870443604670
0.0009830690051766055870443604670
0.0009830690051766055870443604670
0.0009818850287832727364737238907
0.0009818850287832727364737238907
0.0009819305970771825876767195574
0.0009819305970771825876767195574
0.0009819305970771825876767195574
0.0009821308278713953068804144239
0.0009821308278713953068804144239
0.0009821308278713953068804144239
0.0009822536781393798652268072921
0.0009822536781393798652268072921
0.0009809173771976463179671476684
0.0009809173771976463179671476684
0.0009809173771976463179671476684
0.0009797435989957563636210958850
0.0009797435989957563636210958850
0.0009787302395135572291432569030
0.0009787302395135572291432569030
0.0009787302395135572291432569030
0.0009775594331757965749134557960
0.0009775594331757965749134557960
0.0009778363927544625298883685763
0.0009778363927544625298883685763
0.0009778363927544625298883685763
0.0009772704905462976011047425415
0.0009772704905462976011047425415
0.0009764849379961157887860511931
0.0009764849379961157887860511931
0.0009764849379961157887860511931
0.0009752421508831952056918625949
0.0009752421508831952056918625949
0.0009752421508831952056918625949
0.0009743070187217370869810576412
0.0009743070187217370869810576412
0.0009741921281545452074281675824
0.0009741921281545452074281675824
0.0009741921281545452074281675824
0.0009746777590922632736461290744
0.0009746777590922632736461290744
0.0009749775484551954294516905750
0.0009749775484551954294516905750
0.0009749775484551954294516905750
0.0009738260676139459578587273702
0.0009738260676139459578587273702
0.0009738536744984262312159699391
0.0009738536744984262312159699391
0.0009738536744984262312159699391
0.0009726089987214748955352808695
0.0009726089987214748955352808695
0.0009725032358817210932015457936
0.0009725032358817210932015457936
0.0009725032358817210932015457936
0.0009714973538851280120884643450
0.0009714973538851280120884643450
0.0009714973538851280120884643450
0.0009712806238460632325082462747
0.0009712806238460632325082462747
0.0009701614519309197166416538059
0.0009701614519309197166416538059
0.0009701614519309197166416538059
0.0009705676904157711615505528916
0.0009705676904157711615505528916
0.0009692521387509013947399982147
0.0009692521387509013947399982147
0.0009692521387509013947399982147
0.0009693844856033489204542309052
0.0009693844856033489204542309052
0.0009693089505695981855271248781
0.0009707884135570933080434824326
0.0009707884135570933080434824326
0.0009709129933426871079787814596
0.0009709129933426871079787814596
0.0009709129933426871079787814596
0.0009699067986752155380076774909
0.0009699067986752155380076774909
0.0009703247779570266965847423261
0.0009703247779570266965847423261
0.0009703247779570266965847423261
0.0009692756869137104116179814542
0.0009692756869137104116179814542
0.0009679655245414557314114108628
0.0009679655245414557314114108628
0.0009679655245414557314114108628
0.0009671174157903977261203740530
0.0009671174157903977261203740530
0.0009659735256787105292008150465
0.0009659735256787105292008150465
0.0009659735256787105292008150465
0.0009685366325651743625049770680
0.0009685366325651743625049770680
0.0009685366325651743625049770680
0.0009686277732011549677951046838
0.0009686277732011549677951046838
0.0009675257290635830141502384052
0.0009675257290635830141502384052
0.0009675257290635830141502384052
0.0009663036376588473942897925461
0.0009663036376588473942897925461
0.0009653651498733304576020043431
0.0009653651498733304576020043431
0.0009653651498733304576020043431
0.0009653628646079934796411080557
0.0009653628646079934796411080557
0.0009656498027117900851871615030
0.0009656498027117900851871615030
0.0009656498027117900851871615030
0.0009658174726721026019028631857
0.0009658174726721026019028631857
0.0009658174726721026019028631857
0.0009645454303030221299773044155
0.0009645454303030221299773044155
0.0009637269318845743969439771583
0.0009637269318845743969439771583
0.0009637269318845743969439771583
0.0009662875262589105110484976116
0.0009662875262589105110484976116
0.0009667176452095056151732323015
0.0009667176452095056151732323015
0.0009667176452095056151732323015
0.0009681496259608606046548466703
0.0009681496259608606046548466703
0.0009696361071144147221594595966
0.0009696361071144147221594595966
0.0009696361071144147221594595966
0.0009698632775453329160812174711
0.0009698632775453329160812174711
0.0009725586669936708589359860211
0.0009725586669936708589359860211
0.0009725586669936708589359860211
0.0009737440750708923694665620914
0.0009737440750708923694665620914
0.0009737440750708923694665620914
0.0009751591345758799096977300422
0.0009751591345758799096977300422
0.0009752768756026564096984410088
0.0009752768756026564096984410088
0.0009752768756026564096984410088
0.0009743101388865104585775914653
0.0009743101388865104585775914653
0.0009732846423520237006637318118
0.0009732846423520237006637318118
0.0009732846423520237006637318118
0.0009723617007784674071834379375
0.0009723617007784674071834379375
0.0009714313912308755659881999264
0.0009714313912308755659881999264
0.0009714313912308755659881999264
0.0009718327545677607496585065229
0.0009718327545677607496585065229
0.0009731212093419523873433947744
0.0009731212093419523873433947744
0.0009731212093419523873433947744
0.0009744413473651266334027610195
0.0009744413473651266334027610195
0.0009744413473651266334027610195
0.0009748444256109344468108061149
0.0009748444256109344468108061149
0.0009737425026921381732915350120
0.0009737425026921381732915350120
0.0009737425026921381732915350120
0.0009739614058778985485364178425
0.0009739614058778985485364178425
0.0009727881719680083098979777805
0.0009727881719680083098979777805
0.0009727881719680083098979777805
0.0009721374351306283928716160676
0.0009721374351306283928716160676
0.0009708827765924095923682631743
0.0009708827765924095923682631743
0.0009708827765924095923682631743
0.0009698706131398240030096405720
0.0009698706131398240030096405720
0.0009698706131398240030096405720
0.0009691762973547665681741854713
0.0009691762973547665681741854713
0.0009691775788688583472229983561
0.0009691775788688583472229983561
0.0009691775788688583472229983561
0.0009692223560133314918768433743
0.0009692223560133314918768433743
0.0009680163231566641574616223982
0.0009680163231566641574616223982
0.0009680163231566641574616223982
0.0009692452262515683017805610882
0.0009692452262515683017805610882
0.0009706908773890833797885255580
0.0009706908773890833797885255580
0.0009706908773890833797885255580
0.0009710003647489311465082823212
0.0009710003647489311465082823212
0.0009710003647489311465082823212
0.0009700393376862359884853274272
0.0009700393376862359884853274272
0.0009693840997862730255899668746
0.0009693840997862730255899668746
0.0009693840997862730255899668746
0.0009687119420973744419640101134
0.0009687119420973744419640101134
0.0009675587192391297755004537011
0.0009675587192391297755004537011
0.0009675587192391297755004537011
0.0009677094832698192651200010412
0.0009677094832698192651200010412
0.0009691359133500004779686294982
0.0009691359133500004779686294982
0.0009691359133500004779686294982
0.0009693509389517268124900039339
0.0009693509389517268124900039339
0.0009693509389517268124900039339
0.0009682850385910008376508464483
0.0009682850385910008376508464483
0.0009670341331120133323356098788
0.0009670341331120133323356098788
0.0009670341331120133323356098788
0.0009671621069049743256627928380
0.0009671621069049743256627928380
0.0009665764358523008438748357509
0.0009665764358523008438748357509
0.0009665764358523008438748357509
0.0009667937140290658496208938188
0.0009667937140290658496208938188
0.0009659358772420388254162021386
0.0009659358772420388254162021386
0.0009659358772420388254162021386
0.0009659583244452979593933447764
0.0009659583244452979593933447764
0.0009654212407965562628722265877
0.0009654212407965562628722265877
0.0009654212407965562628722265877
0.0009646681095390658962953968813
0.0009646681095390658962953968813
0.0009646681095390658962953968813
0.0009637791454365746130009944759
0.0009637791454365746130009944759
0.0009641681407900799287361416083
0.0009641681407900799287361416083
0.0009641681407900799287361416083
0.0009631891983290748530171982996
0.0009631891983290748530171982996
0.0009634491253305833296951443195
0.0009634491253305833296951443195
0.0009634491253305833296951443195
0.0009632593868464881341742495169
0.0009632593868464881341742495169
0.0009645896073628686991384862202
0.0009645896073628686991384862202
0.0009645896073628686991384862202
0.0009634819549364887735601124964
0.0009634819549364887735601124964
0.0009623711247830184616734593491
0.0009623711247830184616734593491
0.0009623711247830184616734593491
0.0009627640048837680727552259949
0.0009627640048837680727552259949
0.0009627640048837680727552259949
0.0009631352607662944995558156303
0.0009631352607662944995558156303
0.0009624946126818111291611750296
0.0009624946126818111291611750296
0.0009624946126818111291611750296
0.0009614128497020477931268590183
0.0009614128497020477931268590183
0.0009616944920263029753173084023
0.0009616944920263029753173084023
0.0009616944920263029753173084023
0.0009618317242653856670090616797
0.0009618317242653856670090616797
0.0009618317242653856670090616797
0.0009608096085944689881766817036
0.0009608096085944689881766817036
0.0009597488575998483621580165795
0.0009597488575998483621580165795
0.0009597488575998483621580165795
0.0009600962864723463374458871937
0.0009600962864723463374458871937
0.0009601327575268949499091104589
0.0009601327575268949499091104589
0.0009601327575268949499091104589
0.0009600298977527940173659383138
0.0009600298977527940173659383138
0.0009599920983033069867387560878
0.0009599920983033069867387560878
0.0009599920983033069867387560878
0.0009589010663465339808582364195
0.0009589010663465339808582364195
0.0009578075047350955003125832536
0.0009578075047350955003125832536
0.0009578075047350955003125832536
0.0009577813745064582280498295661
0.0009577813745064582280498295661
0.0009577813745064582280498295661
0.0009577329219260534121348328914
0.0009577329219260534121348328914
0.0009588995059937398678185840160
0.0009588995059937398678185840160
0.0009588995059937398678185840160
0.0009577616659442338294289855604
0.0009577616659442338294289855604
0.0009579987060879883835315320397
0.0009579987060879883835315320397
0.0009579987060879883835315320397
0.0009569581712220578368721908239
0.0009569581712220578368721908239
0.0009569826612834732517511681929
0.0009569826612834732517511681929
0.0009569826612834732517511681929
0.0009560557887887450096286343566
0.0009560557887887450096286343566
0.0009560557887887450096286343566
0.0009549988881214962723210949266
0.0009549988881214962723210949266
0.0009549402358676402999229685804
0.0009549402358676402999229685804
0.0009549402358676402999229685804
0.0009553973963328067350106671776
0.0009553973963328067350106671776
0.0009543840728445963404734190858
0.0009543840728445963404734190858
0.0009543840728445963404734190858
0.0009546512577418578507087267676
0.0009546512577418578507087267676
0.0009539532140283031783067392976
0.0009539532140283031783067392976
0.0009539532140283031783067392976
0.0009540046880050701579477707432
0.0009540046880050701579477707432
0.0009540897911816354719084058959
0.0009540897911816354719084058959
0.0009540897911816354719084058959
0.0009530694837990394679943298376
0.0009530694837990394679943298376
0.0009530694837990394679943298376
0.0009519886869170876789747738792
0.0009519886869170876789747738792
0.0009523260824403464681607402013
0.0009523260824403464681607402013
0.0009523260824403464681607402013
0.0009525624346604469837405149216
0.0009525624346604469837405149216
0.0009530163799381385033253880655
0.0009530163799381385033253880655
0.0009530163799381385033253880655
0.0009541602860331472777646711815
0.0009541602860331472777646711815
0.0009545006679752907430108071727
0.0009545006679752907430108071727
0.0009545006679752907430108071727
0.0009555633988670485380350918457
0.0009555633988670485380350918457
0.0009558299982537884062367832018
0.0009558299982537884062367832018
0.0009558299982537884062367832018
0.0009570548396956363890175972125
0.0009570548396956363890175972125
0.0009570548396956363890175972125
0.0009584568691595763160839490682
0.0009584568691595763160839490682
0.0009577765117108324913912931710
0.0009577765117108324913912931710
0.0009577765117108324913912931710
0.0009586275605301324371452976099
0.0009586275605301324371452976099
0.0009587214411753893664134363470
0.0009587214411753893664134363470
0.0009587214411753893664134363470
0.0009580844105943841705013834134
0.0009580844105943841705013834134
0.0009580844105943841705013834134
0.0009592371309778001847553484511
0.0009592371309778001847553484511
0.0009585633615181659204924603931
0.0009585633615181659204924603931
0.0009585633615181659204924603931
0.0009576074246387005366168045569
0.0009576074246387005366168045569
0.0009567872975967539132490070291
0.0009567872975967539132490070291
0.0009567872975967539132490070291
0.0009559300674844722659380444968
0.0009559300674844722659380444968
0.0009569982926898362556829195467
0.0009569982926898362556829195467
0.0009569982926898362556829195467
0.0009593572622455833803161500925
0.0009593572622455833803161500925
0.0009595570739138821522433984936
0.0009595570739138821522433984936
0.0009595570739138821522433984936
0.0009584797782346162987185983537
0.0009584797782346162987185983537
0.0009584797782346162987185983537
0.0009606910341473036102632354652
0.0009606910341473036102632354652
0.0009609466563223425561170378083
0.0009609466563223425561170378083
0.0009609466563223425561170378083
0.0009602536139601787100282196936
0.0009602536139601787100282196936
0.0009594972299765712111639442325
0.0009594972299765712111639442325
0.0009594972299765712111639442325
0.0009616005005386678082105474476
0.0009616005005386678082105474476
0.0009606548284584220032381134290
0.0009606548284584220032381134290
0.0009606548284584220032381134290
0.0009609210335335459314933279818
0.0009609210335335459314933279818
0.0009609210335335459314933279818
