0.7078027338680220651453962292
0.7078027338680220651453962292
0.7826112082366941563135657165
0.7826112082366941563135657165
0.7826112082366941563135657165
0.6793729264412432841403224121
0.6793729264412432841403224121
0.6276286756139057046047278627
0.6276286756139057046047278627
0.6276286756139057046047278627
0.6596489672838111704546961698
0.6596489672838111704546961698
0.6275829141858091286628146900
0.6275829141858091286628146900
0.6275829141858091286628146900
0.5891428060299621734405618329
0.5891428060299621734405618329
0.5693242948664464089915619762
0.5693242948664464089915619762
0.5693242948664464089915619762
0.5969785612810102195657635185
0.5969785612810102195657635185
0.5969785612810102195657635185
0.5984245497848802857328638237
0.5984245497848802857328638237
0.5694595786227432847238697964
0.5694595786227432847238697964
0.5694595786227432847238697964
0.5823800364262134022374329767
0.5823800364262134022374329767
0.5890439436614690899541679567
0.5890439436614690899541679567
0.5890439436614690899541679567
0.5998558197152704167594640458
0.5998558197152704167594640458
0.5745441623718622696189745683
0.5745441623718622696189745683
0.5745441623718622696189745683
0.5775907147104901935276817587
0.5775907147104901935276817587
0.5924815517466968718786368368
0.5924815517466968718786368368
0.5924815517466968718786368368
0.6031398367042052394300668262
0.6031398367042052394300668262
0.6031398367042052394300668262
0.6036764012089321892246315063
0.6036764012089321892246315063
0.6042026118663628395505582791
0.6042026118663628395505582791
0.6042026118663628395505582791
0.6367120653528657506814072832
0.6367120653528657506814072832
0.6285685900257908495808030556
0.6285685900257908495808030556
0.6285685900257908495808030556
0.6215544033241864061561981105
0.6215544033241864061561981105
0.6147941085950294556851741383
0.6147941085950294556851741383
0.6147941085950294556851741383
0.6056090299913718789193758785
0.6056090299913718789193758785
0.6056090299913718789193758785
0.6040459330029243235029696903
0.6040459330029243235029696903
0.6059646763820435237865651873
0.6059646763820435237865651873
0.6059646763820435237865651873
0.6153141839908255641090938342
0.6153141839908255641090938342
0.6222768172158720290363026933
0.6222768172158720290363026933
0.6222768172158720290363026933
0.6236990764814423607402253130
0.6236990764814423607402253130
0.6303460580023737395257326433
0.6303460580023737395257326433
0.6303460580023737395257326433
0.6229534133315607941979994918
0.6229534133315607941979994918
0.6229534133315607941979994918
0.6311070670189801228149818948
0.6311070670189801228149818948
0.6295702246044266702676749941
0.6295702246044266702676749941
0.6295702246044266702676749941
0.6270179845866729043745377435
0.6270179845866729043745377435
0.6155749090569959058517612110
0.6155749090569959058517612110
0.6155749090569959058517612110
0.6158871931610938672535894955
0.6158871931610938672535894955
0.6058915141090901580704231231
0.6058915141090901580704231231
0.6058915141090901580704231231
0.6016223530300215760612851678
0.6016223530300215760612851678
0.6016223530300215760612851678
0.6001402336205532294190597059
0.6001402336205532294190597059
0.5994569372409331451380438479
0.5994569372409331451380438479
0.5994569372409331451380438479
0.5926124236651434094334114127
0.5926124236651434094334114127
0.5919538182300709414798819213
0.5919538182300709414798819213
0.5919538182300709414798819213
0.5905853458849273771976705545
0.5905853458849273771976705545
0.5908754053505612548418409490
0.5908754053505612548418409490
0.5908754053505612548418409490
0.5936862396402197647969956123
0.5936862396402197647969956123
0.5925488027644696978268544997
0.5925488027644696978268544997
0.5925488027644696978268544997
0.6060916156332948285437186684
0.6060916156332948285437186684
0.6060916156332948285437186684
0.6010030070941616855239608249
0.6010030070941616855239608249
0.5955047725743614535431583463
0.5955047725743614535431583463
0.5955047725743614535431583463
0.5994941716476463892191699354
0.5994941716476463892191699354
0.6055548812907263264451240914
0.6055548812907263264451240914
0.6055548812907263264451240914
0.6025073351818151060627892333
0.6025073351818151060627892333
0.6011084450723226734343844164
0.6011084450723226734343844164
0.6011084450723226734343844164
0.5951369796058667391819962753
0.5951369796058667391819962753
0.5942040680199513592494129754
0.5942040680199513592494129754
0.5942040680199513592494129754
0.5983115692176550786665578384
0.5983115692176550786665578384
0.5983115692176550786665578384
0.6017057246238370249918080125
0.6017057246238370249918080125
0.5945560605261252676418597770
0.5945560605261252676418597770
0.5945560605261252676418597770
0.5892662350477279239631821548
0.5892662350477279239631821548
0.5886133624466903510860516301
0.5886133624466903510860516301
0.5886133624466903510860516301
0.5846541155261960306395523616
0.5846541155261960306395523616
0.5846541155261960306395523616
0.5884867337324218651492991266
0.5884867337324218651492991266
0.5910597130564756202785592966
0.5910597130564756202785592966
0.5910597130564756202785592966
0.5959299526769032794397129541
0.5959299526769032794397129541
0.5936701963642980222060033624
0.5936701963642980222060033624
0.5936701963642980222060033624
0.6007869341659500357406135526
0.6007869341659500357406135526
0.5999580177147486171245368331
0.5999580177147486171245368331
0.5999580177147486171245368331
0.6001483146883554577243134193
0.6001483146883554577243134193
0.6005117537337082688479838537
0.6005117537337082688479838537
0.6005117537337082688479838537
0.6010516877321129522233840984
0.6010516877321129522233840984
0.6010516877321129522233840984
0.5991178517016673547302899718
0.5991178517016673547302899718
0.5972986571420028129174976284
0.5972986571420028129174976284
0.5972986571420028129174976284
0.5942429000591956856380482693
0.5942429000591956856380482693
0.5922283719396761742592242555
0.5922283719396761742592242555
0.5922283719396761742592242555
0.5905260077931277475338843347
0.5905260077931277475338843347
0.5887728277197956999983534256
0.5887728277197956999983534256
0.5887728277197956999983534256
0.5925995969042389795951729788
0.5925995969042389795951729788
0.5925995969042389795951729788
0.5909482794479852129103039607
0.5909482794479852129103039607
0.5926184780840061112385298455
0.5926184780840061112385298455
0.5926184780840061112385298455
0.5953563465366462183110476457
0.5953563465366462183110476457
0.5926805825976582240026054274
0.5926805825976582240026054274
0.5926805825976582240026054274
0.5958512458031239481187588427
0.5958512458031239481187588427
0.5962538341135919524918338152
0.5962538341135919524918338152
0.5962538341135919524918338152
0.5972390588607723376630502446
0.5972390588607723376630502446
0.5946836257999402981894588429
0.5946836257999402981894588429
0.5946836257999402981894588429
0.5931986582872669499136721608
0.5931986582872669499136721608
0.5931986582872669499136721608
0.5916225920611548986532654349
0.5916225920611548986532654349
0.5939478589256799285101800464
0.5939478589256799285101800464
0.5939478589256799285101800464
0.5903184040195932006587428305
0.5903184040195932006587428305
0.5899326820177848968913055964
0.5899326820177848968913055964
0.5899326820177848968913055964
0.5912226650777263676525690326
0.5912226650777263676525690326
0.5912055271270844765380303310
0.5912055271270844765380303310
0.5912055271270844765380303310
0.5904911602379811128464169824
0.5904911602379811128464169824
0.5926197894373809737856891750
0.5926197894373809737856891750
0.5926197894373809737856891750
0.5956301901694533147086381885
0.5956301901694533147086381885
0.5956301901694533147086381885
0.5945375218980439275875126877
0.5945375218980439275875126877
0.5904280611361714780592948556
0.5904280611361714780592948556
0.5904280611361714780592948556
0.5907440231799474493322316917
0.5907440231799474493322316917
0.5884501108932427922830321321
0.5884501108932427922830321321
0.5884501108932427922830321321
0.5887595395433547617008734981
0.5887595395433547617008734981
0.5887595395433547617008734981
0.5873923970614653593356426101
0.5873923970614653593356426101
0.5861970623862603432793001993
0.5861970623862603432793001993
0.5861970623862603432793001993
0.5850183704541556297808478265
0.5850183704541556297808478265
0.5847229119966961259925396153
0.5847229119966961259925396153
0.5847229119966961259925396153
0.5902419859282559121917392772
0.5902419859282559121917392772
0.5897644040367857287744223829
0.5897644040367857287744223829
0.5897644040367857287744223829
0.5900923537465233139008826280
0.5900923537465233139008826280
0.5914281031801163665803572631
0.5914281031801163665803572631
0.5914281031801163665803572631
0.5901123544903329971063474075
0.5901123544903329971063474075
0.5901123544903329971063474075
0.5906612719656530416608818606
0.5906612719656530416608818606
0.5901990741718277239819426063
0.5901990741718277239819426063
0.5901990741718277239819426063
0.5888760117687773640769099171
0.5888760117687773640769099171
0.5901142742667407838103025760
0.5901142742667407838103025760
0.5901142742667407838103025760
0.5895767466700225041196601480
0.5895767466700225041196601480
0.5898765088706445969492701207
0.5898765088706445969492701207
0.5898765088706445969492701207
0.5917560421233667749502616560
0.5917560421233667749502616560
0.5917560421233667749502616560
