1.584991588929315228668507654E-7
0.00007249737253639311306651272491
0.00005653832362103223325591719259
0.00004139239832278173579813270093
0.00003400088499034971397513183177
0.00002936208181029945118253270369
0.00002631286106773137147071726178
0.00002420244336007057674064939258
0.00003105329798446186207948553730
0.00002858204300985768304799550575
0.00002692679360232814380627793959
0.00002565366468843939497178924304
0.00002451044683094465614238331173
0.00002622757614463085411892592905
0.00002987236445578829703818295039
0.00002859847280747489279963368851
0.00002743694670450914206577219598
0.00002652052845912060976754159622
0.00002564708527005671661760131495
0.00002491600953471690765910885836
0.00002423692600376384976579792974
0.00002643905672626077938431718179
0.00002576143283177326283693953741
0.00002511721237574766610442167048
0.00002606926325726827076724237501
0.00002668997193675853034728544237
0.00002746436891481396729769879121
0.00002691087786632796642178020521
0.00002754297870474515484816503541
0.00002699726442892745736032123683
0.00002648846958453340631101466801
0.00002597416854415977077013725970
0.00002657736019012813961256727406
0.00002611420196867432003020725426
0.00002658641252165494796174935136
0.00002781775780009380128821783682
0.00002735427992170410107263751520
0.00002768611194498952801242163002
0.00002724010463283275465712696354
0.00002680198996467612162384710218
0.00002803468261317592490745324936
0.00002763792884229900080848866096
0.00002725114320696144774187422949
