1.542965292631228940306986548E-7
0.00002229778326016777726347798242
0.00003062102964147096677674417697
0.00003821308279185291139347653756
0.00004124636048583624217574081510
0.00004677179094792958176417852931
0.00004272546326034761861345111145
0.00004030848526017479563046137438
0.00003882717522941541749560818339
0.00004644284185969226838710535089
0.00004754779195042980523694581839
0.00004523420911537216584004207872
0.00004571739526951628039706809116
0.00004464371000100685567282770318
0.00004343306097689016639672110172
0.00004395638955966343464285563092
0.00004426283068955915143625692032
0.00004369796189957052609680390129
0.00004433462368078690718372137247
0.00004394619341659591188511559925
0.00004396891430347038316531809066
0.00004419035856786925789600039529
0.00004380496519624364924058368430
0.00004292953884781470107301225708
0.00004391824308863771528676335558
0.00004307040691271061157194020229
0.00004334997720812862666539847820
0.00004328078441958451929316281452
0.00004390941084167618628515691165
0.00004331310359037512809006383657
0.00004361823250061086884400679169
0.00004398320016024628652141124336
0.00004326088203330056989680770324
0.00004353132647387483433503791571
0.00004440114834874187051424167746
0.00004423132937969552689090775085
0.00004378630754977605885455619803
0.00004360392241973176763798853460
0.00004375180140930463190740018536
0.00004397595707685326716696255125
0.00004361817620403720921965559461
0.00004317415305555407089261487847
0.00004318377982623102113730935548
0.00004281301524219174011296489501
0.00004256685270023638559093718558
0.00004247717664003746904083141539
0.00004257383525819297239727037771
0.00004317827493574158113542219061
0.00004276903283673312664583931219
0.00004307996118963205787271172514
0.00004348965523538246244907266373
0.00004331126514659839850602560522
0.00004385284626447987751907115308
0.00004366858705749778661909953094
0.00004343386427710170240463947919
0.00004347266355173944077510118216
0.00004321839854018162517980745566
0.00004330111852772052291239784472
0.00004298016376385888770774076818
0.00004259994519759211676610192637
0.00004227053420812472542161548600
0.00004197975212556635269086808801
0.00004165473753817212957521801833
0.00004168568007155816025049189636
0.00004172317364279832214220214870
0.00004183314510077121889976593434
0.00004168987841000676513632426668
0.00004186124761984650410607981407
0.00004185921507609911554501835445
0.00004155247589639598053033188515
0.00004161735511897149143203381075
0.00004144126345974216374243160708
0.00004144439508253670302409273000
0.00004174415310834350254346854889
0.00004149407937214339548862019938
0.00004145493385947710233076974681
0.00004143049842628887095022968536
0.00004130786666384102971165709705
0.00004117201647904860655693500820
0.00004109491914444787282823863772
0.00004099606726903698608279116431
0.00004108791935722067696100784201
0.00004137857402485772689189440363
0.00004146995884463951318682614618
0.00004143400779950641807903901130
0.00004127750039209963068222869666
0.00004117173779912395773792452730
0.00004099510644219342503411514614
0.00004128209606943288153513661374
0.00004105701933391128770531809923
0.00004089680427743989714053416652
0.00004092239441254998712245639620
0.00004095322106697150834781160998
0.00004091158489186124624145719328
0.00004115051787314338962798424416
0.00004106946356859792389864626974
0.00004113475491176079813764176208
0.00004118586283142119076637121400
0.00004140737258721352449204794369
0.00004141398036272971756399116221
0.00004183319011088822710947120769
0.00004169841642534119168345527479
0.00004167236131748883062857506586
0.00004161470902773693118006450135
0.00004155183896629567452340374781
0.00004156233471550239371022077853
0.00004165666606247596956163779320
0.00004160968307572386128698583367
0.00004164830803708859557962003775
0.00004172609772545398118244425150
0.00004172440277254135841034485392
0.00004164306205788936104184266852
0.00004160626617991229270261339134
0.00004159693881565497992413684728
0.00004162175487616590066015057065
0.00004180789784517213584705899346
0.00004170538162310412313948764895
0.00004153941842074752261651878313
0.00004152605456184031845593049054
0.00004134130236376363697563615630
0.00004121090999370977599230791219
0.00004129316930412485441204158386
0.00004132224835422414819229510509
0.00004129573105054239274879852225
0.00004127709401757409504133555722
0.00004127583498355429076744511483
0.00004112483213497389184105621073
0.00004106742650825899977344881145
0.00004098797923682519711721688596
0.00004118972006123740834875701107
0.00004114223463697952172329927565
0.00004112275834845115024506463233
0.00004107200676074357516389093258
0.00004097787372250063290011318122
0.00004111604981225729007203541682
0.00004110800833374974348518393482
0.00004131956375589646750508511679
0.00004132561965824606238742123856
0.00004129517347945024672562382993
0.00004133042364223607026415423208
0.00004148559402509561874253227306
0.00004150864414453712202896266282
0.00004140646317855441462479728478
0.00004150813003715692623474529391
0.00004149201103091027008259369665
0.00004162076995749618786702877629
0.00004169278929721608830455012155
0.00004168710233309381219700697890
0.00004171804251407051229522018008
0.00004172786186363672929319068311
0.00004174356643430175840429222205
0.00004181143497083763744847378719
0.00004172864439791046074103303918
0.00004172806214683994220396570541
0.00004178923279545717935476259901
0.00004184280674732969040803529590
0.00004171833891803196635949509217
0.00004179290332492722347080426457
0.00004185029261495760306922061326
0.00004202292456980876137214590166
0.00004199309771876317989249053777
0.00004203552901610075083255930092
0.00004211071441221081674089941636
0.00004212830567614957047148210817
0.00004211782097505825637054289567
0.00004203881197875664299540791774
0.00004200648992381431244924919056
0.00004186650398782146620960392216
0.00004180026169867342118694996436
0.00004194248207886436345767988238
0.00004212554915036447264316963128
0.00004208025485263651122293246607
0.00004227231727265761175822447752
0.00004231927981688989265114508820
0.00004220727588022511745937906795
0.00004222940526354377378072544991
0.00004210779013149528102629955949
0.00004218420031103098233721386111
0.00004209440826801974168660421800
0.00004211209139985439888551623660
0.00004206826225567903586492303890
0.00004202573354265062234229050043
0.00004195018492667887945281967615
0.00004195919324048887166529071528
0.00004204193329609186661044408160
0.00004207102627839624736039614747
0.00004211265764714252689404444133
0.00004199366516690175516038044739
0.00004210825852661323163043191946
0.00004211048042400733071435510178
0.00004204856414785044016180013002
0.00004205372539206211516655884404
0.00004201200598083851965758056729
0.00004200249427136472751839364155
0.00004206510057405574451129519522
0.00004215812919473676393524327986
0.00004212391061973812009670297057
0.00004219004468617703460009898844
0.00004230466706446664385210585184
0.00004226969519820122660185661058
0.00004222625015846202334123709740
0.00004221958635998381308066929695
0.00004216028127545538606093707212
0.00004209501479268588135945595559
0.00004220097169653972714211244790
0.00004213964762724009195333726665
0.00004214977586665016324072153275
0.00004205770378747684539540733073
0.00004205351828529295050128519518
0.00004204705045239362326005928934
0.00004229080611732287767885981652
0.00004224241089369322894304062103
0.00004224041336605754702003257031
0.00004221401126189362158153710159
0.00004218267545059270478364317007
0.00004228946640623850083111203689
0.00004223983309475053724537056387
0.00004212269007074033444309064489
0.00004216549096978032709567311946
0.00004230047349448052314029535060
0.00004224795008754351805604201677
0.00004231805645180928537636114886
0.00004225249749052253058898693335
0.00004236053066393290182273698250
0.00004237053123324560128992152514
0.00004230498978629934417424877737
0.00004225336338311305060646445768
0.00004221052794198332549589328824
0.00004219778631516350810211038742
0.00004211799107364766512489372673
0.00004205912143103596137322488916
0.00004198926704960898218962325495
0.00004205152149998810592377748303
0.00004199478852904810739751567183
0.00004195848346945510329768985230
0.00004198860441615322060300376031
0.00004200968823750933824372960738
0.00004198516487651884631973566786
0.00004200071354741063096690213524
0.00004201306453594370237047195797
0.00004208664687140745231084028453
0.00004211479046361219572445213232
0.00004209719915723160945867739756
0.00004221546943324127326408942066
0.00004218842469913657647908838790
0.00004223579612172570140637095969
0.00004223612379187580366161366218
0.00004215246098956863080242120607
0.00004211280131329053918747391472
0.00004208392080014278516665893826
0.00004210092821767814490722090363
0.00004209899197592575622284916227
0.00004211770317816093886384892188
0.00004210528589625336116416508796
0.00004208485640378951006028477966
0.00004205892188701163351814350476
0.00004205849848171156343257242755
0.00004199985210174272781028485180
0.00004196072048575731079099436308
0.00004203949964401674325878793319
0.00004202861060343269062150955037
0.00004195741370932090470810911880
0.00004188290144100011284878582340
0.00004181064925332512259066359579
0.00004177291780171251419328070034
0.00004194877284470488826412317923
0.00004191823231653913900769135779
0.00004193484864821553656971262765
0.00004193130161568265641287711002
0.00004190228779929613429242475102
0.00004188971560066321436395137727
0.00004189237906839836732816468620
0.00004208460473471258405506172920
0.00004202603474397014364403949939
0.00004205198285108803730543866198
0.00004211329877145475186994756843
0.00004209868168255043148158811543
0.00004209045484511234263601519102
0.00004200943388236059103700584845
0.00004201910297560951676185086001
0.00004203172646473321650592787882
0.00004215133652900034152237897491
0.00004213727990211926133104372004
0.00004207663489224176022382769423
0.00004209537220566581540315723703
0.00004212903608159779411040596414
0.00004216073844556904434435138669
0.00004221085437487424494779973851
0.00004227506569195930423763267796
0.00004216957714244603602829970986
0.00004220591075123518488253778378
0.00004215490136935015486318726013
0.00004212608032599937298257649579
0.00004211937407410667595804565652
0.00004213756666953924379700234114
0.00004220552616447755576594082756
0.00004223394765324104045033751051
0.00004226170826978593814463352424
0.00004233095401799038944358660767
0.00004233053529335505443165057348
0.00004227433125598178560202393373
0.00004222822249269676945556418940
0.00004216745676413876797687051724
0.00004219138403811761107745359931
0.00004213008744608613321948203677
0.00004220504276805477672186777009
0.00004216446587402003417944749165
0.00004216097422432789356465646822
0.00004218697624389541341912240049
0.00004218869596747303572177027162
0.00004221596648623712361558821379
0.00004215817602033979762151122889
0.00004213165193723420386270615795
0.00004207457451623895142737130596
0.00004201443213820881842279897976
0.00004201447123391545459957065875
0.00004206396244620200375841776996
0.00004206730337599577582705702104
0.00004207369716817505460598061702
0.00004209882038795010037447156613
0.00004212309954437357466992058885
0.00004215400904074564212282408693
0.00004212229116765874167755846552
0.00004216977606403042848838707044
0.00004217121580410728903056934525
0.00004220486059178831024679533735
0.00004227017540968490617154094526
0.00004223039717774156618457315325
0.00004233223731874686396996871076
0.00004234845846264251873480912613
0.00004233617421066520862813445517
0.00004241565080865800688687918307
0.00004239223340648524432863597075
0.00004240652169584311567853369145
0.00004236315447663280991554039300
0.00004243951608416680039821102113
0.00004247777720079255698755079910
0.00004260260516531990436280512103
0.00004259375364263029045023220715
0.00004257832704670370953000353979
0.00004260801074517590706167913733
0.00004261032425600626985259685687
0.00004255919482549886611196862002
0.00004256879318440330452432707706
0.00004264434757662031535374143387
0.00004265610042576553067978796645
0.00004262399085328583072641251752
0.00004259870876165183737237967089
0.00004256109811665262030372858646
0.00004257382177025651815923746482
0.00004256261028880910190743085852
0.00004260620788688299722150410895
0.00004260691452682413455671563682
0.00004262378885876503818568607485
0.00004259327221468314290428323489
0.00004273405806605275002767467895
0.00004275169602353331195823185174
0.00004282385581599299769855273354
0.00004290464564820859886753547785
0.00004290279926936851769333997496
0.00004290395022864211153790399113
0.00004288521973989339481875092386
0.00004290146994220262189101815326
0.00004286119851915750305683082476
0.00004285992058276765563532921267
0.00004285115065360264581512945779
0.00004281282735855142209529899400
0.00004278231852120762098910356458
0.00004275300647930087620418110671
0.00004277768024118397807616110749
0.00004275442252455290609091501327
0.00004276452889077797076994875132
0.00004276292064936921285984890617
0.00004281392307947867642041620150
0.00004282080567218028384063233997
0.00004289681171457417991702052106
0.00004288188078061031190601907192
0.00004284754404498541220283069488
0.00004285785610362506223182592280
0.00004284752275295377206929074531
0.00004281895892806852741851875362
0.00004278723359914309915072963234
0.00004275837002911466702517986002
0.00004276104559762862055611141985
0.00004274180300038905516389906456
0.00004272602398436613554317666308
0.00004277338731643072624587200129
0.00004275325609922010423364573411
0.00004274083033398203112007966870
0.00004271599398769502347770764978
0.00004267093968565861558408463687
0.00004265418680100188155209993133
0.00004263296517285993363237299320
0.00004257261455657818356121090202
0.00004254182404119858970312826854
0.00004252382613634289124916006968
0.00004261417677390411681720743283
0.00004261101149391369375748980707
0.00004254889216612419480729073927
0.00004254144383657882389795833366
0.00004258662056679100976453304623
0.00004257379754796089084267768316
0.00004252810053154983478489954706
0.00004248689258019963862468433673
0.00004257569189969331359745127112
0.00004253948788765801076414877090
0.00004258366398093639074454014702
0.00004266512456189980403095105677
0.00004264175096527223596479384862
0.00004261112739274134943501206734
0.00004260929395558093940797718304
0.00004264494624010849003255164261
0.00004258074296210084997225721058
0.00004255029755265140356561913930
0.00004254311193163758676141552969
0.00004249105070397347536006548520
0.00004253785397806605872518813604
0.00004253912028128439872849753717
0.00004251773347383594750497699344
0.00004252469682574316684578205121
0.00004248688327173497486897235960
0.00004250313411322925069237162996
0.00004250501707723331494992289619
0.00004251195518287864443210503296
0.00004248407065726200832227504570
0.00004247417493587958289434206637
0.00004245037532250366947915007813
0.00004242309771974642280935580353
0.00004245462212879874809682168779
0.00004241271333688578865212322853
0.00004240340546368330407090116340
0.00004242541926434243167669298461
0.00004244364262014347851113011176
0.00004249816958504944900194570723
0.00004252882278655439868981371139
0.00004250368032008925747314457430
0.00004250752052426700703845337701
0.00004249519698276361785964975714
0.00004258884909797091236651540062
0.00004259107382556491906717567968
0.00004259329272504417982666244349
0.00004254606323250313267371650526
0.00004261916599724362816719996253
0.00004259292413558459238661248588
0.00004256018985063436432785887489
0.00004254763791888716460217548235
0.00004252158396655034425362496493
0.00004254873477037469862193122793
0.00004254859207604808089112313760
0.00004255217149883157293404464588
0.00004256032320942861305725243274
0.00004251849151851432803687536361
0.00004251248933549589191883550137
0.00004251935900767681238351075425
0.00004250228836934076305263731795
0.00004249780456280560925034360076
0.00004248662694391020370294416383
0.00004249400783142885142286643402
0.00004252666114545778305205509256
0.00004251278380844152009264888884
0.00004248319435306406071621578270
0.00004246716176031223746192370855
0.00004245411360159746002287999995
0.00004245152134774006471149560887
0.00004245891499522342553681008818
0.00004244654828447025504057483577
0.00004246303643068512378030387163
0.00004246099638471285618167630038
0.00004253779705803355782648601555
0.00004252360564014783910302349507
0.00004257558935491775008898717190
0.00004256933184773987969433870859
0.00004253823251447610847864697270
0.00004258211974968684196029074785
0.00004265955237418530480254046022
0.00004266193094142938137538115629
0.00004262586651985232041077312128
0.00004259886006370722174346436438
0.00004264049979520674125082253208
0.00004262967611726153361619716305
0.00004263076549384622514377740790
0.00004259415357888491772994434990
0.00004254780114638407173379023186
0.00004258165450872151688388799645
0.00004261599121227624485944770471
0.00004258099625147210088587906936
0.00004256815603201902780085229625
0.00004256098481623958638176519382
0.00004253638483008977566363384997
0.00004252401559175684043394407027
0.00004252768374079167700317686672
0.00004252319911299524699325497340
0.00004251381266011838633735371331
0.00004254233008230521177153880147
0.00004252030002909299986147299024
0.00004248815890907251865368868975
0.00004253570463945630717690199676
0.00004251185600448620281248711305
0.00004255375138908668566946260788
0.00004252005354724408590274651006
