0.00001976193221391300708883842075
0.00004167408588535925242960971118
0.00004201621499830013083706375673
0.00004829904405553390123899101820
0.00004643782387554894517546827758
0.00004396578291614388146166271558
0.00004621751770631697935453157457
0.00004601936737043202514428989494
0.00004993404039312333120088215257
0.00004857487652187693818737822419
0.00004678878169194847569249136596
0.00004563131072728992197301422515
0.00004671958441233937228005750018
0.00004577220873106415412328499915
0.00004530852136779378490473680910
0.00004774296415178966560841868826
0.00004714318345324267512113084031
0.00004712514321921902449808235656
0.00004615667147739514291464404331
0.00004516627412849311466647450800
0.00004482690470138408447658724020
0.00004392386326331895961684859349
0.00004339189633412505234891513109
0.00004435675241885621623564489777
0.00004519503539341080329609965448
0.00004488696844738423158109237861
0.00004546562003461590506473371179
0.00004539661584930028637967291573
0.00004485943353344947109334648739
0.00004470794298719797250985616524
0.00004492239994604545679795320184
0.00004559358096944375495071472209
0.00004551369002837697647086943771
0.00004489853853983371049325189655
0.00004430227986452390867045055351
0.00004494125749313739557738738723
0.00004448451055909445107247617493
0.00004477867072948360265937944331
0.00004412169122227760610213480525
0.00004427988894563491766295830883
0.00004413555838441368430781980146
0.00004396116371312637586011786550
0.00004371290428525979623236491877
0.00004319832135312483681729456110
0.00004319451550594290661116775620
0.00004381118476541627227140603638
0.00004399621349319826436079943786
0.00004421854147994295496141784109
0.00004426408020508047146170063652
0.00004406606577819039499540959290
0.00004406217481735666743818555882
0.00004395930813595138015736225217
0.00004440773903896699000030125891
0.00004426573660091525406911450333
0.00004421878747625590491272745597
0.00004406265572310304505307252682
0.00004453892959244938967741232861
0.00004437021410511040012870701461
0.00004415860074962646818470267314
0.00004439767839414720634706985703
0.00004477112703295094062251805732
0.00004462916899376867689606211158
0.00004448133204214915934427946285
0.00004426473113267154567009790285
0.00004406593359531499459147839684
0.00004471302103368473654145644656
0.00004503047237577221283144761641
0.00004525945556112202135117627960
0.00004506931481699307847690774915
0.00004500946934555712618554926215
0.00004467056145594341940973186293
0.00004467462908617004015135656270
0.00004456240750400889527035405854
0.00004434765018042453619442052672
0.00004460745831629326246864572254
0.00004490387602538791538060268297
0.00004482299627305866305839967284
0.00004461721008426247384884917220
0.00004451944206865844025635004556
0.00004488804746553521624949098658
0.00004480823294168407968627197150
0.00004461904081649149954452375294
0.00004457341103544015740613973319
0.00004454260591619556646115477576
0.00004448161375416030323250177276
0.00004454016769943670234506547427
0.00004479018556617220060651256237
0.00004458706544426166902111942775
0.00004443642157318968236600873553
0.00004419895254347471940386282481
0.00004395498886650254755995870991
0.00004395111740219334257901009846
0.00004396897336190327761333658888
0.00004392110669438177599627622490
0.00004377337028435843221651692700
0.00004387288551266240655279966619
0.00004375905473624769618199909925
0.00004357518956902241728049484753
0.00004403952395712237421628912981
0.00004400010614040259382994815888
0.00004442887749042083647904704785
0.00004432302484643085209637114079
0.00004428253532797730090336151391
0.00004417792365581600282971744082
0.00004422229237936022493318462596
0.00004410543851016452679524454090
0.00004416260058522480224312356675
0.00004423193620915982564653456462
0.00004406005088716334079120967844
0.00004399804276702516991408340184
0.00004420562987042791997234504830
0.00004472145981386304368876110206
0.00004486097041501847181741898964
0.00004486680414330465775552960074
0.00004465864515870071054094966554
0.00004465936444695889458840932991
0.00004443163926642027028076360741
0.00004443548843790371459396473437
0.00004471738075224822320771434981
0.00004477881994623636115601956527
0.00004499889233641561568951480923
0.00004499728724514431100715846394
0.00004482591203229143407388677339
0.00004482615859296724520844846664
0.00004480238992217034322694523929
0.00004472126431084535398458852687
0.00004473383435603285786779450075
0.00004459478248313152170636741814
0.00004470338988429213555521725970
0.00004457861473042573211280436271
0.00004438820951548269120632880268
0.00004447151242781954951039054809
0.00004452220795875584342247643109
0.00004438569676686850127708527091
0.00004437906576565133393716368870
0.00004433951047973313160516790565
0.00004425959411182894196318265820
0.00004408258608626331910310672724
0.00004411341425766097145574333900
0.00004417402420577815481297963300
0.00004427222663868772977151294294
0.00004418868839535597741921761312
0.00004404189750070698123095243952
0.00004387588169184256470205820533
0.00004396986015900635252882202049
0.00004396944774425890955664629226
0.00004385409405229768409575489143
0.00004396987149958040464541178240
0.00004394742329183736482223668599
0.00004381300081107272480691551062
0.00004383640470352602205112703259
0.00004377738283557724174835541356
0.00004364018377081538742621488044
0.00004350957247704934204184033347
0.00004339270128564943550381472767
0.00004338025169947488659282646199
0.00004342983302008215346774372649
0.00004348942664976560019689153385
0.00004338960457029008684661885774
0.00004365782443667370102880885008
0.00004363414024218922840023830729
0.00004367785829437505838868385589
0.00004361553093208933192573363118
0.00004358465588433899262190606727
0.00004358093086899020483430932821
0.00004366006116438716422798539828
0.00004377664742828194892168703720
0.00004373333028415709984089079785
0.00004386790661434769856038150544
0.00004385928143506752790548594055
0.00004373385928589486159144253105
0.00004371453002025867639595949564
0.00004362722696459978484565338827
0.00004355256797949864107393973060
0.00004360264333402930984457184883
0.00004365215501394268363380074048
0.00004377583848900718345281039167
0.00004384560875477930342126311851
0.00004375189465852850533496820227
0.00004377483756160366456447009281
0.00004367577732874670921434258408
0.00004376288042036488547466048678
0.00004371462520828607424116451541
0.00004359865248806486851029036985
0.00004353958473872453289848625890
0.00004352438987503479952891201429
0.00004339605698371352920008368594
0.00004346385528057542087146847928
0.00004350362142415773133006145296
0.00004349444492010619779294961725
0.00004349785040693312309395173143
0.00004351436326431992556701863555
0.00004352176215286343295129188782
0.00004349449413033780843510920889
0.00004338381952143501892445853329
0.00004338550334085361500653886353
0.00004332313640955323920008262574
0.00004334871250631602525539303477
0.00004331238892808864056476657554
0.00004344712223952744459075005441
0.00004341138803767502030765077457
0.00004332669813884061665707638907
0.00004335444090652811342097198096
0.00004341049952370795710156263013
0.00004345811080640972563388736712
0.00004341568631466791728276139908
0.00004334030950055226236989108219
0.00004325638131857876757623753502
0.00004321804663865139797655277753
0.00004322706689093495109685358599
0.00004319456736558372013179634535
0.00004319315236413710208680430149
0.00004319723655861127758373027524
0.00004330008518466583613271152344
0.00004342080270420684761687195055
0.00004339260101830983862599521159
0.00004342783958528701649190175063
0.00004341330245207503595892364467
0.00004349801420272987800083114577
0.00004343404238018595745269123053
0.00004354144858098953249998729612
0.00004353910686672110196028941422
0.00004367931964406874362475448148
0.00004364855811782311195972307305
0.00004361624963824954410785240815
0.00004360996945859112412246206924
0.00004361719224739704694797332829
0.00004362943194835563817381649819
0.00004355690070918340154171880698
0.00004347958326255407226733568035
0.00004351281951882182463560709014
0.00004351306974010905483377769263
0.00004343854104368865951186197860
0.00004340053787490240957855029147
0.00004332218331813695827519480861
0.00004329061864348565552649249449
0.00004327291610345104258375046000
0.00004319861019260224273923963761
0.00004317781338837976332802621768
0.00004309211756439499285742134845
0.00004314010224177433346535012498
0.00004333279577749830823448547572
0.00004329518828971140683068362547
0.00004327804382804954603023896910
0.00004323530253579244722059909269
0.00004323758746882043676010147417
0.00004325391999832656314820752106
0.00004319202439321932007898170528
0.00004314330734485447966468781722
0.00004316610431763628530378494396
0.00004338184633709184100973303975
0.00004343846655182246612777516369
0.00004359546311285375989854639922
0.00004359708239255171012320466357
0.00004360650894930646655622944588
0.00004362505118593972260161679724
0.00004360770808473541631583477526
0.00004384151665854098801092082971
0.00004385791739797537723713047107
0.00004383259688591802886750118232
0.00004385532272394241759346809427
0.00004385856228914390686236253451
0.00004389945427631373072580535843
0.00004392785181123573396265586290
0.00004393454516200715793940759601
0.00004397259767242680006177505320
0.00004404287087056413406748410212
0.00004405876157888580899359009305
0.00004409395380951837743669553231
0.00004411809826545792790150926597
0.00004412418334149851266387551808
0.00004412390518680600416867989058
0.00004411985667616897351267698985
0.00004409450554534329636497093213
0.00004411467838200957207419456799
0.00004415036155887107576132143949
0.00004413824255649923728807652246
0.00004408900842212031855144980216
0.00004403496454154342163716491836
0.00004407936732235469715496232301
0.00004410538102400233746939447392
0.00004426950174882794070981491677
0.00004440394601158882649978229528
0.00004443027221786440261512593202
0.00004435360067301602211922250147
0.00004435422367192236030395769175
0.00004442421778818609203310200313
0.00004434971250469341599414957913
0.00004431912346457059558922232102
0.00004429066625244247439770973267
0.00004431514623456781683854472301
0.00004429505968911281381183864804
0.00004419761637355370613285672555
0.00004435747098328969551354558823
0.00004432726925011557171824341594
0.00004435580604901801073378988101
0.00004437582269327976454187370020
0.00004434911579651328774061843724
0.00004436889224492845916497251184
0.00004436335527369543244812507453
0.00004439203282047142537440724057
0.00004442975836349924810584261780
0.00004443475363912407168154173483
0.00004445176272048960797766743347
0.00004445970175487519319465138995
0.00004447747330050954467449275176
0.00004448980509119467580141526410
0.00004449403432531860985302432806
0.00004446720983492607529342506644
0.00004458662431813919530949548918
0.00004459616543984279985946298687
0.00004458748469617338753308145423
0.00004458618195893093656525004524
0.00004454855673022070448438036270
0.00004452597906864527400349855798
0.00004458666120218866125770920556
0.00004458299903355650766789671134
0.00004464621854248541192915636965
0.00004459105982648974083003681495
0.00004454331402733209712397676599
0.00004450806005312153735971277992
0.00004451687135932840440055866416
0.00004447294001614287111979552993
0.00004451364333353252814147548157
0.00004451033103517061610188348906
0.00004444664620939049603438335818
0.00004440453270650756164178986482
0.00004443323995114570497263659072
0.00004439959151927192525453694479
0.00004441618414541116265608759063
0.00004438040940233577874370553732
0.00004443475686395994166551145648
0.00004454974208352339316296739197
0.00004457047527543445769807342324
0.00004475968100652289070119651227
0.00004476866309219590622438810912
0.00004479065184351542077310125201
0.00004477153655745242083322099363
0.00004487124104451178294840649938
0.00004478780220451805466874282710
0.00004483661571561480082706130054
0.00004502510565604716387518974834
0.00004503946037110932065501690659
0.00004502818404628093398121955003
0.00004500918961111668732690995521
0.00004501675825804218627386564618
0.00004507406225046418814257661579
0.00004505375926477410932862285767
0.00004501047458624141569678773553
0.00004507611994397053566001768657
0.00004507271240706765434230669321
0.00004515520401695363200049703331
0.00004509430806836067358310657914
0.00004504048440149627187922541659
0.00004501128630634519363889086152
0.00004502918730895414688887126009
0.00004502251417621441847250640636
0.00004506682719539659950457788042
0.00004507375975278645845858566194
0.00004504897893718135316833091266
0.00004510187017049612779001220764
0.00004505931951878529553918992627
0.00004506110823322435366761347971
0.00004505416185212955325999657486
0.00004500474322921006577915562830
0.00004503358069075954988202855518
0.00004503425773419437276517163221
0.00004495915275638167278484536362
0.00004494817056374462131114823031
0.00004493404649524472079260803502
0.00004491568293630032311965606401
0.00004496660804207728117713604742
0.00004490868416814502792943008313
0.00004492547567869760689437514560
0.00004491958118779863778911660067
0.00004492842036737125905678590765
0.00004497704288506898239537438836
0.00004498633590526173162728422723
0.00004512528074709846950689879492
0.00004509421561855054649994879258
0.00004504294822328739893254578905
0.00004504629488012060410696057884
0.00004497598434752330567303206445
0.00004499237645233309289766231302
0.00004495213288777226742017632655
0.00004497651001872729377317574592
0.00004495407738536092222114623521
0.00004496696588315750858414735546
0.00004493277328045118206276310683
0.00004488544992002158999794603032
0.00004490221168260291941960596621
0.00004492921642155426931146766281
0.00004494669495409028870023566761
0.00004490026027475848252757556234
0.00004496390520523643577856362567
0.00004499803376906070257917638282
0.00004498511409752528383400301595
0.00004493481564947492238333066243
0.00004493705718594819239210786854
0.00004499630494652484390563537681
0.00004505416884318153297337476957
0.00004503783383767816309327725986
0.00004500811735499339231031566768
0.00004498955226407924977672518731
0.00004495706750961801826905539572
0.00004492619102099281980891658076
0.00004487975351981528275775362808
0.00004486155295411536977724904861
0.00004481427559066851476271593685
0.00004485276267780670441254226513
0.00004483112172320467093670939971
0.00004480840618992691471255692177
0.00004482479443478045671846045315
0.00004479655686241617375578501324
0.00004483430769655965995921304865
0.00004480092354864755714991871269
0.00004480498313194961501280008491
0.00004477231874445929191996474725
0.00004472236857320439109259010706
0.00004472172889930085407000330312
0.00004469322375598819338470409116
0.00004465251432801291877081029249
0.00004462568559460703690163664228
0.00004459961327291570796586012437
0.00004457197962351803564952154153
0.00004455728930954507543294560397
0.00004451517663652448680972430102
0.00004455648723887865173548948213
0.00004452103815121356140462150385
0.00004448015440281850693898943314
0.00004452379591078537405990794711
0.00004456481845868073431676296507
0.00004454034403484699928871457018
0.00004458746500454482040676237526
0.00004456515211410079123360835557
0.00004453819741976861513471739627
0.00004454540569930069148525935081
0.00004452460598658307736071497053
0.00004452137875463323941689640959
0.00004455905123700281126752511612
0.00004463670038800862253757859543
0.00004460094184303762817721468161
0.00004462205257532088462862524017
0.00004461102381606424687662860823
0.00004470324511146948024859794285
0.00004467939674894918847328280583
0.00004464031481630172471894498626
0.00004463989526910596576296194954
0.00004460266551444092178606587902
0.00004463723905417814501018649090
0.00004460333882749701099290182554
0.00004457135399314747548595093977
0.00004452012696173508777103375380
0.00004454426566299038560670818080
0.00004457881863863705162016020731
0.00004459353653152322030425932540
0.00004457166098382069235591157792
0.00004453952344112177830751382859
0.00004456202491104751046911109150
0.00004453282764348620772034752250
0.00004452506535723973749129117953
0.00004457180095478833966111734284
0.00004454350066293122160229776622
0.00004456663538314061761229292604
0.00004456331345236693741251133705
0.00004453901192000223106068473580
0.00004451284246630333723505231178
0.00004451440213642222845005142412
0.00004452090090875622649165349820
0.00004452261994717129896921338870
0.00004452451206708619481006038767
0.00004452804536036877207048841775
0.00004450222491093673923456657783
0.00004450743947675123651603672918
0.00004450141222590465880544618972
0.00004457618777741221731553524972
0.00004462403951047619564847289990
0.00004459485918325940483092982283
0.00004464289138943108367699848370
0.00004459788944856345767692040873
0.00004457493143993913252394615114
0.00004452047852162620325249467218
0.00004451421689333614558829425367
0.00004452498344744043651794011307
0.00004452839825025091952499734697
0.00004452357470255297854485504089
0.00004453640854929475861991057272
0.00004453268244706072606508125486
0.00004454579276967842062176322637
0.00004451968819282708723154615925
0.00004448464291114220682802180768
0.00004446507399108002139397906965
0.00004444229493590373665807261709
0.00004443110375292251681942534034
0.00004442069292687121707881604447
0.00004447878680386688318848294592
0.00004446879147900916453451148142
0.00004450079524833482817962553088
0.00004444653020906372099450052661
0.00004444685200046802788475846859
