0.00001976193221391300708883842075
0.00004220634336185980730242954879
0.00006778292746695401892537255163
0.00006323843951364327184767548764
0.00005723515878720959187322108654
0.00005277771676959740758727390875
0.00005029720815004961529324926065
0.00004765551365577778402290616057
0.00004526577403067640615005318101
0.00004339703925386314825442143172
0.00004454391077185358216793530876
0.00004423837033693543006615008644
0.00004271940478266756497507208567
0.00004289715563765016716199494868
0.00004371021133992592359923641223
0.00004461437423184331081891997642
0.00004355001137220336221958725552
0.00004429519320450495534252632821
0.00004377420034549535973040275490
0.00004353059870904663650357152045
0.00004449293666390403737984150102
0.00004400916577354484774148963207
0.00004397233795763191667821388905
0.00004352559780138137536058474528
0.00004289743562833693154168616056
0.00004231386139899758714181191778
0.00004219907159608992604830395532
0.00004149900883327911082986985216
0.00004093019195089805679981308422
0.00004021042154323964302781015555
0.00004146318077964686611389236168
0.00004134788229395078202730886633
0.00004194373534805156602762354750
0.00004234250376350815110495490867
0.00004272477194753370125450307246
0.00004287932617864598973614928206
0.00004265107598574182635831914324
0.00004213372403700881980587592953
0.00004368020689890055088188667669
0.00004465466957677135912615290823
0.00004442362009671754059331044272
0.00004412657788309227608623213337
0.00004408425234859720891398976360
0.00004361820694082980971097999400
0.00004368679443001438647376917212
0.00004424092055677715539941240009
0.00004418850785636012560154078263
0.00004421475581747852170203016443
0.00004397845597723126636548904102
0.00004400282205350093685111277504
0.00004409251716451973280271664407
0.00004379246976357191564262650264
0.00004366073745837665254158007838
0.00004324280523489585343400080105
0.00004320768338929372630046340514
0.00004332259148446867527417066558
0.00004341524574529160882905655575
0.00004397426280011434050094954051
0.00004398739006202759940949849577
0.00004375203856994337557180170540
0.00004364851822643883734819595094
0.00004344756864913178209020627508
0.00004317216487259009036305235408
0.00004325541400641630291770846037
0.00004345270858306758681989490446
0.00004386492337755472036109321606
0.00004377383428434424575287575525
0.00004398687818981602572606493067
0.00004398244496041331469374693643
0.00004389875601890507263579490404
0.00004426980105416395402069613387
0.00004393935764822882052819732233
0.00004378975021911816425089907800
0.00004359988998292822896668214264
0.00004375097129488915184957696777
0.00004356370985814198258884163680
0.00004415902713524281352927589902
0.00004397766992825178688635682944
0.00004368335847059405286512565451
0.00004330158414674467329253436568
0.00004337725097292408065081241282
0.00004380197187597722068248512667
0.00004363595252666422085128789025
0.00004365846833271083159428544626
0.00004373397662041663702007748526
0.00004360124362695459933590776746
0.00004394360808167915598260951387
0.00004427336634622744814352248510
0.00004413219386877580168222934953
0.00004412683096171912024886509474
0.00004401344510446511235326638879
0.00004377888940842572059209965763
0.00004376840715645200091498756756
0.00004359180551670125734723271161
0.00004355497013825175403686909758
0.00004341956235392962401031025900
0.00004333090921690628550583409916
0.00004322909396630943465925526442
0.00004308260198092012787970659420
0.00004305127348988150752298693014
0.00004302989621790466448062211861
0.00004330681651584844296415599623
0.00004317952396134998572068175699
0.00004335976039904880093687741317
0.00004329695698237695073097763274
0.00004333168590538936575635611839
0.00004325518287518457511166776313
0.00004328160073768973073011311130
0.00004330675132720620473498720184
0.00004306231732924302398668879934
0.00004299342271253515227181818446
0.00004308398609782067957508237167
0.00004304496667809931525486416780
0.00004303204803223159413708824431
0.00004294324354662480016542091229
0.00004296764285421542082953749189
0.00004319552820676273478225960411
0.00004305245104275833884770377222
0.00004309829157659418012896012097
0.00004289772849478429475102773048
0.00004277252437372177956689673600
0.00004266060084972347123645988229
0.00004258969675543073732059159330
0.00004251695789927264225296865656
0.00004256829098035577844699889494
0.00004262105471760705494900740734
0.00004252173369173605224936603085
0.00004271979763292114322299112089
0.00004271831513417364637082750432
0.00004286738822097139574381704481
0.00004305524006640257435335498610
0.00004292482638677961384734031380
0.00004298138625425272934205108829
0.00004289599443902280645897344529
0.00004301446688333072250515270755
0.00004287345090307366599187988054
0.00004271288119494274171892772176
0.00004270067396726894864231879461
0.00004258614885304035561821234290
0.00004266843185063007755028318237
0.00004278817678734151451855959520
0.00004274646238155129904826780126
0.00004270143139890464904191372368
0.00004279735253487277263501695544
0.00004274540374866972189542124658
0.00004265575266507065829966247384
0.00004282798582347167908081145437
0.00004307638656941633412487891377
0.00004314980000007897889862158304
0.00004319947508441324634280775877
0.00004314669135891770402999180234
0.00004305750993964586718329601041
0.00004291470126255768432297979543
0.00004300405581459349860520411339
0.00004303600473281069407804150107
0.00004298862658181858741212409924
0.00004302760007521110116996936625
0.00004312642330947061797075571831
0.00004323150552148433280207811527
0.00004325641440274643243355773498
0.00004317980667735207863755630569
0.00004320425895990326172285301353
0.00004308501107220560168054261888
0.00004311160794259612262098418255
0.00004300169392603822628554786808
0.00004330136780246373044695841996
0.00004331339407765145934736576364
0.00004341472755665343918989093498
0.00004336578862748768146667198637
0.00004345755041859794388821522704
0.00004339179493153183496367313329
0.00004342382739789179869767867707
0.00004354430117110645132787882442
0.00004361500192241175241307924718
0.00004357942514287569655719208370
0.00004369528295393481974358752167
0.00004373767142433178623091826568
0.00004377411926367015776488541104
0.00004382062432609109028760773010
0.00004374602943621743603412619623
0.00004371096498750810867428879017
0.00004376014396084766652423527507
0.00004373250632155899690931905664
0.00004366119934006468927274695626
0.00004358994764585317748243281014
0.00004373981218683031879289574889
0.00004375229989803579750703384896
0.00004404898480705421547331132556
0.00004421536442836778844139709056
0.00004429320077261679971314189065
0.00004426576792509953483169230722
0.00004417713013103478192385276291
0.00004421762556841810555251625918
0.00004433002513855530390167567231
0.00004436290106030645773986627089
0.00004430172359217358331783492550
0.00004417012734238032099567001846
0.00004429290366970127728625336262
0.00004450369131513286847241041643
0.00004469302588972265092185588904
0.00004464076104472377749041021515
0.00004480546003142559266312920691
0.00004478627463532161587360792595
0.00004472110587672030816538455365
0.00004472481876884077720542600030
0.00004473942933334343851184139426
0.00004464258342191281790172031395
0.00004473121620645497404982121118
0.00004463173414505033909491099157
0.00004455082461738319606777846092
0.00004445510921635328088553145538
0.00004460120904861423867096469352
0.00004454174874594285555645815276
0.00004451292455125941231898475758
0.00004451157494505751491609614365
0.00004443992658404843675387916857
0.00004443462202871225791355097227
0.00004439207571798860853221527114
0.00004436702628910304946954479476
0.00004442894156285969583277665135
0.00004440614304007817803210102312
0.00004441074902742898477707024838
0.00004449173561113797563808452917
0.00004463449714039195166054336330
0.00004454340459728255006469312591
0.00004457455538745356892093804035
0.00004452930766291398578195301629
0.00004448406904122257373514844450
0.00004444828675985475813528257464
0.00004460995778085839263045820296
0.00004454832605150766481481519923
0.00004454744141194921346541232816
0.00004455881287157013425316320807
0.00004454387149966621466284139391
0.00004454876827179170483285632996
0.00004448671603378601979712579429
0.00004462261658467518531878739516
0.00004468673336498734804324841189
0.00004470625427707669065580153085
0.00004461299130961792191516701040
0.00004453577292230719633291419318
0.00004454914031653035757760888518
0.00004462479250949517983117455728
0.00004473906665487562501629743984
0.00004482661027874883295327278314
0.00004474505792625669431815918511
0.00004473215270694443137546003632
0.00004463935747652211330681955734
0.00004463310017259811518307446640
0.00004467744165111406928230394766
0.00004474776851575682969036217433
0.00004471653816518783971244166239
0.00004472749955922889654723545844
0.00004473963289038032262559262857
0.00004469052196513589342806779172
0.00004470941412772599682556526952
0.00004475536275938905936511651306
0.00004476069305339549263488252694
0.00004475962349526004689245896025
0.00004477073021801990097270916668
0.00004480023087004767378251768974
0.00004475453238502142717092864995
0.00004467566894384879895793718379
0.00004465410678134904163549418495
0.00004458304504562542827295086686
0.00004456276033546546960418478225
0.00004457940172482366489864576581
0.00004457821980163383356435787728
0.00004464368744837224287572139761
0.00004462503734279843133468694689
0.00004460448620058867361833266160
0.00004461878491799111323904955587
0.00004456858987335168478711457484
0.00004453429319020293148304541541
0.00004445363387021483699666694226
0.00004443323073285283051716893685
0.00004446538460113183482158514745
0.00004437509240945867319470295495
0.00004431186732284785781915395211
0.00004426362121484873786815688410
0.00004423304437180533816070614874
0.00004427572517722524752967154209
0.00004427773285444066333630484575
0.00004432784839377436200458917414
0.00004427990280481564752831041935
0.00004427354824484750090654056225
0.00004423482740124848275855807784
0.00004418481789501907454933299881
0.00004413273740739848156921229188
0.00004413927137770690244366665697
0.00004414807988293807633230412666
0.00004408716580455403018076486205
0.00004411859477052857808456262776
0.00004410314816662750841272674228
0.00004420860708582509868444085074
0.00004426310259707928681344016042
0.00004427348926487576920465499985
0.00004431706408475148151573091545
0.00004428545578345304007875762648
0.00004420398721282322272520344707
0.00004418135450306030818459720749
0.00004410661832779108383502969857
0.00004418889879116715316869258692
0.00004414568878867787268617213839
0.00004411867897245077867142050922
0.00004409562168069687328236540465
0.00004409997300697494116559529621
0.00004413305940456656854887050198
0.00004421072951283015503347714517
0.00004422356967116905684780454612
0.00004417777125832596243901492038
0.00004417675716372998295513229703
0.00004417682938525192751877616336
0.00004426884930516819974680074820
0.00004426714532569828322130335828
0.00004440604389248613079057621649
0.00004447331497887249099764133688
0.00004450434911834124093839863619
0.00004445359971376057566318980498
0.00004447352263286791890772780952
0.00004441957362114563878528204543
0.00004440297433458036078546863652
0.00004441419689809311774662891883
0.00004441538552800869271897681348
0.00004445975709574627117213001443
0.00004446727038993777702400409631
0.00004455692926043874746034846173
0.00004453905385267972240287982770
0.00004454906371773054743789517897
0.00004451661945281139304997591268
0.00004445705536576260332830415689
0.00004450993858381877868180414018
0.00004446424781696096667011083814
0.00004451187225298096194306846058
0.00004449352385814162636708497209
0.00004455365047668303925139276061
0.00004452555786047330829869215670
0.00004447504059684886182481431325
0.00004443833064117328214834630578
0.00004439856717204705417115348006
0.00004440965509080737141382568532
0.00004439462912818555361757975111
0.00004444052378346081421150907175
0.00004440579254516320913235059668
0.00004438358803040252484689791846
0.00004437244836528972635622417185
0.00004439630453893526867047997252
0.00004439580118307472838186635844
0.00004436733012788337260419104578
0.00004441324936868777535504544070
0.00004436367623817507586481028170
0.00004438391110623605750025830108
0.00004431615340423613438778025276
0.00004422765691470526505135748545
0.00004420391932020126006541470130
0.00004428113330973879055719739688
0.00004436269612229269202066569384
0.00004434843320566086777834835885
0.00004437488270886943168567964885
0.00004430427409151730092975454629
0.00004431836522413394367353561573
0.00004427514383130403765362990059
0.00004424537299795094117095616991
0.00004427205933985964602315011708
0.00004425952104804973872730764993
0.00004428137159108845122486887160
0.00004427427420538171705462448991
0.00004420994550054985704747811037
0.00004424685720161487634368720270
0.00004421860112960199759061216564
0.00004417757841815534059037444294
0.00004414060055446182227971402733
0.00004422872192330434820401922044
0.00004419812402098699696053629899
0.00004423343277178677688201261878
0.00004419798213779652112552233825
0.00004418446806653838142477248959
0.00004415731397246574576076527697
0.00004411963279184858599689489063
0.00004409067176514111595797634689
0.00004404984741154502870911205533
0.00004405480755159027553847718566
0.00004406393170249712164241808532
0.00004405542888234288603444758139
0.00004406407024247663643111473831
0.00004404334099818272183470675265
0.00004405846706191851212879468459
0.00004408879279517046262162135847
0.00004409944843311493196799020609
0.00004412313266379364170135728871
0.00004407546531920836302461203273
0.00004409129732652063682538177183
0.00004408933199231884004759214745
0.00004403488332374522904394132856
0.00004412951490523636075126375605
0.00004408550686603080869855619290
0.00004413569994689869923984954142
0.00004413391077422285498091504933
0.00004412288636557782143115405040
0.00004415755576331970926672971873
0.00004411728319677799420575645191
0.00004408676140812251455875609345
0.00004412794539027528815785224972
0.00004409199230671663438187785265
0.00004406860249961071387416387925
0.00004407461673574696973049966643
0.00004401059796539022583416350530
0.00004405840303099295444546794057
0.00004411816166904910483485710811
0.00004409509496690605993388238183
0.00004404921661858814197282728412
0.00004401239260431383224642760118
0.00004401873970430342737159445317
0.00004407955102610719885292054134
0.00004411294800835931452384670773
0.00004415666206171654855813756890
0.00004414879052915981573741713511
0.00004411338012718822110304812001
0.00004407794947540352322855409135
0.00004406788079790378409206557275
0.00004408338169656332935068676498
0.00004404349319280675447777445338
0.00004398338258236041516762777055
0.00004408613275892433788806976993
0.00004417894711765516501412353427
0.00004417899297861666421860608636
0.00004413231271914259472805919880
0.00004407731939984919036525041123
0.00004405423952456729666143113574
0.00004403280328841048141305787808
0.00004401224868623041082282718769
0.00004398324467514006739562070790
0.00004401409027227778334034663008
0.00004397483015644998026913195827
0.00004396568418847662742924409956
0.00004398068690495124363844124868
0.00004404109631863864118711376797
0.00004399155450868829242910042439
0.00004400493260459486070320104059
0.00004404207910089059859746550306
0.00004403839238610591191323045146
0.00004399243270892698696034956895
0.00004395497377005186777130830048
0.00004404462809808179040655518932
0.00004409883962570555343928510715
0.00004422028447814677538496879936
0.00004418391008170375952478766113
0.00004418386250400622685042286461
0.00004420470304413259483841184995
0.00004418926488088395233028583381
0.00004414391757838966788697256806
0.00004418084014183951696863227570
0.00004415227478336689886054695056
0.00004416231566201782249769393661
0.00004415543174289644980665474888
0.00004413465824010928006664830610
0.00004413093626255178245631106075
0.00004416207235712145658391958306
0.00004420316214827060862228336712
0.00004415566161907017695446955527
0.00004420388599416436229606098487
0.00004418784084638468709444121918
0.00004423299175939782324669208529
0.00004427308010991658724386976869
0.00004431168547613640735576599073
0.00004426839091312139482416652837
0.00004425956414689727941896231945
0.00004424051128620293431479181794
0.00004427206300876443933675620684
0.00004435770983926623887270363765
0.00004435233210791126712873273394
0.00004433823052279015501442602593
0.00004428732552891929315908557805
0.00004423526009930052010924443916
0.00004423469495627481157150367193
0.00004429206885231320847645920815
0.00004426335151940897156971106670
0.00004421258622834702040998904914
0.00004417423857646624309519985121
0.00004417030567471827388904303130
0.00004414725652220299185472306841
0.00004420702027193625132653904777
0.00004419514837502057968594205181
0.00004422892373463206058694654534
0.00004422442626106120083762382003
0.00004419531266883984655765580079
0.00004423044190386669810438145977
0.00004419178406929143361480068828
0.00004417419257136229992883306822
0.00004416877480170729001859039649
0.00004430121066826942306241248320
0.00004426441312143505355862558506
0.00004428416134906826739453255548
0.00004429500585896268470816045242
0.00004426337420311475936954393660
0.00004428517565311185328101939008
0.00004425086168430069788690187574
0.00004431686975399832825070846094
0.00004430552257993488883931011717
0.00004435735019209975977291048903
