0.00002227984935553380409220866120
0.3194892860517764409165811145
0.2984293592496552581078075409
0.2919271930907107659976276481
0.2811981993298312253358313677
0.2787713250384569158719567270
0.2673118679339608672553840771
0.2584483951687661347169214184
0.2552661532378250548956255052
0.2521455831752249321599721327
0.2513363153971767535910751197
0.2557842331916677357598928355
0.2595697878179968869717030564
0.2575568659799646698147738295
0.2571667976029759605082126335
0.2568941165794663561759065046
0.2556557561594296634817728205
0.2559015804625481749564825202
0.2541764402944064534826744537
0.2519201103939001592432074170
0.2505262931399791628987039461
0.2461703658505922175332758423
0.2474766027117539106232910141
0.2490795632579726073666072572
0.2522300379422074160066303942
0.2501228612998955625202295822
0.2484966383796697563557607368
0.2477837607136342557717764535
0.2477267609076539755407508291
0.2479909601607848180028664039
0.2466969751480274250909221569
0.2473193497229198710595947062
0.2463132901643999475475221334
0.2461830620635795417200641878
0.2463787414961075671876091111
0.2457499554740284691044237553
0.2444919189951525026820684693
0.2434496189902177718358930464
0.2433525042646497795739976693
0.2436297811566725956646107883
0.2432978219706610077938530803
0.2458370838306637023140750698
0.2460028571344602293086692203
0.2478531476676512047798577006
0.2481268849090405535571974048
0.2487900240707299185803004601
0.2487335104625263727321434445
0.2484660183870926062264233983
0.2492349435748395071580339952
0.2488166737292084890281334367
0.2488177700109652171203091137
0.2484592476348230215547668818
0.2476924603233281522424033217
0.2469471428625377472730312785
0.2465320022995085363947492312
0.2452710346895828329796374634
0.2452096680440019727269498360
0.2453152912043738053975007730
0.2451655157502525957751489476
0.2454093141718462841332295281
0.2456494424739910525674365731
0.2460438211014475380774260657
0.2455985985040478227965648829
0.2456706672766552097306884947
0.2452113128006399728672637353
0.2458354092433623883165620974
0.2458119466754576034578927629
0.2461255473700840732155896774
0.2460173037568411744504578981
0.2462094896497603256932802185
0.2464149286252767554297159437
0.2467556997951172766407089108
0.2468796834671174781886641000
0.2473531650072860929499651196
0.2475837044485903292593969611
0.2471393441302059283816259968
0.2467905124473572680245076452
0.2470203481245615150993340330
0.2473576713969664850159099378
0.2475674758471796695922767711
0.2476469162828003362384254848
0.2474322642962731968865450129
0.2472785737886957074139173771
0.2474431558785692648768418529
0.2476022040257886520138112931
0.2468014423916524588837808662
0.2470228797592126326044307345
0.2477790001434760066442379381
0.2473715365496882172183530155
0.2476733568491965309059635385
0.2485796221068881246583756782
0.2486347064415946330752549710
0.2488827179950669844156177615
0.2490943531912760315774968644
0.2489611962896431149247633882
0.2489977617402005213175372667
0.2493978771314143808782955255
0.2492797331319019141598440681
0.2491835509753312764898951295
0.2490630961699729889660199389
0.2487302701881405995774814969
0.2491013079257577890777451631
0.2492344268847762441000342323
0.2492447763627574022147245832
0.2494143537831364099247260263
0.2494540303562358014946502309
0.2498353933717784224864518992
0.2497949023663102697440425435
0.2498264628568373510258428098
0.2494256561370196385832200979
0.2494022195567955729900800385
0.2496577857463626743954193870
0.2496531659888706551069317230
0.2496365505220350785040908624
0.2491761833220883095920586561
0.2491402373691401476096053360
0.2489086913859573525160298771
0.2490457647852739761972893562
0.2487035276041852562364098138
0.2487530576797765569233731441
0.2486577014548677140860507980
0.2489237895944113020066638195
0.2486576448012187909984047499
0.2485955570250228655681960005
0.2486003477255963854134371446
0.2485746631001091116609959935
0.2486972574259562666061380342
0.2487166460803921480054181745
0.2488352916093331038521490523
0.2493340046129468317814225804
0.2493632031117932920339611092
0.2494544747781554133382444349
0.2493311852890784706818103812
0.2496572879910993203954393410
0.2495887254817836084665786908
0.2497090660121726883294106100
0.2496771476290428856378549677
0.2494755316750909026570640930
0.2497096313722651229427932823
0.2496434862893249365224381102
0.2492058420703337863102124242
0.2487149019220328509910919522
0.2488685287922088040260001799
0.2490422943189866924946019324
0.2487997393771316778133232799
0.2487391595782155972756868686
0.2483874760132591665898818174
0.2487772611945082393683695556
0.2487485407191511915625080830
0.2485479487932994284262519075
0.2485660469474120096622099643
0.2486968797828422542963785493
0.2484866914685650552803377627
0.2482405520441134719351242733
0.2482742550161004879133673192
0.2483488114661451737143242685
0.2480485768520559684533925365
0.2480415441106231337353791536
0.2478307531158687299593363243
0.2477278843468441977558453471
0.2479338564046255685491614695
0.2479539505002372299957346199
0.2479839423377672486906957225
0.2476600955385271852945561192
0.2476474420594012811597897486
0.2478591034697613436043717646
0.2479262830614272629689495798
0.2479412071672289429105606709
0.2477863833283073154259931333
0.2476086118026498877274748338
0.2477183147689268341972516665
0.2480719126747345777005884657
0.2478412581567086472616544000
0.2482589609604184146479522211
0.2483330581261586874481096014
0.2481507438515134814074802125
0.2480847297934766089234250618
0.2480284361043241255989955631
0.2483110192722876380824959861
0.2480115178786220127742350872
0.2482274063217005316702609157
0.2484011165134257072062200336
0.2482901646266093772357685092
0.2483185442979408839085298299
0.2483417128717083598111636754
0.2481745194139929801299607024
0.2477143469266058086076667810
0.2475873286698164039035460683
0.2478020060284508757385574436
0.2478259861266477896882502733
0.2478199109483592236168541785
0.2477119798234031409521371842
0.2477513694906097015169130341
0.2478326118945500829923323345
0.2475479212800292250414838987
0.2475496656480957343252052721
0.2475408323361229875568272824
0.2475487201084310541645576533
0.2476194358087179221483748509
0.2476195722038825503746690550
0.2479102266729400051594561260
0.2480685307534665225106661440
0.2480245455585747754365724077
0.2481156088188800643949164504
0.2480539549730791741864651889
0.2483094351685926774135378101
0.2481765303735422980452504089
0.2481563923128072882404230362
0.2480859790913454850732102387
0.2480081260574290758143679549
0.2484285184761243410187023580
0.2484097575074164578933521727
0.2482625454558120738891833526
0.2481613389599644007661715750
0.2484893866883606219154385160
0.2484998204332625501300188566
0.2484878620792985629689479542
0.2484709784301248685991122480
0.2486024186853391009580814993
0.2485239219843260384632853851
0.2486206505900720220763799626
0.2486985512140505260750197794
0.2487250644215369205052338321
0.2485310903879135467684583370
0.2485264024905040943936819367
0.2482675938590891358522612660
0.2484524050513502041611104501
0.2484291578632795550092504375
0.2484814826440522922030857322
0.2484954900293038693448583742
0.2485186110890367035590531364
0.2484831895330934098696564161
0.2485888750825445104494288814
0.2486696618108727088500493802
0.2486172285550223200923070212
0.2485613282214806743304898572
0.2488241493973498494908911629
0.2488361302535363095064893674
0.2486424760553725211113029724
0.2483762082964526458202978248
0.2484638368258173742667251918
0.2485655038851081545390609457
0.2483662866551900633892471207
0.2485810526627941867274049619
0.2484809486056801774061380512
0.2485955563462896097533930318
0.2488076646193413635971897776
0.2487611520427934180175383771
0.2488398475753116730331428606
0.2486735274405342391037896771
0.2487269278141265375713024795
0.2487641738150806257694134060
0.2487162934189721346511818071
0.2486401862182770558816417533
0.2486123895146425667977874169
0.2485185370173914073762926127
0.2482107458704863195715269603
0.2482849087615102622776921505
0.2482218540258525256463154618
0.2485524906992366847202237095
0.2488422797344432368851746914
0.2489591135621724198769992836
0.2488830208398810389262563106
0.2490340279826135801867995949
0.2488982351114521954110005847
0.2489809077289862255388536061
0.2488108679350524061966386084
0.2489821676354968648979109537
0.2490921385612976668121679308
0.2491788115395456181705626259
0.2491972873299638700470270964
0.2492692672424233764585582980
0.2493232712469679840486655945
0.2496805366366505257470982621
0.2495346604622711001712410587
0.2498000543394158684139146421
0.2500593268739416734773976194
0.2499740671186158747981150762
0.2499254796185153972004193806
0.2498715798273026201367538450
0.2498148752146621376860381955
0.2496324838946485087070563593
0.2497276999845825306565368600
0.2496530893898613853693860592
0.2496032482693320770759124436
0.2496194970235110143115298434
0.2495067381728204872227000415
0.2494943476311288793904773016
0.2493249922485858889207495045
0.2492404056285562083587229435
0.2491920215336393277552835509
0.2490272609859451341330947554
0.2490036994519205542694747446
0.2490753572740969550403453409
0.2489756811737524595045294261
0.2488563418879650756285803723
0.2489169711544814879438716193
0.2488749114532310197541026835
0.2489183540129415631170677239
0.2487555615847063182498321641
0.2486198107155710427166058989
0.2486137960882782872395646801
0.2488595686393227725414899383
0.2490303292584536640328953642
0.2490142781956448570821738327
0.2489801409713446285307539913
0.2489661060573545776059298824
0.2491459338912489307617135158
0.2491592411680421181521462949
0.2493554761027364493736716785
0.2493785252002626790478153943
0.2495401463870213361188708624
0.2495075542096277858316483119
0.2494043555505761979856947449
0.2494562350879898855348778344
0.2495431617289293147888716675
0.2494410078182012350750182882
0.2493284887032361380776019520
0.2493060024256585217092011539
0.2492408357506363709037060231
0.2493490583249350128901666005
0.2494572728491929368699941298
0.2495324828442050259138053417
0.2495692167696956360368879024
0.2494010019398167806779998567
0.2493959146707011557405583971
0.2492746925847375044302907954
0.2492578851595295259038426548
0.2492526363525319398304790431
0.2492562072248391306830784279
0.2490983874079365138579701888
0.2491925491063816049616441722
0.2493431859965842675434120251
0.2492169985404153646398540067
0.2492255341703804183699186566
0.2493011531173188164662331250
0.2493528183170611071118405499
0.2495014922242324244230201724
0.2496672569968194263265451208
0.2496311624452711531305920233
0.2496251799706763702861351325
0.2497519943688160546323388004
0.2495785605672259809882410572
0.2494924740569409942391132618
0.2494809736244292410068559623
0.2495824255564709581319344458
0.2496297633920757603340852113
0.2496077388741409001619021862
0.2496168508690534915869488451
0.2498729521423860428663982431
0.2499711925601035478312158981
0.2498648011437988128118312935
0.2499408419231303381972339334
0.2498345747759050895841550216
0.2498055318110064958402724970
0.2496828031958399456498752027
0.2497143958883458534862491100
0.2496356939595773606885980079
0.2496054835981475196171175904
0.2496547993374841763730067102
0.2495865268522275564699933077
0.2494976316428935441097320106
0.2495556187138507470118737781
0.2495679240531916764504661937
0.2496475303908825106000162609
0.2496314003441415459212998367
0.2495187273105122275495245912
0.2496285866779406724621359267
0.2493903608950050860570904268
0.2495803764443982171825568977
0.2495342016425160412305250715
0.2495504577318490450964511888
0.2495490872474806410336525098
0.2495311436963497052194512933
0.2495006457081891435718036992
0.2494825587557670292497606467
0.2495031428129892712243993239
0.2494626826707770877884813208
0.2495270917851164558816815095
0.2495922042663266190861479387
0.2494844944376143714397180093
0.2494713900807442501166818563
0.2494087892251903915997762858
0.2495082762361368078725346367
0.2494552612149295270899239087
0.2493428372676279588114040770
0.2493213671142020402971120464
0.2494469074216003246548757844
0.2493567131318066672567099980
0.2492780623704181068657349687
0.2492478576439574592173295971
0.2491668962759555413768256538
0.2493136703340851009162724717
0.2491904471677895294184821278
0.2492507383578822174539664851
0.2491982599742636338277756094
0.2491970774387780493858035804
0.2492336661624264349057952950
0.2490917708544599661030548422
0.2489433064720947883471702993
0.2490188014850052225946903469
0.2489386389171255353480066074
0.2490150222870243897740559694
0.2490170464153441729095355091
0.2490035495081283333277146565
0.2489395893210795473010367651
0.2488944964654478402765135794
0.2489237725657758257852851231
0.2490143165987896608787216012
0.2489461689272420306949429030
0.2488182818774074513328598511
0.2486971461129494774029140569
0.2485456753370734255597304947
0.2485586995597857882689722830
0.2484268851864627387997003221
0.2484849435217567213353117255
0.2485079744391675093874063684
0.2484142786248236172588436674
0.2484504321766957349428528911
0.2484823847811260171529839551
0.2484267361260375756864502420
0.2484749194157598512524059429
0.2482812899125920333163437646
0.2483425341219189212720408407
0.2483724054109364747910774015
0.2483992737526855279703252694
0.2483769111393099009610295647
0.2484090995673579612280238189
0.2484124768681117043440342785
0.2483766751219391684333158955
0.2483514932577349413008383006
0.2483625426252178559013376841
0.2483982132956805160224147573
0.2483167977214054589865025726
0.2482444865166509197106934072
0.2484050332392697960659805523
0.2484836142029787207635234898
0.2485060380452697244754454669
0.2485618344139199457073309924
0.2486095927542987649458430076
0.2487439632284724380256838435
0.2488296798952854783102060211
0.2487590531219294606993524360
0.2486739475879360081821065414
0.2486495926676773367917502353
0.2486296167420166696419341673
0.2486129027976747571485778691
0.2486694822033424310815083954
0.2486512335829362159646544516
0.2485488693415715971719832609
0.2483398278121199926792415389
0.2482930486735676608370939562
0.2482315392744482072027054589
0.2482792824349950714855032831
0.2483029848430691246823352120
0.2482958354710068036822298625
0.2483432315218131731496923528
0.2483777446810706581891352796
0.2483190040149989973832265771
0.2483062610869441306165727574
0.2482393520442244545331580048
0.2482499080639897648124049687
0.2482703477384404093266240339
0.2481783472851053420942671207
0.2483134638913920883306622649
0.2484534329997970973608681135
0.2483249756377245380729654620
0.2485375450983924927990356420
0.2486202175846727393785613306
0.2486072322253514878885735083
0.2486147518220725500431432234
0.2487047985130080348409853272
0.2487490116170798984431368721
0.2487503793924826142615807358
0.2487124807518155674168653293
0.2487394412483026291882119685
0.2487305847815458224909974771
0.2486287241143169916300161132
0.2486973598752502764108634590
0.2485727874714407509295599495
0.2486340724310168633709747321
0.2488146347516525565149471925
0.2487484764220041954136616187
0.2486513201697578539008251808
0.2485843404761300789431829863
0.2485187872220903107299385095
0.2486123463616356646166446676
0.2486105783711381281858673471
0.2485129769098438278335557354
0.2485339420818192793595757243
0.2484827970970682275027517099
0.2485144514133018310819866083
0.2485355958245497150114416043
0.2484980870992136529392549941
0.2486042409082449960436970609
0.2485399181640844507333812957
0.2484190249815554641359988727
0.2483048248003131600947877532
0.2482131372861783518591235266
0.2482406781403636200153431783
