1.406204337662341167920532776E-12
0.3155559119011124959181451884
0.2669657647926730149055379524
0.2516835890843157137985090769
0.2636360997036010960620249760
0.2635713723730050814449972038
0.2647463277320344373637736249
0.2530646965598863141204221240
0.2572033080416059962610878142
0.2553180314921608635889752820
0.2567670255979949860874342730
0.2551970357338384871974588077
0.2572430710335273747496070480
0.2576394860490520590308917762
0.2573679604131031298454878953
0.2574847565821092843480303583
0.2582906522711566871258099347
0.2552000788602079429081982853
0.2583810430305091759310074104
0.2582780693877059370353236285
0.2579352627039804508995053701
0.2563918181912887366355120876
0.2552832382821670499141640395
0.2559715188888154155035197533
0.2546684872829220494093428996
0.2536834961746050707246846143
0.2525759340482493849241887582
0.2547652071852850824475193669
0.2542123031806719662072444359
0.2548044382425757762320659905
0.2552340462853486468787953675
0.2544793968201658996832760722
0.2538103871448586894834688485
0.2529450498054164556687538927
0.2526634420133145041797112072
0.2530455504876312820008658115
0.2530770607226949752519471800
0.2533538514283108741022659331
0.2547680243827903454939629307
0.2542494362501612714734476615
0.2549655776569543467695654152
0.2553014448110081443354857803
0.2549156701266563995339302342
0.2561566832123470854324365943
0.2546099974365555820306615640
0.2539193875806312065921057746
0.2542754331814199558178316396
0.2545165050847789620168585028
0.2540884206832820006332579263
0.2545143746821888489457423186
0.2540694497562864713708042439
0.2542138983800368987573530072
0.2551573680663249106002053911
0.2550003025738738164124261909
0.2543738917310533235720005569
0.2543853229362914790388021940
0.2548764372808452137385067674
0.2549503376297730499355350533
0.2544980033828479296463582315
0.2545546003427899540140609187
0.2542066385818723156919399214
0.2528355513922214634422533651
0.2525900868336792892491376705
0.2521453186736116816947894085
0.2522655502504405620795000605
0.2518528841933786625885928366
0.2520826543235898199523241132
0.2520842102090169905658887091
0.2518567921976288748650945099
0.2507572329990509535664368906
0.2515815228153758125165253258
0.2514503954574087983420009282
0.2507940527627567185393100511
0.2506045749883352066660007612
0.2501056271157509906477919797
0.2505685569404810005695657236
0.2504340245968435474978173008
0.2506973278432703635750352936
0.2502889277181645021835574014
0.2502653219262028960532175852
0.2501549826267110528088240355
0.2508797657503318430924459464
0.2509107735864418095954817608
0.2504733926622083023726265307
0.2513265881468534694328739497
0.2510854319840335170842958061
0.2504482897498645522820445372
0.2503816464215983402721982908
0.2507405599437689531892992246
0.2511590212947625448944209309
0.2511497388373404329979858954
0.2511473020553276448816507713
0.2513913028712873012385011339
0.2508724733928384393252177209
0.2506317023567805050166813593
0.2502299610779527863698018236
0.2499294097472336133915727256
0.2494232867020874365237071389
0.2493137632736331003402145280
0.2495671708448211876624663273
0.2493775789597331555913825541
0.2494466965609133848104075227
0.2500278144005271507935120511
0.2504027892997011915706090283
0.2507519061862648793915128325
0.2510011603143523181921242930
0.2508721616891962924219509353
0.2509317905038592559783463373
0.2508812656048867471113152013
0.2504508665482589755513974475
0.2503978231082468475298941313
0.2502142083025697605679133568
0.2503906761176838426502849657
0.2504394316271724786659042334
0.2500252453226845193962264356
0.2500978327825757960287656484
0.2503324321810177067191004248
0.2502193059473049590688684128
0.2501138706587579604631721820
0.2500982507558688383743141289
0.2501340142871020879642967483
0.2499040560658652318591443633
0.2498317848075629982875767742
0.2496513794712399823241471497
0.2494720920730747065144887090
0.2495765443485871045080961040
0.2493796624195439639368387097
0.2494010028847762084704195109
0.2498551037323094630346485709
0.2499412951597543376051560238
0.2502310609543047332744495028
0.2502269798695854979953896717
0.2501385626680277686800219617
0.2501785098650946308717720496
0.2506244270437567490647266502
0.2506340524001807580306404152
0.2510902204803888032239857197
0.2513605225737648636859395845
0.2511591585997630776566527931
0.2507203531357691827742632661
0.2506558715441425888727342297
0.2504430869348379047144216627
0.2503501268878916383523420927
0.2502370741415010166366223942
0.2505845266102534104965326609
0.2502223933937999789236721694
0.2494756144778477718464563759
0.2497635026604427811668236151
0.2497100882070754397408361969
0.2498619769733849402407545164
0.2499886525431584454976767363
0.2498929828053203751035467041
0.2499775396236893175775599199
0.2502031520706529518333402623
0.2500589365367272046177838524
0.2498066449560334122551698058
0.2498051142206634698951789299
0.2496722564966768284507139049
0.2495404090224131654499069843
0.2496891509887449072970892006
0.2495060630193372571487648793
0.2490642385688461277632942745
0.2486847969044703291263752737
0.2481763183132565084922283159
0.2484766657682696188004820277
0.2483717456349669104020677576
0.2480357115147532115584762306
0.2484439205141461329699324667
0.2484745742154952423168225502
0.2481461138642923313296630005
0.2481547685699616539465709328
0.2482776105043121890685021425
0.2480586497686150072378023255
0.2481491023917881793255958723
0.2482462967841604710472839199
0.2482058096498347797409403506
0.2480193467686136262145826598
0.2483266594405242399701481152
0.2484817081312926900518886946
0.2488621585250843335471043009
0.2488714474491049336639445956
0.2490832203016239729111389511
0.2494032851564598643989155934
0.2494992876012488897806162122
0.2495040198208492800703069969
0.2493628230649168951254837694
0.2491774166733780642206246299
0.2492424566454252857740536920
0.2493467821775822507230833590
0.2492273319580867109403318428
0.2492704510919197620876123141
0.2492774279443921700956066125
0.2493014300835358787271494110
0.2493798706294178591066665737
0.2490759287380853102840808616
0.2491354482743793598165633674
0.2489043762945050789032205030
0.2489077193524503400645023193
0.2488563716234970671803326067
0.2490849472471896537730915124
0.2489513327136741390950067534
0.2490439734767744557358934321
0.2490528406119052546925756362
0.2490244368477073114663926376
0.2490059768068750708865239936
0.2489404553713518490948885875
0.2488349678089257385024015712
0.2488320727139380570329813216
0.2487934693448253740009989945
0.2487334165983805567139272019
0.2487685858588951407537203601
0.2485875200176590693070501678
0.2484815428329641354697124887
0.2483005076449884150471860405
0.2481570930873803495167404695
0.2480498829352865922531260653
0.2480239279435211279198965368
0.2480130387951293523016811802
0.2478325061491916391925273886
0.2478189588689868433916444711
0.2477643554117427516400298942
0.2479454197824359191564888134
0.2480261886493995385707146917
0.2479848978601221626054985331
0.2479731471857336211563244610
0.2478182295444561643216419429
0.2479530756813464201731854856
0.2479087200230048215128086280
0.2479857015236979882552587946
0.2479117188650417029676050549
0.2478472585879556587611839600
0.2478535905468305785768520473
0.2480083483063246595910104441
0.2478796516842653041764565593
0.2479621346856227645247891774
0.2477563762583809773419106828
0.2476445816043061931068384612
0.2477204365957026010492695695
0.2478944738267625021120368490
0.2480610996306686742612472260
0.2481701038807686061038157312
0.2482309537850858634255420402
0.2482249862496730169131038299
0.2481958113409213829474150527
0.2482095361136698252310094019
0.2482530107740873391511514161
0.2481371608887647573893580468
0.2480934066283674422329938476
0.2479691599590334402648738728
0.2480621200759794627237284411
0.2484609047732999453896312849
0.2486241456425821164272098683
0.2486610507420450050539353467
0.2486529210422181212394762231
0.2486703180560057582094770513
0.2486783383671122898082241267
0.2486953626063177788763773080
0.2486517113173779826448200435
0.2484009095264150541579158808
0.2484921347971502331409356925
0.2485017540960367139187421845
0.2485123644430743425658168046
0.2484745726051830654856455030
0.2485656960078749861417093337
0.2484550456734297355522547182
0.2484069447712025754727341088
0.2484387045036691138070903895
0.2482182127746437492522029520
0.2481963043943140306319242040
0.2483087094956698182619622704
0.2484153251174264099880495052
0.2484129964613619773035511905
0.2486582013546796480269985935
0.2487829867552347861120369838
0.2488388930415898185465690143
0.2487816088699569849486627444
0.2485362779422961598484294865
0.2484784348473221013006285369
0.2486153052544411613431087095
0.2486395163685862549782497302
0.2486964383746812584774551340
0.2486245068667889605490384019
0.2486101763156666598282762856
0.2486460728837105646647637337
0.2488060875429192994069674628
0.2488408956917169938480706755
0.2487001414099946414897825809
0.2487482589896626051768966899
0.2489664274188937240746224356
0.2488628884800564577418665478
0.2489441074534126611180557952
0.2489567216011682270151918279
0.2487844423507798354436992188
0.2489303210550904600600848164
0.2488186317949180131947768826
0.2487821402126193782398275657
0.2488543229672331021558817845
0.2488092312241412606713595667
0.2487919140632285121819677974
0.2489414792482843910811549125
0.2488172119893779216564140160
0.2486955494526856807694496785
0.2487931356207893271517536169
0.2488939292773516336541521314
0.2489264062373354741771704144
0.2488862926384456976062179605
0.2488550719324270077025808009
0.2488348434156937020097569562
0.2489392052911416404025276308
0.2489091646948593265686753286
0.2487443671533889398830389890
0.2488632557041795721682300687
0.2488178424351158059930980629
0.2489073965041789312859306905
0.2489309597806928906932859128
0.2488255737742695109443677000
0.2487928576857163006782870346
0.2488481677486225013737570101
0.2488235985746017083296950002
0.2488764312065296588048996167
0.2489606930009717836798157425
0.2486960639672533743444432936
0.2487862079090509971223967080
0.2488102331030852820090907694
0.2486754740706012981418350991
0.2486977170418405789209647827
0.2486521806192256627705161866
0.2484447138278770276827374096
0.2485037814098557660889826593
0.2487651478568072889226965542
0.2487763729989725909633173761
0.2490105553647988813709986507
0.2489612279539449397246102090
0.2489078721563787672735732490
0.2490564736046141445418604051
0.2491547365924753511230316635
0.2491822265507638230442836432
0.2490332334259751543935458921
0.2490206935131277924628529516
0.2492046704648480409826357123
0.2492518166201569611568728992
0.2490959683745461890950509851
0.2491466567513415681849281493
0.2491207021311358034676517113
0.2490699766122973929047315491
0.2490880432511981932956341729
0.2493119971669612544769661693
0.2492014157782229024870153505
0.2490402062242862162289916701
0.2492123142210758382377524861
0.2492941688187511989797769721
0.2494220541251252808643403940
0.2494014972282431254399732287
0.2493279208118114304716442613
0.2492199164784056910185500236
0.2493554668043501051697150868
0.2493950913731103318954820522
0.2492701857700064309279795523
0.2492251977814314355855706251
0.2491467450868641018484954907
0.2493502975519298822874554888
0.2492880763772944740165878543
0.2493123851949241908514005380
0.2492140134035427136080249350
0.2492930748162982128501040126
0.2493483028003825088708419596
0.2493026710291215651729007968
0.2492173818446096430506816489
0.2492451144472365594918908148
0.2493448095024675126917799401
0.2493712947045832330712113940
0.2492853149856029898744447983
0.2492828162551815230848781103
0.2492275518549072321416118023
0.2492292493055754422293739152
0.2492816729754714328068935491
0.2491840209545562738938774086
0.2493500143294604890122940461
0.2493776427882648898922997401
0.2493292452522749741525150577
0.2494806400052937535535415444
0.2494587834566550164508237550
0.2495555225842027257581934791
0.2494384415977453071784204524
0.2492830747111014695088778995
0.2492509371025103472039468437
0.2492720680766869613807982126
0.2492608691355865970123432272
0.2491982643268988724928672471
0.2492150578972563324920742613
0.2490958968885786279901789236
0.2490859524805233823155499891
0.2490946124854203125930297856
0.2491115315869428695274772198
0.2490895356405151840657058521
0.2490376854485772781251460716
0.2489766719304532406732949202
0.2490276447848123876518172893
0.2490479041389429922582401001
0.2489316215581112499345302637
0.2489460793391114060940396414
0.2487983805236054788292578938
0.2488930366506755243194228409
0.2488429109521875818826925767
0.2486550058319876422165289119
0.2486138972316145526567163120
0.2486000004907699832654791815
0.2484834052857281225635993867
0.2483997618428138607283008579
0.2484187665498208861766977516
0.2485029743780263122738885041
0.2484322295666781959481634624
0.2484147745099502198213919795
0.2484353572887409747629521214
0.2483687161421390387215762981
0.2484800647193142217537802497
0.2484004405890863586932054069
0.2485110116570322960090265980
0.2484150862541050831445474106
0.2482905869539633861038254929
0.2483183305506598565676273981
0.2483762386105351783305483805
0.2484470824317870297814956018
0.2483050746121621626375321336
0.2482958447902439979619921196
0.2483577763673236374867850294
0.2483900915212601879279936043
0.2483686832545337288453523729
0.2485116643141547017569390077
0.2485322856310300403551553080
0.2485881445152681089069094326
0.2485536314196418286007138248
0.2485471231862162261408347850
0.2485569112429215491103724526
0.2486461687872136345124974373
0.2486683741805090063514803234
0.2487527796980683118016458968
0.2486005331152710248786517392
0.2486700166901436296881262073
0.2486315382640193473294626992
0.2486765946589644661427932919
0.2486818904158410082741500676
0.2486692107032600978753036888
0.2485538962836254391576855720
0.2485727017546262458289708474
0.2485977389173868426037657007
0.2485515652461587450508579788
0.2485568152648686590955535790
0.2485446240965941363125850770
0.2484356775004332622009125314
0.2483666738819017526674199481
0.2484002489737158019899065721
0.2484383195412874888134527585
0.2485490051891221829964499526
0.2486303797961937976977044145
0.2486565713498339078608118567
0.2486556240399529055319381845
0.2486539130936937082956908623
0.2487694186165462066704381879
0.2486874680544594730149512369
0.2486325444227582720176036616
0.2486456430028783746206650569
0.2487531577260549081123283033
0.2487894791505457257983588511
0.2488440196248542980090173559
0.2489119428437210200641541649
0.2488440470403805929067322738
0.2488844557441915127899914603
0.2488757355872803707687797268
0.2487649665876080677752823337
0.2487406104883685582640176831
0.2487214126819998287048005892
0.2487829688290957310828846528
0.2488511033985473282963773791
0.2488518295810325305077252681
0.2487751864055880282980574760
0.2487101119661988079454654898
0.2487490417485640632975274929
0.2486386766008618063882809804
0.2487229428291315711566186827
0.2486605037843154057854905508
0.2484721607819645010507222293
0.2484674678236807992888063440
0.2484616522444359231053398077
0.2484003327901322136147770684
0.2483666069562590268614242207
0.2484294760652596776445871829
0.2485053508569831462626249759
0.2484665921603472363336414841
0.2484695617278410276876492465
0.2485023353598971835547471689
0.2484482855337006846914143149
0.2484244647309427337300781364
0.2483586277171907298765843403
0.2483106084061541346068789521
0.2482637238181154236141381470
0.2481750263610034452339392861
0.2482561817087446763819379275
0.2482565227357104952575913896
0.2482630405297022378009419371
