0.00002227984935553380409220866120
0.2820448685748888156012713341
0.2645568441915241102522508818
0.2664557062873839078500677200
0.2658311509014390478433793236
0.2559772887222872235024570191
0.2551160830622439499987334243
0.2568946844358299942328209046
0.2549723933914949838523914889
0.2451111926993526479526600225
0.2470059907283674188727810695
0.2466190456275546238776581999
0.2451366724027982158754228725
0.2428774690669853123616868921
0.2444569923922923236461311692
0.2428687259790113016820152995
0.2434212087978441309719387614
0.2426161204328399751145928819
0.2435007062499009745675400159
0.2413251925234812928774490109
0.2385862905653785667241790071
0.2401494143331797553880405746
0.2382101347598562217669428353
0.2362717211305131111964151362
0.2373768981924416632151267623
0.2377269483087915993770418870
0.2387680719906920307539341215
0.2398399306875993608362554060
0.2397322678388003976976376551
0.2407575968048165565011818652
0.2404758064589574248929826007
0.2399001400242023462296833593
0.2407499790674963155541285815
0.2417637467947090900393902008
0.2411288495861006108988240244
0.2405032788918972691980629773
0.2411696943824980313786730968
0.2416413586498567560067303290
0.2404648157862128703222570482
0.2409047281882132573204616972
0.2413751161971036049805690057
0.2403888098570856469598085183
0.2405797069043142461601676942
0.2394859081341039223999662492
0.2402073716571890192145271887
0.2410502853528217245012555997
0.2423198431463713779756581396
0.2427608795100880258015421404
0.2440750695574033484300698064
0.2442916845109238418480614635
0.2439283553405177486915341743
0.2441696648674973385995109007
0.2441853709743245773279649845
0.2438113309513592366293507115
0.2433260492372890065628119828
0.2433930646745389437425438851
0.2424600398522786918390621600
0.2431032230818258718650735533
0.2429310764791039992224348302
0.2444711735262658250843976087
0.2444794614371972445039796971
0.2446334498628326734373304669
0.2452057159067468636268894120
0.2455233600711860938885650977
0.2452209834436493827746786344
0.2445349846665615751690726839
0.2448563956129636734481172190
0.2450710848034022768961985181
0.2451790231837305444996938895
0.2450362754362562443402737652
0.2448150790498092012027100612
0.2454265104521943661562709220
0.2452414592279907304933299136
0.2452741434891872851172741259
0.2458111962235866206809738118
0.2463347122292580476763881867
0.2461161510175904317067599352
0.2461307598697850148336830077
0.2456344154172979438107179043
0.2461336849461923475132095653
0.2459026417331515247557794017
0.2462318129695604294416578965
0.2458867575059730487222600292
0.2459909995988516445331991392
0.2455499059030799975684965697
0.2459577700633552496343936244
0.2457851782727703738527739294
0.2454190207530129115724420601
0.2460660155143006004219898023
0.2460562334025699390541020673
0.2457061028977899625002722047
0.2454678477470662441687903687
0.2457159339443475560308145500
0.2456053094635818794184002796
0.2453659378426508942492087165
0.2457001714894200594316582753
0.2459199247870505560328209289
0.2454376831445731717985638627
0.2448822719792611666728348692
0.2453240766833646320478815876
0.2457161270334372373545562963
0.2457347988433014852896278925
0.2455078984348352339322413459
0.2454159331934741625705260659
0.2454909788559638589538332304
0.2461601680629084896722330838
0.2463063662170512602620607754
0.2458955970101908749004157267
0.2457571841704105122471414623
0.2453973623539601266886880699
0.2446582217713361732628530460
0.2448925340819067428557625880
0.2444918245215733626927562382
0.2445704761551787903376402520
0.2448784392171579359908224507
0.2448997981795967270784181037
0.2450996599548641607742559878
0.2449730674657883079046279433
0.2450774436439726455425302835
0.2453969382733154110846525828
0.2451736430539195130950485918
0.2454743281580915356427979588
0.2457756932252217252152301936
0.2463545799056642201158808251
0.2465036452417917352519229212
0.2467221321480930400813712014
0.2470439802169978947079925605
0.2471798217275639722182909014
0.2472414324557028106431591355
0.2473445669890915645349585176
0.2472809054847088752757213235
0.2471366979371128579404519844
0.2467457323659525429977012557
0.2465785712003540323725900923
0.2465215745040426470161490073
0.2461906587236941500727045680
0.2462999969045535425849516387
0.2459490013435881604395615230
0.2459838160527565825656971081
0.2460671230136592193950567089
0.2458436249835784011738132222
0.2457526588161580086569575692
0.2456563366945399310663091896
0.2459570586548021792649798524
0.2457700695098319516038576594
0.2461756986074878394677676132
0.2461414500907585324698461447
0.2462313655314524301962519416
0.2461573524394938093343571622
0.2461253943426945873598716014
0.2464803419565617621837251238
0.2463741915427227703089877225
0.2464500404368279996259254954
0.2463761950631776857644468774
0.2461320090389348985305671565
0.2459362895607582914581065448
0.2457500254258297381174880969
0.2454065561828020105500342198
0.2451453726069826869331461705
0.2448663308478445577496499459
0.2449183868599234412252372275
0.2449699221822607554727805109
0.2449723901354467694541117318
0.2449389954468803055424535344
0.2449370130732338088249890749
0.2450605698555455182456777699
0.2450486167180031264399625892
0.2451890626828241169381948672
0.2451856044138769190944371807
0.2451805646755611521792374829
0.2452470802601939222739874115
0.2452700046062343400398678883
0.2453611090477746844597892840
0.2451327927635656231412428087
0.2449473795077497765146361544
0.2449892814812348228507645252
0.2449960832601939402665238238
0.2447781997131224815007161856
0.2448882521940192259246959010
0.2449157079844466881172782254
0.2453494680096507114649057310
0.2453332259007707888481957553
0.2455234495438026539491237587
0.2453928535392203273248180565
0.2453271287253089052192121975
0.2454311574383864215415595415
0.2455834813224938411101430600
0.2455124426956586397052871289
0.2456195058210332708316569959
0.2454397768575507040931027612
0.2455184896354187956957087905
0.2455268033089454277519852991
0.2455179239216545715102140064
0.2455741926801853260839425993
0.2456108763782277110409767297
0.2455891150312756761942544558
0.2454461875465715318200640397
0.2454853112979130836500439707
0.2454903310601595774564426990
0.2456398499355806853439233203
0.2457727570201535137906886946
0.2455354591369965381369850100
0.2456297035927177836702409619
0.2460660566107732752516663815
0.2461709606419985856130940090
0.2461852020744631591156564117
0.2462422589175256139462530668
0.2463074546339336646073339802
0.2462843599691254404145591032
0.2461526159079735332530749727
0.2459582072766152987995923962
0.2459973468614854636595995738
0.2464259153087244372008079573
0.2463716748972609866695520938
0.2461244168627826749630480503
0.2462226231642439260755472094
0.2463186074143506862606930412
0.2462158823600015373632362983
0.2460241968993910225731421239
0.2459370701863620723144891372
0.2461272004403729198410734268
0.2460394408331299213656466282
0.2459977109293251490093279656
0.2462282724878945493665170988
0.2461229257159354131517627873
0.2463539087271171854397394458
0.2466391624942872830175476168
0.2466862724176700501775544891
0.2467946619051717707510132347
0.2468319873452480933095788609
0.2469615581453300579639533605
0.2467815016372864848178494482
0.2470249776846877085455527674
0.2469989132496769987365915447
0.2470611360988301694671365900
0.2470501386122586615920332401
0.2469319916896012109364940545
0.2470708106412715855765364184
0.2470204542041846686693721491
0.2471969350434470710528497579
0.2471082693887832197798396714
0.2470453376275974539886716870
0.2470233030738984478218584154
0.2470698800406551134741636533
0.2470961836349939649073576752
0.2471013450317743055996684470
0.2472183703787622557184230318
0.2472779936752925617460175445
0.2472704140637840437791464838
0.2471521190301817778376879139
0.2470877691272593460709577635
0.2472691431382287981780423575
0.2473447333795131843323407217
0.2473889520159141726709361099
0.2475184972847079705148360275
0.2474489775714932197626416155
0.2472735072708989576786625350
0.2472834053782396952787438872
0.2472834355082260165377815510
0.2473105709285414267470158916
0.2471602220672393070033569040
0.2471138879215385496947482368
0.2471598395596408343915925452
0.2470040332754288924764075448
0.2472870973578511045995395071
0.2473111215900080322179212639
0.2472076394678361388414079055
0.2470046011254402710922893638
0.2470810893166598529709930345
0.2471394420984154982197237811
0.2472932855386189956220356724
0.2472665816518175392368713196
0.2472861436787009188690304661
0.2471279321660560592089743391
0.2470408698147690863655183321
0.2471587095707703980704407407
0.2472956210710920734985735639
0.2473240664693007624406938594
0.2471591970218355184658121461
0.2470557260547724466329040696
0.2469821525237367241096122444
0.2469529040776795251761957719
0.2469717907878398833432703017
0.2470588853599833855701063474
0.2470839547056777022464259852
0.2471839444686659964777948408
0.2474785176047043866452872970
0.2474700389578467678236580438
0.2472635308212321589589404595
0.2472481791463182678765393228
0.2471802170163293022770141005
0.2472036321114941847733756740
0.2471755407735521165864955108
0.2471567759529988632166304617
0.2473970249955972167337795849
0.2473575510971513468014388081
0.2472618580457826583432675505
0.2472578878804284060922955860
0.2470674009027650589947394810
0.2470755416261814320708399476
0.2471253023128435089171414942
0.2472229807645380200785374539
0.2473127351508197506605348535
0.2473450134481774224858127976
0.2471931165128720070412814598
0.2471143198974433442963870336
0.2470450965375190125465961790
0.2469656880461017401434840668
0.2470675146659426797148903988
0.2471171121227899014724912826
0.2470737986024551870822411169
0.2471539879024910700537144084
0.2472035915586514115446745295
0.2471445389555272543543550952
0.2472197015846079806522944278
0.2471699006240746545918082431
0.2470593962867337728541279665
0.2471947507561585052162825084
0.2470495170173238117575378426
0.2471365470521717876729281876
0.2471141483373043270077542584
0.2471079530296022868438450575
0.2472601798419200195538790284
0.2471730172453638572350126451
0.2472214994997303706301117327
0.2472815597393346159169697315
0.2472298511287784697463700690
0.2472378492700622330781329961
0.2471254425721365135906261661
0.2472975769881759351128327020
0.2473484550056587566351203977
0.2475268529128902833564489509
0.2474206133771425831616183141
0.2476042952656892643009811751
0.2474928815017685053918002420
0.2476624879588241164121154044
0.2477474023013993966141473087
0.2478923502565050266925484488
0.2478470716459249268406600041
0.2479033840780357885940450730
0.2477964789099410794281481136
0.2478411070871976882287035129
0.2478830857681230602802108548
0.2480390030971005416888762062
0.2479320779076537194438160534
0.2480055913039945094177580265
0.2479470873933849745655120961
0.2480297573184840296277991473
0.2481652264710090318816818018
0.2480179253251396956122359691
0.2479136260255891821070584494
0.2478754697918681865071630774
0.2478115254313999330634754374
0.2477810947320641703571116322
0.2479682664499485957563055401
0.2480291519430209001379724187
0.2479309945925712306104151448
0.2480250022158455870250316058
0.2481305398346991726707004759
0.2481128755901311747180633332
0.2481135138828411584422603893
0.2480976374824854638602747774
0.2480711799770968439471680372
0.2481452010728165229480242023
0.2481684095957542064444207993
0.2483138283857662971244000549
0.2482813318595078311024106743
0.2483902728215546859368659589
0.2485186590127672959631317390
0.2484344808611522122389260563
0.2485058405383183621622366643
0.2483671611288515025731314220
0.2483062064382928841049164421
0.2483768463832911506087185430
0.2483001019010665778860499626
0.2483354522964819359849242865
0.2483092035092906200700609811
0.2481160285653337886637109361
0.2480725264444756805287851711
0.2480606630423490431739124436
0.2479486345428621229071841578
0.2479062966407530361709934418
0.2478244274189518375366528149
0.2477143093767312680291682237
0.2477687893695892689534173978
0.2478318617673428957294698921
0.2477822147914517086775387216
0.2477053643202307001108555826
0.2476470942133869644251257787
0.2476442416468290491276612457
0.2476218057082810151604522564
0.2475919424935207677261558321
0.2475161771386132617879101810
0.2475927961365612414435305325
0.2475459165866821328671754963
0.2475937668048530974614055021
0.2474800920527724020368651113
0.2473787299049687127893306710
0.2474196750313812447024820526
0.2474365614590736440103681960
0.2475197550869392260305281037
0.2475233993379629609844207087
0.2474878442101747207837096051
0.2475420701986193113627341479
0.2475918183968950398330431335
0.2475932291770693371463658349
0.2475336487428624875469512107
0.2476091952719287651547604163
0.2476674074819234540580918806
0.2476527552163969835804234266
0.2475423480405268565674168467
0.2474071932244837031626001085
0.2473868572287442973529253086
0.2473716046952359562688035390
0.2474339644555722343466504512
0.2474714103570054327298212872
0.2474956695663564000955292738
0.2474052514655623120542623879
0.2474100765553495180825769574
0.2473115015126228828150505259
0.2472768114190808329527398040
0.2474028516166320463959090017
0.2474471240004295259329590208
0.2474062198487114252575840021
0.2473396016479770496112150493
0.2472800841513775027851840260
0.2474028606739992286240308224
0.2473797746870677240442697137
0.2473261293247546257461852742
0.2473993355321541958957479094
0.2472871884832539721624037719
0.2471617057988469870796877856
0.2472067918092875103533650016
0.2472700078910844352996323256
0.2472856713054499848354590500
0.2474012652029211818746022000
0.2473638670006696888526415320
0.2472905207862688852990379723
0.2473359845742035467156686266
0.2472938901350471689030795701
0.2473098149508506635885617067
0.2472811510869876276725097345
0.2474679179827664046994801632
0.2473260441555737031678148132
0.2472103459356682450667679814
0.2471369577966734142767169344
0.2471308032158974768889298516
0.2471113141956951387812354648
0.2470776740512146330628027075
0.2470889167783992064771698450
0.2471647055382012412595437823
0.2472443315800977775165977552
0.2471911419751341602052590992
0.2471081234663331569976708152
0.2469925916583177314944900631
0.2469246418742378521335289451
0.2469202290722699190424635065
0.2469288802328946826590703605
0.2470272126043149352114944900
0.2469590790100995522088818848
0.2469092345241504053865923237
0.2468034268221411471818811635
0.2468490946501409763099664838
0.2469985313549597257160436285
0.2469509458257233164637076160
0.2468517475148217952672536105
0.2468442945323844982311576175
0.2468171368513453615028648882
0.2468047362527424952658872126
0.2468005031413900213436608850
0.2467946761919759403930251003
0.2468927997000699511839092003
0.2469724452118493296215618735
0.2471716165983096032321829679
0.2471357425096401995633603523
0.2471275078190807176470215370
0.2472125470379424198935813390
0.2471523819454401884459619757
0.2471386566727797824518078425
0.2470750266653365111555255430
0.2471139500693083277155430668
0.2471195278229967108126458641
0.2470940134502409786276751993
0.2471160099082910512714347562
0.2470459632640419903162872971
0.2470831620358700833936904304
0.2470949224882049898763138099
0.2470568676369620636319793178
0.2470127104194806010046317601
0.2470184081931515693624109743
0.2469808568383210383519366216
0.2469159057289857664662925605
0.2468190080357345971276636900
0.2467214412370106239095066535
0.2466081330058393737002523794
0.2464699027336732089565087105
0.2464409527379908128993913223
0.2464680645098140393974032522
0.2464729185547232427092135385
0.2465438451909127837731056771
