0.000009153922607387927242365138120
0.000003716445962465012948001242167
0.001509287821869938097833681289
0.002014236327843398620868732423
0.001513211486170215379837100812
0.001815782269137292176684585969
0.002017557341898703031866962880
0.001730477351430562686565101692
0.001892654047988758182600348845
0.002018784694385645120308252054
0.002119750995729151138632749485
0.001927662088993310220933140345
0.002019340946106082027217270757
0.001864492335987896643515079701
0.001731781828018676908613364359
0.001616799730831191226187776887
0.001516127356743459438939292743
0.001427238019251484210756079374
0.001348285871339999181523852470
0.001277620462710101472743768229
0.001365166558882104413778826821
0.001444363354285168423364556267
0.001378981533148444125923292946
0.001319278652629587633437469072
0.001264529877033401502641885968
0.001214244465093857995457402309
0.001167768366873285752180096465
0.001124713329632128320873255777
0.001300643110364081320715133337
0.001255991840467010704242945568
0.001315048010440077387996650309
0.001272812010469209328465852960
0.001233209217145621569716866949
0.001196003095672807314369404672
0.001161006453275382318114899724
0.001214360878822511805398033693
0.001264748431684796796786351309
0.001230691540806184573668300157
0.001198444470129691524172999228
0.001167849730198093170960692541
0.001138804932332695545229298642
0.001111181070490689156814783539
0.001084839635249725775743153800
0.001059735866024499314206096653
0.001035788293175350194165287593
0.001012887755614249209458196984
0.0009909985917158475743519603325
0.0009700387348768268059310642095
0.0009499367887769580891701017523
0.0009923467820071817945453579090
0.001033075353840452521147928816
0.001072224983859090877469923129
0.001109855070661234161408350337
0.001089018525583959703475007493
0.001068943389665071418962668669
0.001049606445039275078301154678
0.001084941540498771302761432374
0.001172082940134446168840136990
0.001151957008950857692053312928
0.001235024809628742200413251904
0.001214528394582420742349684415
0.001244279451089041891774730327
0.001224290433940525073874863508
0.001204943153399662371482737524
0.001186193230811897399382335298
0.001214541145636514146859532324
0.001242034323053106571802984632
0.001223564274560235886350658576
0.001205643323433579857176432147
0.001188255010508964221621973647
0.001171356895412833835335395048
0.001154933430262082305393142870
0.001138963564559865990524476138
0.001123432425250914610910554158
0.001108318517668200022132896576
0.001133920525616936134342170624
0.001119061498341838237294956587
0.001143873367175360004354608931
0.001129268881012592647255236090
0.001153308427266011215593607531
0.001138957127420765278395443498
0.001124953039684462135472277216
0.001111301633096469464663799182
0.001097975830052612299234689338
0.001084967269049307448511864799
0.001072266941528699682419027909
0.001059859775183757554807693023
0.001047738850131093639708075276
0.001035887130934251612789507368
0.001024310966828610603771308577
0.001080179703849032722827676119
0.001068368235619117867962055354
0.001056801575523995180996990472
0.001045493474605104165010851265
0.001034431456972680736095414068
0.001023606479364057823891629887
0.001013014625443481782705386792
0.001033793947242448344293960880
0.001023303852831681593958970756
0.001013010105504302350203498086
0.001033164324927560196252526392
0.001112798577449093837761575927
0.001101937421186354171374000689
0.001091284475727687507229799227
0.001080842534159831697197474211
0.001070597725995488769149660070
0.001089064567643396497024860075
0.001107202274449478873504584158
0.001097017697450234184596346086
0.001087006303883422197404789731
0.001077169432615974034605090611
0.001094754378262923433368866489
0.001112035927109850138681194250
0.001102246805399146337037164067
0.001092627802197448594837641356
0.001083176071509499362014088457
0.001073878608857604218935473045
0.001064744757598033112652589799
0.001055763376985870039456206335
0.001046934469955362463968628125
0.001038248123741961385304408888
0.001054696230812155080276325100
0.001046096156621888404213563593
0.001062216012842768188261643863
0.001053691048959547620485480389
0.001045300276077669744106190210
0.001037043406204644854360899811
0.001028912230693066959530053473
0.001044542412448283273172033618
0.001036491225941531906123318942
0.001028549111245801391513370995
0.001020741513249529933270005152
0.001013049430759811965177342327
0.001005473696869087793796103290
0.0009980089778360634581724371360
0.001013055628492229466848217578
0.001005642912785535062363119533
0.0009983410752575653631306583848
0.001013054262565389724151873112
0.001005804165083189753839598690
0.0009986569790142347506460840533
0.0009916109446654454720879334678
0.001005957741103114146016001324
0.0009989606911039437540109925208
0.0009920582745415177487447489931
0.0009852517668540434910392793283
0.0009785371609285286142747382138
0.0009719207515633210603006701714
0.0009653888011033614173395321553
0.0009589488201779807750499414395
0.0009525934803342981786510156450
0.0009463223110477608722965905430
0.0009600190196473460666986159088
0.0009537771048758392672102652957
0.0009476186258494074792371139023
0.0009415401952141220220157991794
0.0009355480687513249634997822460
0.0009296204461956047107088215324
0.0009237730654337852350310539491
0.0009179963528426627860114719577
0.0009122901300507877115003243960
0.0009066542218556262773972396690
0.0009010912753390784947481938269
0.0008955898423116601598001360279
0.0009270386781024948478535711219
0.0009214527797121053328896916884
0.0009341497348460112783240152178
0.0009285854112519174889504355422
0.0009230900494109540885917002738
0.0009355513979501610801061849269
0.0009300754024465204372711911623
0.0009246666609966051935517760540
0.0009193266619904811278294000029
0.0009140356961311561855184656933
0.0009088071203776402522555790179
0.0009036466650821369482960469390
0.0008985458882649385997208781535
0.0008934973461954451152121516400
0.0008885093502491175706195502770
0.0009004692858527104307274039836
0.0008954971693801067149282141731
0.0009072848365041422377021903210
0.0009023263894265215260990877111
0.0009139454202035169195119710502
0.0009254426403884920750458285914
0.0009204667440553511048283815091
0.0009155448407860629417352278442
0.0009106717216086053684156130571
0.0009219393736923758372047222887
0.0009170911917464203364551529453
0.0009122921120020598881490928572
0.0009075437609260601584648869133
0.0009343442903308361623521216202
0.0009295280434999990228428659904
0.0009247666351839331902835178862
0.0009200503056387051698455016917
0.0009153863013054397726726229646
0.0009107673226662379674593389209
0.0009061917609231859986736257346
0.0009016635632337504074132912879
0.0008971815606495449127827541518
0.0008927414206295868743880167514
0.0008883447867396845427201052037
0.0008839932712181940079871196064
0.0008796817239750216659205151860
0.0008754153634528555751168547949
0.0008711913103078591957965384976
0.0008816163281070330537557358678
0.0008774052781652825789266776367
0.0008732405981144152103452827061
0.0008691095337978362808879847541
0.0008650141549773647137414891323
0.0008752228795295560899705725442
0.0008711368240919065202077033839
0.0008812223942021078002226861497
0.0008771477208608168955304506483
0.0008731096717963704144140532040
0.0008691095129194072590027522234
0.0008790180715628497662666005789
0.0008750241213764864775400927191
0.0008710669477052102686173880278
0.0008671470469985411252221183779
0.0008768846833547396960036381627
0.0008729756293379979748723235945
0.0008691051534993721978598973903
0.0008652646057401072402322159757
0.0008748410659546401802432097487
0.0008710070709534645082350774173
0.0008804731415395470557583198404
0.0008898589410213346019587084512
0.0008991594511634194518525551459
0.0008952897431253078183760815255
0.0008914529985833706057809251218
0.0008876562563766408642210804961
0.0008968057324130240657061204466
0.0008930087875907977507194319374
0.0008892475100999206353291002729
0.0008855187435285823537861457293
0.0008818174652948272542144704336
0.0008908022640967699215216354098
0.0009123119017497231096156398363
0.0009085485628405962905770693946
0.0009048144340815161688087546585
0.0009011084009627930535223037291
0.0009098259087074656540070694431
0.0009061316938710907242392096580
0.0009024684767383352132362164054
0.0008988367725639914499861197401
0.0009074283754814754232812455449
0.0009038044526145376669292629119
0.0009123037954481650620538667005
0.0009086893235304493253069634031
0.0009051046262272699747464410916
0.0009134987747548443395399658508
0.0009099233686758012644027566493
0.0009063760034012521093772483271
0.0009028551295817471958613139830
0.0008993653635938786312144678386
0.0008958980375007172683159715174
0.0008924578381496687227802871557
0.0008890416366036836936650059621
0.0008856565217696356816792615183
0.0008822972462775334166745443899
0.0008904579108177823542687693578
0.0008985584881895578970889163581
0.0008951861389558363057469142146
0.0008918408646819536389741759002
0.0008885203043345766293763470615
0.0008852253829202146444674893549
0.0008931972292580653003378434746
0.0009011099344586670306092372086
0.0009089606228202749559283712959
0.0009056406195380893619684513430
0.0009023398076686744723071600755
0.0008990668404857779178845710273
0.0008958159345104177161309059925
0.0008925865958247961714099083102
0.0008893822238781421393367166232
0.0008862018923953810549350978109
0.0008830450133979264676667357073
0.0008799067607790931005519331627
0.0008767941007450120961839008822
0.0008737031911955314758736207507
0.0008813249135078776203847674803
0.0008782401387726087071705017063
0.0008751754059097192024545130346
0.0008721337035918564825525110765
0.0008691093700347869549590567346
0.0008661085805711159772630245224
0.0008631310791773799290924705875
0.0008601775533207938616595218568
0.0008572374475292628221468595904
0.0008646772425437475105723347420
0.0008720637566331905324828611013
0.0008896874470985062174704913329
0.0008866881072268584394683913491
0.0008837098237008514461894806135
0.0008807501903525966806056490236
0.0008778110336521902474255154377
0.0008748918417475549198808874292
0.0008719943412684356031278267334
0.0008791611457351915718800758563
0.0008762637537444888295952743674
0.0008733869966157906026949396119
0.0008705309708069123079905818582
0.0008676915718145807519527805701
0.0008747535421088172350588893236
0.0008817689110363621376312165548
0.0008789212765163937504539646752
0.0008760947383458319343398563635
0.0008732849635448401061751003226
0.0008704935474389611008028729578
0.0008677223709882429675893713048
0.0008746274817850756136458362998
0.0008814909444973146338763261110
0.0008787087881430663803425009743
0.0008759449544761371566622895905
0.0008731971137366684263772172386
0.0008704633886714763249811750608
0.0008677493842108550843075905395
0.0008650543064459102511780263601
0.0008623767746943676643604884234
0.0008597151654520098068396741142
0.0008570691791564503959583778146
0.0008544372655343210422194220799
0.0008611302742058127584125995597
0.0008677796965788222905252988258
0.0008651428889707540324272354833
0.0008717400912696017509585040212
0.0008783002140152437086335512100
0.0008756545908620051462147092076
0.0008821594154899943123121651935
0.0008795158251231217543422566287
0.0008768881869247481904380353043
0.0008742798448051582727393930406
0.0008716843421142594411479828068
0.0008691070124497991826101295039
0.0008665438918254626674502027139
0.0008639934997834379257505327147
0.0008703805704618021799162416625
0.0008678355118693526955813287327
0.0008653053790413109585656673232
0.0008716317852080791565842872311
0.0008779269835906272135393855392
0.0008753924730925009845286975431
0.0008728687099623780402133262552
0.0008791009157801275332367644574
0.0008765818031489484720717234080
0.0008740779566977102515250537979
0.0008715863614685217959292689906
0.0008777512699191867112887595074
0.0008838784431522740939639439609
0.0008813818003156887595711466140
0.0008788998203651203448857159038
0.0008764316038369262911214945196
0.0008739757458881062591072642019
0.0008715353726981512049213895792
0.0008691098076993058679121872880
0.0008666990705292691484766342264
0.0008642981943863762649153334659
0.0008619119794265892349114394522
0.0008679143186969087963418005161
0.0008655302346317109945902057034
0.0008631587807443824785608232999
0.0008608010573553113690289142315
0.0008584565570398726590070005981
0.0008561247188749886633819665736
0.0008538042407813994564446951094
0.0008514956271488800539494774416
0.0008492020065374217537702568714
0.0008469225151011123516498755839
0.0008446543250347059677073099191
0.0008423968528236036378400659154
0.0008401539295647657922194379344
0.0008379198275810583155811755934
0.0008437640156022547144975499907
0.0008415348068861977225335997428
0.0008393157907596344306597117238
0.0008371092415237278011045461858
0.0008349124044758068661010390541
0.0008327295390706047276460182940
0.0008384948368182743304169979722
0.0008600618115270305858151742826
0.0008815156908885768686124213553
0.0008792358709152878383786125124
0.0008848209037438629580966414041
0.0008825414887363126153982202049
0.0008802734745079592722171091238
0.0008780163483179722814782997093
0.0008757696501227959244116230552
0.0008812901413696327974042814189
0.0008790485675261877597553519618
0.0008768199324065561282204627336
0.0008746028711884050523162845218
0.0008723965989859913913964124088
0.0008701991806470101478131475656
0.0008680163271762899135008276049
0.0008734603953234487117093784582
0.0008712810070501669562393467878
0.0008691111655202355505377698389
0.0008669526313439283750125235394
0.0008723445922194024204147931984
0.0008701837441577054576102074739
0.0008680377080644520538462784683
0.0008659004827713121696340445115
0.0008637749418034497175873370369
0.0008616582933947093157281137038
0.0008595538448527635466892820501
0.0008722822554843927514622701846
0.0008701607791944579438950185702
0.0008680498749503306200549299173
0.0008659514698347238795510869534
0.0008712021256837502855259856537
0.0008691062494144405760967188932
0.0008670198346244821395050487128
0.0008649423717435956686791183003
0.0008628766566730460136680007658
0.0008608201903185561035016690003
0.0008587737825686083146305835619
0.0008567358317477557895679127584
0.0008547069312170289244806984298
0.0008526885385205503093732850609
0.0008506842378228039786630415886
0.0008558350021705216339468061424
0.0008609600539373541841270611622
0.0008589461601729922193685534107
0.0008711386199025692859819884784
0.0008691122511513147482891160607
0.0008670936401358809423851647284
0.0008650827331517668266280825016
0.0008630845568408521689478111251
0.0008610939814234494177417521324
0.0008591113505076087281948811400
0.0008571399902562552022621399134
0.0008551764496974656161314788747
0.0008532229887227129719191106604
0.0008582121382016588340556861230
0.0008562600422557578248690759827
0.0008543168597675948280713339912
0.0008523850907865985930911291533
0.0008504589234613904189429533813
0.0008485410759882359981665689417
0.0008466341052627235195901241755
0.0008447345828345743886756518747
0.0008496547543929683792240076757
0.0008545541056573942779879041035
0.0008526477555356501817428885043
0.0008507511635459017348088272482
0.0008623619656014564877636720881
0.0008739251271257274191280621812
0.0008719926764108819639445035064
0.0008700696067717427963407512421
0.0008748465026535084770264415276
0.0008796017026590412877176612126
0.0008776741772101998398123649669
0.0008824004506754880648357758249
0.0008804746396873506253044380215
0.0008785590590480694379782597245
0.0008832552409305332380510000755
0.0008813422690938030721603521864
0.0008794387926394363634954698348
0.0008775420794853695970882454882
0.0008756531807174305998323680420
0.0008737738254925487337289379357
0.0008719011899551076772256312230
0.0008765396177581403701704342143
0.0008876469972404739916220299292
0.0008857564887407685415402459384
0.0008838749958032480874539360618
0.0008820018662111055727544787058
0.0008801356297489708681813584688
0.0008782788719587037829023347861
0.0008764278488595957493696476047
0.0008745887708932292815384480504
0.0008791333167034057188014068110
0.0008772946900585730249713893644
0.0008818140223048318339652773738
0.0008863138302783252348157807981
0.0008844711469310339930549769549
0.0008826344377692252882046203413
0.0008808065252472183455385966990
0.0008789856420385315272871008308
0.0008771736435415859217325213108
0.0008753678217220763820133440107
0.0008735692726251939666422142563
0.0008780146883743893806460443211
0.0008762179058835233481452769291
0.0008744296298892791081404594947
0.0008726501831255251151300768788
0.0008708774527033764492845085358
0.0008691113975293866953047046330
0.0008673516036353601282142647040
0.0008656006375876567801986994356
0.0008638558466171492479734328340
0.0008682390104797121861799557711
0.0008664948296959544092738223699
0.0008769497345705586678284718963
0.0008995346869145101402730096119
0.0008977394582025486699917731895
0.0008959503239628382897453771674
0.0008941690782916650243008200514
0.0008923929333424002637714000509
0.0008906249589740116426884607518
0.0008888651055676361144098965154
0.0008871106011935168953761552886
0.0008853634080614149706141808449
0.0008896003024427637434051396237
0.0008878601153989781742051575638
0.0008861232060924262537242199587
0.0008903338162337551558191950694
0.0008885985086885455949778572555
0.0008868691675944801501037112820
0.0008851475844070959437620327310
0.0008893265517679647261602424580
0.0008876049272310354314577584168
0.0008858905215347138706955576319
0.0008841836478373527060721009279
0.0008941826892100432946414745798
0.0008924675490699810405840249360
0.0008907582222087666281017437230
0.0008948713779405909296389950645
0.0008989673391418174536456373012
0.0008972548579996151498362120479
0.0009071117471872761878755338036
0.0009053920063010867538245014889
0.0009036756788406697486302444092
0.0009019684871326205457683055807
0.0009060064332308072693337754910
0.0009100282175530120742820128789
0.0009140330671515715697648993541
0.0009123183542668773023863013892
0.0009220009127988854190807292947
0.0009202783574501583608066391361
0.0009185612354503144409992515688
0.0009168514013777401722653869083
0.0009151467613469074744092556833
0.0009134485270396512032245014572
0.0009117569135413286176162812860
0.0009100715885771987079297896645
0.0009083911582275271851336972032
0.0009067196336157024927951941647
0.0009050522881647701853737416600
0.0009089712758304916459934927935
0.0009073069360092376025167136296
0.0009056482104518356692838740751
0.0009095440290999778586763931638
0.0009134245713875919690186970354
0.0009172929336597189021729452458
0.0009211460086180285044898631379
0.0009194771822387654213671259646
0.0009233145834026827807550904276
0.0009216480444162928688897699964
0.0009199865490403854933585148577
0.0009183307311987818021908400204
0.0009166832040489903009298710836
0.0009150406246114016178892123257
0.0009134042826568679685554959004
0.0009172017533239161286923885672
0.0009155672391442448649441229940
0.0009139387366775790110710097449
0.0009123160503696206034080262586
0.0009106991491196172914641752619
0.0009090884903791634527440895936
0.0009128521079395486174792629310
0.0009219670715063828327579105612
0.0009256970768764236433542981745
0.0009240704944052334848926030381
0.0009224499720177487408550162553
0.0009261568482850027900456917391
0.0009245385162239325078198774879
0.0009229258011307321412865697216
0.0009213189559729970314802557186
0.0009197182093305247724558008928
0.0009181224526180914981420536362
0.0009218008316237415269190266452
0.0009202075032779442241106519490
0.0009186199612063973093876538435
0.0009222772429171143855446327131
0.0009206908212519123622042042812
0.0009191084565303320576597190672
0.0009175329685885524353533087164
0.0009211674149129862938388549657
0.0009247890574395132293495562655
0.0009283990611451815079013003165
0.0009268178288486286769484478696
0.0009252423152414824283863891383
0.0009236726475238783081636117566
0.0009221078596970607385066529379
0.0009205493283574332104476642647
0.0009189953123499379870958016368
0.0009174476496766299793901763790
0.0009159041403353395058262301281
0.0009194728274311037104867755276
0.0009179312629197385205151850441
0.0009163947979630351170081396145
0.0009148631265058131067888102010
0.0009133359808431091165307089545
0.0009118147176362807258661214960
0.0009153563255372402460760705323
0.0009138370742553924272855464163
0.0009173616760138399621670967444
0.0009158444430996004239912052603
0.0009143325794212534115069708825
0.0009128247998913606661523656646
0.0009163300094959441664548768957
0.0009148234591552453429784031937
0.0009183116880909561719396251324
0.0009168074401396484506979564167
0.0009302295869833042872140763818
0.0009386408132997378354236785930
0.0009371094369664458273319663819
0.0009405329410248121029796867321
0.0009390043747577526559955386847
0.0009374809446734603163718071036
0.0009359624772729259423353973903
0.0009442838021547420194670936905
0.0009476674319551549922837172986
0.0009461399864220824414253593039
0.0009446170415481764430893762416
0.0009479843254637535297896854710
0.0009513414857752981435550236872
0.0009498172253291978547271457643
0.0009482997374596011394932810686
0.0009467852525913614635353520276
0.0009452762083326871836311059618
0.0009437715538272502979172943998
0.0009422719985327632087580420701
0.0009407781025172555684358401737
0.0009392873609266880329533060563
0.0009426092942634834341550631925
0.0009411215405265696885630912320
0.0009396363265462823790834867837
0.0009381584195803286045808099032
0.0009366831576583931992021265286
0.0009352138487536850683863276830
0.0009337497621986631531951136984
0.0009322902613603919505017708317
0.0009355831840394343909749620488
0.0009341260966978654050888951181
0.0009326719998747587584711494520
0.0009359503024243050238265287464
0.0009344991816469925080614227354
0.0009377618776316812812039252984
0.0009410142834239186673001169557
0.0009442561623072027002010363847
0.0009427997443072907930124065883
0.0009413484021253054719839296113
0.0009445744497162467550129581615
0.0009431244245787154437838795640
0.0009416792351560640637860464816
0.0009402389703952032547287813352
0.0009434495180944833365981682704
0.0009420114495170136051494161892
0.0009452079616723651681644560341
0.0009437695705386912483784180045
0.0009423357111731556615468175307
0.0009409070607106616498445642745
0.0009394823409589610681892006560
0.0009426577118840119055086981359
0.0009412352149006218216138285234
0.0009398175836096748484468330890
0.0009384023030942873673655933626
0.0009369925423829904102700230395
0.0009401475840583439252296304380
0.0009387393033321937021696332641
0.0009418818165822826112711609177
0.0009450140683923129282917876690
0.0009436057862962096512801702898
0.0009422006243882734954022833197
0.0009407993896562105945142446530
0.0009439170160248892980934295127
0.0009425182182330237103137328842
0.0009411233108898779333007495057
0.0009397328212881113318201681286
0.0009383445566187344524134790116
0.0009369616250220230646137186722
0.0009400575286167011074151581937
0.0009386764228670894618035791177
0.0009372991211403644467306698178
0.0009359266850692176458254958182
0.0009345577470768842836326176608
0.0009331936354650018871884563924
0.0009318323166993023714935688376
0.0009304744480092482712931821762
0.0009291208172090778388978172435
0.0009277724747684937202364392270
0.0009264279298385676874912262266
0.0009250876990194750963781327069
0.0009237514970454337153932935270
0.0009268063013797932734417100385
0.0009298529141541795507726586139
0.0009285146900117926503734085232
0.0009271804656550410270617283545
0.0009258492994309649933728256751
0.0009245226992478260297451249300
0.0009275519970412156832136815231
0.0009262269550500642605871671584
0.0009249053213988803315435702433
0.0009235882112645398245174636070
0.0009222738719550927466265492215
0.0009252848120870806628127644474
0.0009239719841116793254684448514
0.0009226627150336828808616371032
0.0009213575612595305767482350893
0.0009200557253139430589944232473
0.0009230465733245493047167421600
0.0009217474589375474833280563295
0.0009204511159476830733658492139
0.0009191577859952385738970707904
0.0009221329488047008440027129462
0.0009208425689481831935888969440
0.0009238083591372989449683074860
0.0009225184795830232791540030651
0.0009212311912077015152779125228
0.0009284195452109187353934641887
0.0009271272203180294052790332212
0.0009258386330046246236332263065
0.0009245545337964021803173072628
0.0009232738837698479040792376109
0.0009346151429735849071906365494
0.0009417265807243937181218552148
0.0009404269347784835200684269142
0.0009391297482931779135272038703
0.0009378379223203641250523352835
0.0009365484008659393718444060719
0.0009352644562712419818846612703
0.0009339832921849377616421262961
0.0009368656102175929921427101532
0.0009397403823241453568814946116
0.0009384583509827136640814656260
0.0009371802081037467154362473894
0.0009359046855758447404498740941
0.0009387639408028936536515792234
0.0009374903622380091186957194985
0.0009362211568049512337204231193
0.0009431828664595281281419457045
0.0009419078533126763670787828804
0.0009447399382295508162563710638
0.0009434668906305616743989076034
0.0009421966692345020218232799168
0.0009491026475595916682514788392
0.0009478282486901741366991119893
0.0009547086902955373856325204218
0.0009575006770059762460877214479
0.0009602857735330161924088125045
0.0009590038207253886347024808484
0.0009577256730049207166277773057
0.0009564507020158262026073462685
0.0009551790177950238203048541799
0.0009539111712362782580613576375
0.0009526474844808948495559457619
0.0009554129620909967896882423657
0.0009541485701864012265991779346
0.0009569050579596396569034026346
0.0009596531578550487958283837753
0.0009583890225645502554958531159
0.0009571277469287324695191739071
0.0009638592048251732414724568501
0.0009625941612187398484273432308
0.0009613330543349917315173240418
0.0009680324810097229529300960522
0.0009667670606751117532388791162
0.0009655049620483545778175583807
0.0009682096160368685623850480653
0.0009669490527474415121094571198
0.0009696448682877777229237355638
0.0009683851252303538218631148104
0.0009671290248339670878030479024
0.0009658760762046290281751861984
0.0009646259105590563525964562694
0.0009633802997140114369241837758
0.0009621372072994495086737989319
0.0009608973353060286315037414672
0.0009635727240764010411378820212
0.0009623332551881795113927307380
0.0009610980479387367685479950976
0.0009598653160560691294926647743
0.0009625291984635512560459968489
0.0009612993563217936299080180971
0.0009600713485359509154498242021
0.0009588467241321254736826044547
0.0009576255871025342924254304095
0.0009564081585876227987255555825
0.0009551927875980275912049261676
0.0009539814508960300044179439461
0.0009527733127516390278126219536
0.0009515672049169385703939420701
0.0009503639294410805075561975811
0.0009491637080902930350575341658
0.0009479668771565863679049237472
0.0009467731926014273946979616893
0.0009494048346409278281989614967
0.0009482131570989635219982381831
0.0009470234464558266807009458514
0.0009496465870726282249474926637
0.0009484591020684784184906524927
0.0009472735659249247398826939614
0.0009460907751401836953495576109
0.0009449117516104529971029595662
0.0009437351065521824808943409508
0.0009463421124498162296820892965
0.0009489419233446035999614472633
0.0009477651111544465483060453348
0.0009465915717970885620008772621
0.0009454202013199836837653113132
0.0009442516944735952867337962461
0.0009430865414826086916576998732
0.0009419245027150394639359564378
0.0009407635277200477998581703240
0.0009396067808693542975438572388
0.0009421869245440700773957051830
0.0009447602013356330048441271474
0.0009436030314441238930965105148
0.0009424487080510068331855432103
0.0009412964339126576075930140883
0.0009438596543796143631978653534
0.0009464149416902466426806077824
0.0009452636123095122188794224816
0.0009441142027136414276126358771
0.0009466592604105010568555430851
0.0009455106175804847181976749647
0.0009443653304235081750619488322
0.0009432231251832903746774643060
0.0009420837102035013953952067338
0.0009446175514691429847412580839
0.0009434784556287366909280548631
0.0009496646419783551304510909954
0.0009485217553903171520402837267
0.0009473827346335680923153375109
0.0009462453575645785671592817011
0.0009451110520208257704805038966
0.0009439792185332992388312774388
0.0009501197517268300965882409461
0.0009526151560296817555705273637
0.0009551055640541443048586653096
0.0009539673303764442524423067791
0.0009564492871019249946320994050
0.0009553131518634408955152496380
0.0009541789636175517804178265295
0.0009530467152779817349549609028
0.0009519181433710035802257760078
0.0009507929083746606100022062746
0.0009496695851915437984877434074
0.0009557240038200383245465711230
0.0009545979338893595511664197463
0.0009570547538069990026858142902
0.0009559292318369394439252971453
0.0009548064756180332259170003876
0.0009536861515103964114108233849
0.0009561306515773620405625034202
0.0009550134517243049462998995811
0.0009610046758061440792351596593
0.0009634320415942421790696103393
0.0009623088164054899011291867105
0.0009647284792384486343592603208
0.0009636055086701261707622202988
0.0009624852686505216087106906440
0.0009613682538808524116768942681
0.0009602531257679486098986158097
0.0009591412336817274982021146449
0.0009580321402190512566146225108
0.0009569249848587799365901512437
0.0009558200798972316072859633701
0.0009617268503887458824152650176
0.0009606210642325109836266836627
0.0009630126489965166031457483293
0.0009619067692709089945322936709
0.0009642909320328839424161754761
0.0009631858113409128605474400003
0.0009655637524129634725545760200
0.0009679353853454199640954901944
0.0009668309014444040422185511621
0.0009657291967882686588635070712
0.0009680938395518059108479180157
0.0009669919547863263401480291429
0.0009658917512490377031694221383
0.0009647952088372991372280780953
0.0009637004365979346642294204591
0.0009626084709316827218352804091
0.0009615196144015687115302260807
0.0009604338568090732814208222262
0.0009593503559584306410096202101
0.0009616969873469726748408304214
0.0009606135773560694591099533496
0.0009595329290736462759464740049
0.0009584552398966369180752864077
0.0009642051851346331083043857257
0.0009699436379992145046304571229
0.0009688570414644419819747834754
0.0009677733013189313810282940740
0.0009666915852981488891513499293
0.0009656122971274054860662326802
0.0009679251779142557617809122751
0.0009668470282699085143250935161
0.0009657721095672663558105819956
0.0009646986724446436931262962665
0.0009636282443526452915273149103
0.0009625601009471115654485846974
0.0009648618157701669185617827756
0.0009705215558924922807324659450
0.0009728078133097404240470291670
0.0009750900114674936411571799402
0.0009773669464369587498627520236
0.0009762895707390587817650632265
0.0009752153886418402851574154361
0.0009741444905659801555641929370
0.0009730756534786459938174723947
0.0009720080630754149873745220727
0.0009709431266247537310497578006
0.0009698806338476236830729707100
0.0009688208785382938546697479251
0.0009677627464333873988740170714
0.0009667068345741841790429390706
0.0009689655190422763751623266068
0.0009679115692920112664740145044
0.0009668593567918559317699698878
0.0009658091418583180009220918140
0.0009647611175509273894415207089
0.0009703042605170379714008398936
0.0009692541363978086076166626879
0.0009714919709039102163747168335
0.0009704426261855673157126741786
0.0009693957563649584248741336012
0.0009683509566310558216860315304
0.0009673089135709844750321273887
0.0009662687277954077975670147937
0.0009684962749966230551671455579
0.0009674594501423637621237144599
0.0009664224647947719303337898735
0.0009653874163652697979721065571
0.0009676063304896600567419754888
0.0009665718072633702234953812941
0.0009655408140909747833039272242
0.0009645111480064453965695204742
0.0009634836867159958910041334749
0.0009624583253761786765047651721
0.0009614352528662519141574363904
0.0009636413198900680384725183719
0.0009658432686504303227256879728
0.0009680406248496875144549276956
0.0009702332084997882183723776997
0.0009692084767377958665107210565
0.0009681843661770950586795558083
0.0009671633979920280298223135930
0.0009661436232994065416326164625
0.0009651264911267265701031933981
0.0009641115093822299351996444003
0.0009630997343272385060253683007
0.0009620887419943506384373484505
0.0009610801696711073074445921605
0.0009632571931963654529888852296
0.0009654295419724179365799136659
0.0009771266234128627734318987818
0.0009761067929143308675823709131
0.0009750885250441722536268712362
0.0009740733482334841635374255329
0.0009730598162484800823984382298
0.0009752075375486287793181427136
0.0009741944599116721226734234678
0.0009731840676814311275217973486
0.0009721755897937825393344275021
0.0009711687343492597836988871916
0.0009733081148649543418196819564
0.0009723033150398668935708033585
0.0009713003735873106790426620460
0.0009702994521357020375423704321
0.0009693005082490031426389768232
0.0009714300965000748583925718286
0.0009735553793930838756885090222
0.0009725558847625957523237275855
0.0009715587340130776257167891049
0.0009736785435150282115514534627
0.0009726818186425877689316561432
0.0009716873306862226935100656273
0.0009737980357147948568888302718
0.0009759054438857182127313317453
0.0009749109911845399209983672366
0.0009770129462837765504366250503
0.0009760191140840634421401033681
0.0009750270315477656275676308017
0.0009740370671437812211190240816
0.0009761327419211848735886247371
0.0009751440150162287055360313287
0.0009741572321196645674458538069
0.0009731716177104762007248850670
0.0009721886548796276652617821298
0.0009712074076859444110182962430
0.0009702287658688404389097045081
0.0009692515811536901597193542900
0.0009713346920270406592325556712
0.0009703594744376056794200150745
0.0009693854853124385439053643112
0.0009684139213317224012521053143
0.0009674442219176479604436496971
0.0009664758296433342060465866288
0.0009655099352989816410495394112
0.0009645451533276358274891226139
0.0009635825823032032677176186639
0.0009626223069222773837888886503
0.0009616642288432440632548196626
0.0009607080669189065708335931240
0.0009597529011736418796201093259
0.0009588001589994470804736006788
0.0009578498036270092983093777259
0.0009569010678609346026893068550
0.0009589625638443339988722697725
0.0009580149720301482733064231621
0.0009570688081572468654692353915
0.0009561242488837576431899297627
0.0009551813802846894970755958754
0.0009572352797183922993832838263
0.0009562935396672361099599066907
0.0009553536607675442921845614225
0.0009544147845056089524789440798
0.0009534785217752807173154333505
0.0009525447353284023998718275086
0.0009545888301998398606324582766
0.0009536551581813973879527243010
0.0009527234105727852310274621244
0.0009517935814223149493503677763
0.0009538302174619965814946491379
0.0009558624157498266730443669085
0.0009578911745023462917080500478
0.0009569601978787090652872110646
0.0009560304139612187488583478291
0.0009580534282242086920177107530
0.0009630195368448547396235849557
0.0009650310933867120506852885307
0.0009640976104565075349106801022
0.0009631657638826947092484557946
0.0009651710529243417968442063857
0.0009642393513570760105823084913
0.0009633098990349623639070921565
0.0009682373555827803343347965189
0.0009702312217676453646419995687
0.0009692986129841402874208314316
0.0009683680425004962693933628276
0.0009703552201155878270108129825
0.0009723384808598858166628319467
0.0009714076714497378755594948817
0.0009704787997874759428244568610
0.0009695521805555796234907187818
0.0009686270762399355762662305304
0.0009677034828164517832192866368
0.0009667824476146863800641385121
0.0009658614235246727795654222859
0.0009649422478580269942837187962
0.0009640253523696476789552839085
0.0009631096826003396589565864791
0.0009650796645430745833068381827
0.0009641650834789072412195838849
0.0009632524170686917619077065432
0.0009652162975256535273591263990
0.0009643048878596685424491234604
0.0009633951206836002911972707697
0.0009624866205836079513169816788
0.0009701709387174772888658847189
0.0009692581173726290059024917304
0.0009740623950671965439688332558
0.0009731473747706849479865792873
0.0009750869261468145077673706399
0.0009741725676853958249409782179
0.0009732602761034498186527039887
0.0009751944197200126007328441445
0.0009742830544475605094249316708
0.0009762122617388209348772974376
0.0009753006212204155178501381319
0.0009743919767805143748396498205
0.0009734833776169414731901716894
0.0009782345242100263384100069101
0.0009773253426762632380203496070
0.0009792409870314662832550880729
0.0009811536551969980822009095568
0.0009802442951896370535971273203
0.0009793357762789992581367205389
0.0009784295435773184832049114808
0.0009775248011844723499300497059
0.0009794296734269084399437554359
0.0009813307569400354943406533353
0.0009804262046833217966274533665
0.0009795229036314150421660689920
0.0009786214431878993370307548561
0.0009777220719008863717077729596
0.0009796163545295808892789465490
0.0009787174714691388885872515097
0.0009778204142585728989314766942
0.0009797088066813049267189906226
0.0009815943981767723201741624953
0.0009806971701940402152327159557
0.0009853555289980046322787111551
0.0009844563018193813737753281502
0.0009835588338171481003365332848
0.0009826623389983204157135909232
0.0009817680387119231815166788300
0.0009808754890045179629923169852
0.0009827458214121062468883679702
0.0009846133264918329991825395051
0.0009864772589005581678229854514
0.0009855830883935814740165452437
0.0009846912944870918774830706154
0.0009865500725887994683827097072
0.0009856583553510951796582402876
0.0009847696683449581516064842034
0.0009866228218733250202429588481
0.0009857335447523711218076876088
0.0009930554957227704194686502448
0.0009921617728126450567214577309
0.0009912687444422544826157571503
0.0009903782104452750724348730093
0.0009894897214553629395618526118
0.0009886026685483285398100936460
0.0009877174701837672604127136038
0.0009868337709821798769814478728
0.0009859523175206455248235793039
0.0009850717894746380430327370832
0.0009841930050318458889448239200
0.0009860262370403875441852314029
0.0009851482531802946452729687111
0.0009869758710099220207236636631
0.0009860978004707855637451481917
0.0009879216403974901116559302238
0.0009897422262257188866750028974
0.0009888644671751646579369864368
0.0009879884838916711296703690653
0.0009898042326049399439946033461
0.0009889291341433347255512582048
0.0009880551023405327512270185229
0.0009871821344643391223071380360
0.0009863113733761602349503827626
0.0009854420158087407443499322973
0.0009872505389817690258435704994
0.0009863827555639191141491008753
0.0009855164951979502322302422337
0.0009846515217904254937075158578
0.0009837885579836361470787102010
0.0009829263536250062633815880133
0.0009820657830759279913804251292
0.0009812060017244980622263726933
0.0009803480533533840002840531779
0.0009821465173798374618396960641
0.0009839423079586842753106817747
0.0009830838960876502617333568549
0.0009822276288006385289990545748
0.0009813723793007767036534174915
0.0009831621286026673473248674129
0.0009849490304822405836438256443
0.0009867323347003859780040214073
0.0009858756615594123715166266179
0.0009876552114323779731581173370
0.0009867994654639289205738126613
0.0009859465607095212737904478135
0.0009877210130616202341132115255
0.0009868681535193214048593894862
0.0009860166146518358263904322616
0.0009851663927599478310507158950
0.0009843182770497591121388903395
0.0009834715494614539172719596604
0.0009826261005148906867439579727
0.0009817814271060322678514742558
0.0009809386852238495822113242164
0.0009800971596591208979022166662
0.0009792580296486166366375351832
0.0009784190050082529389000139896
0.0009775821313424035953145207410
0.0009767464600228557839649419730
0.0009759120658501179001222359267
0.0009750797308078733387997254415
0.0009742485869724304642988505446
0.0009734187880061397707227063801
0.0009725904085818954843796320057
0.0009717627410663696788435724635
0.0009709367217620597289145003305
0.0009701122683603297492174588800
0.0009718673295146009948617571632
0.0009710433318911824505935225594
0.0009727947692566492204064511281
0.0009719723183680671431975839185
0.0009711508762181134289050825651
0.0009703319163962673878683768296
0.0009695135695620518194091917354
0.0009686964544575825327844796629
0.0009704410322170548998279888028
0.0009721819098770609691091580071
0.0009739206181285183039761236625
0.0009756566213597660227901276324
0.0009748377702815049435751640670
0.0009765699955303769131466055666
0.0009757508292555048779889836379
0.0009749330419975274553227334416
0.0009741171693304110163044430080
0.0009733027310077652899614800775
0.0009724898276782183252386064978
0.0009742156105788371979371065520
0.0009734035348657979375365252370
0.0009751255850888867919340080016
0.0009768457390022775931556364558
0.0009760331186502564040885615455
0.0009752226208835781829271660638
0.0009769367918660216527446505129
0.0009786480272043451703641555600
0.0009778372237123424582732811285
0.0009770271608809565345231464434
0.0009787341261913833223216784070
0.0009779248927000640406237205692
0.0009771164712912982010770650518
0.0009813297455666201413415988863
0.0009805199934459973269282208050
0.0009822168422303877453479922436
0.0009814092712295381774665804000
0.0009806016442647430374842641310
0.0009797957000164303196966935439
0.0009789910054938098456400884840
0.0009781877202617741895266639302
0.0009798789285635859882181080865
0.0009790757074986438164319032759
0.0009782743360603481329878086855
0.0009774737554843182669420350918
0.0009766744907277620379190417186
0.0009758769139892991682833460793
0.0009775614684946855003356156545
0.0009767640222198151890564136581
0.0009759681819366615942122444984
0.0009776482267781681151919439915
0.0009768529649297852171182930074
0.0009760585538665705708061357383
0.0009752658881514820667144427743
0.0009744746646827074232316036558
0.0009736840607293467927069151384
0.0009728951906524571727535298906
0.0009745678688220563166174882881
0.0009737800094184853029605422143
0.0009729930580187588313079678207
0.0009722073098762089698544112710
0.0009738750454257572530228421254
0.0009730900238045382907792398182
0.0009723059030991251193858489413
0.0009739698815239341908562202175
0.0009731868897988970637754650908
0.0009724053108268165217714126518
0.0009716241808545136376468122364
0.0009732828983267646025476594342
0.0009749398276658347120067840227
0.0009741589122545359308606285932
0.0009733793024723225941988146298
0.0009726014653453264929618287176
0.0009718237951320336461392592019
0.0009710481813377807973433534643
0.0009726986368513693811483126703
0.0009719231250148759772718412032
0.0009711490013653111823362096588
