5.888468410490995580257669393E-10
0.000005075906357412811608454111374
0.000004964542416331711928531563433
0.000005048790132582637586058682056
0.0007590827566738732697817580125
0.0006086838773229086999157769952
0.0005083212528848827229901796110
0.0004366416471315141190217147267
0.0003827124865710447981030890174
0.0003407542679422113232089565736
0.0003072067290250757547721746458
0.0002797449105545387777424533036
0.0002568593076308977337219377945
0.0002374890272318385949376272179
0.0004367729852164876592112830694
0.0004079791531053875374435322740
0.0003828721490360662741884434814
0.0003606702753644592287194434499
0.0003409135673616321476094326936
0.0003232113614508233109276711084
0.0004584178945870245033899412188
0.0004368646493866788079925798765
0.0004172075240908214772311397929
0.0003992757159616866803687644212
0.0005088247814568686364607304148
0.0007304980293478443639510197409
0.0007026344881215920521409504510
0.0006767596018277827912183507738
0.0006527584022929001871119712660
0.0006304497509792449706951461868
0.0006096034469918826604431610986
0.0005901252394145956873403778023
0.0005718440225976483077970509219
0.0005546676568426111756794475544
0.0005384986773421095237680069938
0.0006096250682667825722290200928
0.0005928304844113598853093309650
0.0006586526306995808341266539746
0.0006414518791704750146236615262
0.0006251306467277445711983153953
0.0006852100628083004517081839478
0.0006686916739952869237832711924
0.0007248782847845605862796096908
0.0007784585589144918405904127029
0.0008295935164308836462601008464
0.0008112740653997462157263538638
0.0007937529310686179780018415442
0.0007769738723958974691784803612
0.0007609027875090010225303105905
0.0007454632551936303605812009696
0.0007306419000814894648394125601
0.0007164024377059303499095432878
0.0007608827513368527627746588516
0.0008036589774883120391594100228
0.0007888706895006310748424777776
0.0007746167349905407805597798226
0.0007608733903104085894634265785
0.0008537050850113191464776598039
0.0008390769435146416312092396087
0.0008249430378531736620015159998
0.0008616894980841369123776268645
0.0008476452842227035101928335442
0.0008828271757135357957524330782
0.0008688947281158818003251440611
0.0009026362105811697847753118686
0.0008888220495395462025879699448
0.0008754250494938918441814336045
0.0008624538484097780408653234507
0.0008498506394457593169213688112
0.0008376060570276683540521395025
0.0008688993646863076955452736920
0.0008993276150594056839473432060
0.0008869035287939463429528904115
0.0008748230611210076016689540489
0.0008630719950573899534507158976
0.0008516379106596423865967459881
0.0008405058856544471712830878680
0.0008296510819737322560935552885
0.0008190839570990137472574547831
0.0008087785267378938129817724692
0.0007987318449610658916918751179
0.0007889377187652518661939477693
0.0008162533331913568998271639866
0.0008064863085900196388132634597
0.0007969409109900667032792043646
0.0007876265450233013974684174559
0.0007785362163041680041839584155
0.0007696443156360298244568099703
0.0007953221299191848721209124167
0.0008204127134749758169131215602
0.0008113529517592097467668074702
0.0008024963062369821444401048132
0.0007938301876961497677342053119
0.0008178656203847255079661824974
0.0008092194063802577866749960033
0.0008007532752293103667453321042
0.0007924663592979055118748074230
0.0008466861024158340548461859384
0.0008380865639408071139992289926
0.0008296709025398556915704651607
0.0008214162294123054634893733543
0.0008133304237096932195854878193
0.0008350496452632233393941497479
0.0008563516169508083998405059497
0.0008481578687365579996608324639
0.0008401240046804443168205206909
0.0008322508676453113325135303203
0.0008527827326528028213181749637
0.0008449390280406430944169895353
0.0008372409113870974907886865853
0.0008296785863491885770867790591
0.0008222483851813739343347317890
0.0008149492201112984706067643228
0.0008077784229460338408416558567
0.0008007422487581839649166451325
0.0007938220662099778818662985073
0.0008130978576932291647105893735
0.0008062020971006327560504518603
0.0007994146735749233404119597865
0.0007927397773047384481387179562
0.0007861791698861190649427985056
0.0007797239673979479041208168786
0.0008229369552671986832657535653
0.0008162789588071749277943624429
0.0008097379366360952827668365866
0.0008275017759966414999660892449
0.0008209727508114389678965220181
0.0008145492717823105824923240249
0.0008318547504022099640241485665
0.0008254486316744245036916150453
0.0008191410599414308190249077740
0.0008590908596038648819180183933
0.0008526246981061904445208591826
0.0008462481935959966836926255064
0.0008399709530535990633840272502
0.0008337914477146659244223800148
0.0008276978676429327629293421418
0.0008216941196335750987278069535
0.0008157740765035070086001299000
0.0008099418406455293101454972721
0.0008041955318437537875094649489
0.0007985281294220133411136506546
0.0008355318176871983025999212999
0.0008508694369073986103270172463
0.0008449940887276745790244068919
0.0008392022988420950276819310489
0.0008334867080236059893697604198
0.0008278563462536601483593012639
0.0008427304050311279616232311222
0.0008371123516261172408184011221
0.0008315779163643458596330983068
0.0008461239586510460252622641686
0.0008405872310405366253176479199
0.0008351294531023018482258730580
0.0008297521290823990668714698597
0.0008244311278394998593836816354
0.0008191883126878686211871869983
0.0008525240912569611165955400701
0.0008471640515899208691186573635
0.0008418662493959672259139984202
0.0008366363815908443553981280607
0.0008314692034149985516475420707
0.0008450328040356382621070400327
0.0008398804771664572446225698663
0.0008347919419692544665558362283
0.0008297611988622819419208549858
0.0008247949230539535323567664767
0.0008198914076922165389078995539
0.0008150419057871728325292147664
0.0008102503325850434181164949612
0.0008410917802147721958922894553
0.0008538868857194223891533279697
0.0008489509231034037960083837294
0.0008440656720068522915434226681
0.0008566288115670872059764201517
0.0008690446070288038955589514788
0.0008641393812448454411609646037
0.0008592875111115442108258702497
0.0008544870666298153620741451772
0.0008666365480592184559351601972
0.0008618521744304016048205940226
0.0008738302665190128218945718811
0.0008690579344922068879370538712
0.0008643372570840244593664020808
0.0008925317992619931815280694701
0.0008877387372144878563022923712
0.0009155077649111272478571283700
0.0009268068083783802249334759778
0.0009219069490989271976821763167
0.0009170599053448987019851830041
0.0009122643633132156272898704258
0.0009233447287263510581091088467
0.0009185621153139717731324911755
0.0009138319056367159222950864453
0.0009091490427996191943129135307
0.0009045123287340687966899930275
0.0008999266617764935433055828116
0.0009107359132687887597004638450
0.0009214309010976457867535138124
0.0009168242885309622921794305045
0.0009122638350521307605747569652
0.0009077509390840511940432656763
0.0009032818163693969573133159091
0.0008988558209101767115140250574
0.0009092976394729693964336530415
0.0009048859250644310201674329955
0.0009005165969387041145543286263
0.0008961908081708444025867917782
0.0008919048511320963765775737085
0.0008876625338388699196165835730
0.0008834610533714332789621363940
0.0008792902870748672812796549832
0.0008894290833651783628553433555
0.0008852746153759674820562218192
0.0008952902716017359942198301547
0.0008911505946282194618857821990
0.0008870496692937109635409303666
0.0008829882261132881139129966379
0.0008928314443172778344654753649
0.0008887769291157879679080570513
0.0008847596876935635048092111145
0.0008807821135078719952508315664
0.0008768370728132966878631782645
0.0009000465446504976929582941541
0.0008960474593323827975985540391
0.0008920855469059218552149393436
0.0009015405004118522093099495084
0.0008975901018841939465619638161
0.0009069367747761003867619143748
0.0009030013092061859689281360028
0.0008990972780850174020348065171
0.0009083188207391729444088824956
0.0009044227626029940375577302228
0.0009005621096667398248345868461
0.0008967391461565800048144950199
0.0009058168823436510610262816625
0.0009020032743353805906144463752
0.0009109783361275943901374913185
0.0009198772107447504471143133268
0.0009160513480983261172203415313
0.0009122582744490173709707167535
0.0009210478547479735892015532181
0.0009172605663797322526269491604
0.0009135059529885129260317258677
0.0009097809889533362927434356698
0.0009060909140937141877687402743
0.0009024282350501057920027932096
0.0008987911354350179307987560961
0.0009073809208704119004909793266
0.0009037586577936822065522634147
0.0009001653722062390464219343534
0.0008965990909156779699415681833
0.0008930576476734222886468125134
0.0008895494489252644698913867444
0.0008860676061994261760805048872
0.0008826155834093434071973768127
0.0008791890989174165232820099809
0.0008993204486696768446475369814
0.0009075739898697169059785909515
0.0009040908312419993780752345956
0.0009122650039174112802919981397
0.0009087898616511958925157993881
0.0009053426436628567306651525167
0.0009019223355198169110816410752
0.0008985255108189895610047822370
0.0008951573144307315863204819429
0.0008918124923738391281678872287
0.0008998193815440608078257037811
0.0008964807592556262825369401369
0.0008931659373592495742792099517
0.0008898780412111758316833605444
0.0008866147470176747869097403413
0.0008833744379982263928510434716
0.0008801568597187692380494407439
0.0008769654389694509253231869965
0.0008737952316960341120303432221
0.0008706518448780228163514010626
0.0008675279788007858722399972914
0.0008753035033745821309389228096
0.0008721847014114114221502379209
0.0008798879909041996292577405532
0.0008767763744092621260985234582
0.0008736813079120937507773074242
0.0008706074680542351160843602180
0.0008675578520569560500877414514
0.0008645296356537374391202869517
0.0008615251554759696893606440117
0.0008796134816651603122144749531
0.0008765768568140971166693339447
0.0008840241128043863702716589319
0.0008914232891398007879857922727
0.0008883764429480853978614092602
0.0008853501512210134301676098788
0.0008926642370349107364833463012
0.0008896414571671543002480458757
0.0008968960650706187741079653781
0.0008938825050205794598709110733
0.0008908927849387290115390122683
0.0008980646350816198605045596440
0.0009153051380806832441344937902
0.0009122700906859974776676295383
0.0009193044318870513317382554875
0.0009363036523518210648883123854
0.0009332290513577674947223970060
0.0009301758821455879145888438870
0.0009271439335351989687703371067
0.0009241310882703142311103953015
0.0009309859217271998451506436285
0.0009279802797448054922885255933
0.0009249964606060060646631360076
0.0009317848249755367828011757192
0.0009288050186924505843382104148
0.0009355347291170793466016229310
0.0009325643213740136577593555583
0.0009296128329049372303716039769
0.0009458751803468215352102094203
0.0009524656899106889914281788652
0.0009494790667551401878622935267
0.0009465083467676641922616596403
0.0009435588339509311456781715564
0.0009500779208491791648637744758
0.0009565549661178888056674068496
0.0009629920666719511743606689271
0.0009600277646256434813796389592
0.0009570797332156553043173169325
0.0009541496103555016019201659777
0.0009605139754909460838671383086
0.0009668369075603651923018842216
0.0009639041154729304443757711591
0.0009609912111338291289854235838
0.0009580947399137522286419768731
0.0009643503812586033549049407090
0.0009614637210885213700769655537
0.0009676734027682162728722064767
0.0009647880495689857748248448858
0.0009709527738996257110590412238
0.0009680778316305681406784822925
0.0009652254597559023033021977668
0.0009623825776051686271213661285
0.0009595591671551562946454025772
0.0009656476452367861169304907753
0.0009716983533816175176964476490
0.0009688731807566590647635595070
0.0009660687739767432779202282041
0.0009632759502897584931569746257
0.0009604986950355422482092070459
0.0009577357323776434277459284642
0.0009549900131824940717074996821
0.0009522595469185967531565238177
0.0009495423672726766138299007728
0.0009468454211039983438813250307
0.0009527778367749795685965611111
0.0009500833819991467901148518113
0.0009559721641784102699542054191
0.0009532859772474304978230895616
0.0009506156965353059808295775820
0.0009479601600023324969888341485
0.0009453195001862020370856739453
0.0009426942711772498540374429882
0.0009569278447026576132317143548
0.0009542852970326423475854708711
0.0009516543462353872097086548567
0.0009490389429587227215730114295
0.0009547682001898782140512977009
0.0009521647185809432869622235919
0.0009578532676395701697389548643
0.0009552495102435281760108285582
0.0009526591939882938409650517182
0.0009583015186082715896871738257
0.0009557172187798236592209000770
0.0009531478769563012607159369422
0.0009505933721954258849718281262
0.0009480501414568519436558034744
0.0009455230000677939632668328919
0.0009430108411230200504116365637
0.0009405101305531558963981596384
0.0009380222310749100514428135199
0.0009355471756363900064255242662
0.0009330865372356472129671943475
0.0009306379170034857135013087523
0.0009282014621767816396084799271
0.0009257770753952418456158508081
0.0009312841868759185061646529240
0.0009367613471641926631651007854
0.0009422087893968844093173025859
0.0009397758238300594041650860417
0.0009530211343566663676690777011
0.0009583857546780514107970222806
0.0009637222504738744813560841955
0.0009612578220597489913770692766
0.0009588072050343483903652073767
0.0009563694141254330078771747774
0.0009539428363183125900591704574
0.0009592246078694216191707873985
0.0009568032531919146574173771257
0.0009543923845843675535903733022
0.0009519962251762945372126206086
0.0009572283012549156056091506481
0.0009624343162791536708754071008
0.0009600339621800389474220482356
0.0009576449227018087061629977616
0.0009552705375311005377419107913
0.0009529070541322364247838667215
0.0009505543915796673221104958706
0.0009482136018454568532732878010
0.0009458841452234395799593592398
0.0009435661636437228549083398517
0.0009486888287555097697278406462
0.0009463773465392425700961846663
0.0009440782311744779204795715156
0.0009417895002844808910140471306
0.0009395096799215629770493450636
0.0009372420369755361764759054875
0.0009349859552975831568192698143
0.0009400440582551812839049496527
0.0009377919610514628776783718792
0.0009428183414463144507950754602
0.0009550728134836811354318843807
0.0009528009260660914641537718253
0.0009577565527770684853198226338
0.0009626881840316125855777518640
0.0009604133102869198605594680791
0.0009581483497804501570049547866
0.0009558949650746698690395371377
0.0009536528555500244245593216948
0.0009514208666721229844677618228
0.0009562970533845912923841416136
0.0009540706121416447667772427419
0.0009518537189915678946381326062
0.0009566935176566998594841441351
0.0009544814746599822773302553801
0.0009522788460898706885485661945
0.0009500864149658447417834794134
0.0009479041105133755829799423205
0.0009457303864627547690428330151
0.0009435687595580338630271852029
0.0009483525879148242322669903635
0.0009600337730150994857172630423
0.0009578532513961285565012119406
0.0009556843315882333799416202938
0.0009535242304161893240528504566
0.0009513726801209592435725607977
0.0009560735015343443523052915515
0.0009607524811339414982844923717
0.0009586002187887793047834940513
0.0009564561909189273811906901840
0.0009543232126974244627430777992
0.0009657299273016764549774118210
0.0009703365629990806224496724602
0.0009681867189393724033308249676
0.0009727670151646057325456023802
0.0009706215181931451128139477646
0.0009751757566021997705291474262
0.0009730346170862918003830442218
0.0009775626717398096696224289324
0.0009754238871371556653378347307
0.0009732936801819684963178257959
0.0009777913254862301123932092175
0.0009822705996391529896710218192
0.0009801413939481531837677626429
0.0009845944736158756091127673824
0.0009824698606967905510879295785
0.0009803536520875083882493507249
0.0009782469807427798432800848444
0.0009761497494701388716092040441
0.0009740613755914949428299591581
0.0009719823573497140785833689700
0.0009763875986719856641613828768
0.0009743121030461148275099529382
0.0009722446777018625827996307616
0.0009701880068562562282375978709
0.0009809776799264906073834103064
0.0009789098548329932501403772784
0.0009768521286749342978347066447
0.0009811803038127390150246832233
0.0009791271429038456769702834340
0.0009834346611438253726516076755
0.0009813824002551755269914364483
0.0009793400669302358935369935826
0.0009836192076373563623485208672
0.0009815809142699849361090474463
0.0009795509064026517270081681880
0.0009775315998487930736873141439
0.0009817809421092851877860290478
0.0009860115911432969829324126566
0.0009839893784414259667475391643
0.0009944197180305922964239326205
0.0009923900236210666590236958958
0.0009903660465422573276050205369
0.0009883499206586813524518176589
0.0009863422627694935180680923353
0.0009966607896640854178906424162
0.001000792591852905395217954520
0.0009987743259263704216174943928
0.0009967646017955240002035314249
0.001000870228715740697527178370
0.0009988632163481892957742148678
0.001009032413434834647888846882
0.001007015843296694872408173333
0.001005009373264788139112581818
0.001003010013785938762846426718
0.001001017976619942866854719169
0.0009990339867153817832925161658
0.001003069805505628278580889013
0.001001090161863580316455335020
0.0009991176014198234765704909071
0.0009971544973356367395722051821
0.0009951984155017606791776747281
0.0009932507546366397590375123643
0.0009913085888717014593766259932
0.0009893742187469212656239567483
0.0009874483149468448990009429610
0.0009914358207102201329233924289
0.0009895126932540926765568244282
0.0009934808456794524671064837962
0.0009915629928882015076557709326
0.001001372252226730173182052733
0.0009994462003255763565942116667
0.0009975261718357294832195192149
0.001001437391390135145331158422
0.0009995203899426337076706092196
0.0009976121525373428216898481405
0.0009957107003420307755228710306
0.0009938154691522404206507297629
0.0009919269478681574191927892609
0.0009900478870373436381089994712
0.0009881751007200390834757029652
0.0009863101161085052810466871703
0.0009901796399056227284974040528
0.0009883179171095396766331753120
0.0009921678420234320489024528428
0.0009903113318167884188702806780
0.0009941438969305201816699017084
0.0009922895666702174465449390203
0.0009904416674255185893854658315
0.0009942554065195991443501048625
0.0009924107342880568041038483577
0.0009905720801758537696736377855
0.0009943592071124296013436349226
0.0009925232508562247313093113914
0.0009906939246094018154385664671
0.0009888718688402252370375636513
0.0009870583360776377376486880141
0.0009908187481370643455268280958
0.0009890068474239679726054882057
0.0009871997485171513488809925284
0.0009853997715654416796665807571
0.0009836107047096075381059105704
0.0009818255164042161040388268616
0.0009855554665855549922046337061
0.0009837722353929379615361310354
0.0009819948124320381827502740731
0.0009802249897294595271947769580
0.0009839300906128695531647206929
0.0009821626682354514386848069190
0.0009858517505902119202048557464
0.0009895262463052800426943505032
0.0009931878769840463181662138136
0.001002254921976710448117459443
0.001000470854940487565516558669
0.001009496155214000666585653340
0.001007706030150689192190413646
0.001005920809791754735428221098
0.001004143882168859534164261697
0.001002373579993920166688318811
0.001000608734332684418739642696
0.0009988486694425791483987780142
0.001007761489294156863234479283
0.001005994545411967116755360830
0.001004234133773389431459184168
0.001002481665804662234783031889
0.001000735655979778571143685607
0.0009989957898417981701366526029
0.0009972627565958329702509952694
0.0009955335291412411932264683575
0.001009588203725641937419963258
0.001013093927177141474737247579
0.001021829655472699828602335239
0.001020070525666555018373716946
0.001023541604927229825834141848
0.001032213504890194471929757368
0.001035649309507259285731625996
0.001039074723141290639628347231
0.001037301571518206671286834677
0.001035536372982528276433498898
0.001033773923845759421242822294
0.001032018739646917769102567767
0.001030269534901069657317764236
0.001028525501647216046801081107
0.001026788478252341852412767779
0.001030181536005103006644867301
0.001028447123976036848904375257
0.001026717797986966767024105005
0.001024994767604212783571275757
0.001023278154811242826674962659
0.001026647366475917858192564219
0.001024932359318172615175637716
0.001023223557211771147227241065
0.001021521661975021703646673386
0.001019825328634076025245115763
0.001018134039562527591647350719
0.001016448378715652359655043690
0.001014767709573078027679232572
0.001013093525909330897397277829
0.001011425643311095996401420258
0.001009762215330838470807431443
0.001008103823996960201210494617
0.001006451650841529188610822438
0.001004804009116335444624183635
0.001008127907452747797297277330
0.001006484237780110695419771543
0.001004846130447587165185707407
0.001003212030349396755392610858
0.001001583709798226939245321661
0.001004885487160710565983760877
0.001013093463395087553349659773
0.001011456883234405767498160647
0.001009825607561422218037779656
0.001008199462907547932340423531
0.001006577832929766932612513803
0.001004961877048777178479139305
0.001003350978180173772855611373
0.001001745553215081245699127121
0.001000146016277466054005008818
0.0009985511551448574567659972076
0.0009969608227053591413187837865
0.0009953748401547523273680748410
0.001003442743434740278779853825
0.001001852656162989394823164235
0.001000268352715766448068272731
0.0009986889329403819347970518681
0.0009971136487332889506237464020
0.0009955433496395171644235774242
0.0009939774335043641757342626290
0.0009924186226705384203639269368
0.0009908635684020556971999450013
0.0009893134041287174476917463265
0.0009877691125504173293660481661
0.0009909686265434451608546985231
0.0009894260052063148074038949345
0.0009878874893253274571047197875
0.0009863552987934367417799703986
0.0009895367956549647988740240474
0.0009880068514589754573412855320
0.0009864812318695396136857747030
0.0009849601472334537400789399510
0.0009881249545964106919306010816
0.0009866042464710796369481601791
0.0009850900675382206851795075295
0.0009882393409409970670802152768
0.0009867263199448931610584817207
0.0009852187907797456230426387969
0.0009837147625186412292878986798
0.0009868475515143815605329133113
0.0009853470317217645208658785525
0.0009838501155346370250248907803
0.0009823581238089849144852571738
0.0009808701745256125264662607015
0.0009793875823327994679748749779
0.0009779096284071167821322532364
0.0009764362918881787868841862722
0.0009795400998869889802980793371
0.0009826383776541761616021684257
0.0009811634707848582907874982227
0.0009796927307258851609595411324
0.0009873226494396321365256081208
0.0009858473530194574809653990376
0.0009843765229668316341954801862
0.0009829092744342324033812922272
0.0009814467800346339949588638875
0.0009845022371713998626757551663
0.0009830433648969243301147701624
0.0009815892428411214363740915271
0.0009846315484229799593584847348
0.0009831782985737484329040725906
0.0009817294903510422704057474959
0.0009802828018203131874943072848
0.0009788430480629173363134980182
0.0009774069093383128002513379906
0.0009759751069092711096030994798
0.0009745475441540624347612921576
0.0009731233674626330665365401536
0.0009761375360572273838300686181
0.0009747150390869895968275805351
0.0009777173983101019542927500507
0.0009762962425678701262525775830
0.0009748808307915360984831926693
0.0009734692730501088010766219285
0.0009720616858327085236644903407
0.0009706585828207578157915425815
0.0009692599446078255736121461676
0.0009678640297999293640908481746
0.0009708435646277182078419156923
0.0009694489972649705705066428282
0.0009680588443591232373666482418
0.0009710240244239411546952737040
0.0009696352088269185124207087433
0.0009725891214909586216415356049
0.0009755357508010606500543840209
0.0009741486673694532972574427110
0.0009770842575615388599141396994
0.0009756970944604987639388612225
0.0009743151871360883906553030793
0.0009772372320887581480244165992
0.0009801522760933258606487544310
0.0009787687612617626317743151866
0.0009773906584195313173361461947
0.0009802937634054346490307281326
0.0009831867285384268057622803910
0.0009860721785988087188317734227
0.0009846903265444310829095579928
0.0009833115894999608416085977396
0.0009819377536278007501272375083
0.0009805686074962416688210930138
0.0009792025452716843315704418435
0.0009778394524585796584508928842
0.0009764801668404770535393175760
0.0009793429039306637778492818145
0.0009779862031865877810288112986
0.0009808390098650675662285538166
0.0009794836202543888870196508217
0.0009823268173365309132413192162
0.0009809738802690390792866359573
0.0009796230400491676685154648879
0.0009782768161512673335660843744
0.0009769348111969090144043264334
0.0009797615599886243654003167557
0.0009825800796748460553943013828
0.0009812368136635567062918153718
0.0009798981117136956471633258649
0.0009785650836361854004003517174
0.0009813703931832510779918826987
0.0009800361197488853490662451895
0.0009787068604270687090156120645
0.0009773801010319347073068161660
0.0009760574499248661896472318084
0.0009747386415989162302098286563
0.0009734215490576111188179387799
0.0009803051729921695500418945230
0.0009789846078385139171023470586
0.0009776673231166045542649160434
0.0009804356154472544111861548366
0.0009791228043396804969354960541
0.0009818830413102517006904182968
0.0009805713848683048099920057669
0.0009833207048826261266109333934
0.0009820094702255045050437935505
0.0009807017462381660413821739467
0.0009834408100903253042408644061
0.0009861725600702617752739388526
0.0009848642722391765059636857607
0.0009916130164974625160105425901
0.0009903014604013027944330175655
0.0009889932660586891074453622609
0.0009876884202040430267194985714
0.0009863867884913194726303328149
0.0009890889855696397560675563151
0.0009917834382059522043961085725
0.0009944707818101705708707445403
0.0009971505618801858218826232396
0.0009958454048083556795032975328
0.0009945430765531646983337233643
0.0009932450072303614682648465010
0.0009919509400933449199006687302
0.0009906585833300203298739076546
0.0009893697248228595612280343819
0.0009920328703051290774889219660
0.0009907452229705420989655006434
0.0009894616436999743941316723898
0.0009921139231774884927660161645
0.0009908315439719073950412615058
0.0009934754041051772664113336391
0.0009921956504789257442159074245
0.0009909193871471134056458201961
0.0009935526807856411862413740547
0.0009922780175320683000797946657
0.0009949032148687048869178075219
0.0009936297409768950690004840981
0.0009923598935614982454801084642
0.0009910931042171939077557950865
0.0009898294130600358371013757702
0.0009924402929244105346852687762
0.0009950456090014592421268704307
0.0009937813609420248283848634546
0.0009925217241089318614844796805
0.0009912630957613995956636843334
0.0009900086017935893764434588075
0.0009887570629279709200342204174
0.0009875082358267778721053674780
0.0009900959932680507923495856856
0.0009888490965439432634567005667
0.0009952516612374699592483979554
0.001001638680715159946791284952
0.001004196474629947171970055203
0.001002938541783109547025095852
0.001005486783888152850047924184
0.001008028853485505176356320312
0.001006769948590887203616153408
0.001009304612524534114831495479
0.001008047376537046845213233087
0.001010572963360892964453393623
0.001013093386683288581138164788
0.001011836844237080113420942115
0.001010583059338308222167851575
0.001013094065839936215160675795
0.001011842175291335092661019945
0.001010593078254572717492718046
0.001009346708776724743339902610
0.001008102292005159713664466844
0.001006862761486857993508309851
0.001005626969703882707519064182
0.001004393322466452192682790005
0.001003161970682340870735286284
0.001001934277388169534565406405
0.001000709375506801282972756600
0.001006908252987990368712708212
0.001005680706532375102432509812
0.001004455731314990004624328253
0.001003235415322363166511010887
0.001002017185196268737473566242
0.001000801144954504963070572693
0.0009995887358410937353175663991
0.0009983786084333041410160018909
0.0009971718666518526351355484304
0.0009959690534979899933515108053
0.0009947667155490403735898018652
0.0009935689510681350639802561174
0.0009923736405215429436381485205
0.0009948327512603874831715918890
0.0009936393962822020024890842417
0.0009924475033469533591124492507
0.0009912598464266143748912484504
0.0009900744944477062781676456755
0.0009888915488261436447125487418
0.0009877120952980508121431229074
0.0009865349218634206732378117843
0.0009853601266996165535913799776
0.0009878022685439229812499398466
0.0009902379267703614115364695384
0.0009890632460452344605325602878
0.0009914928697618919603188022049
0.0009903207962333945394667822140
0.0009927422188905757504362706784
0.0009915707927627151492228879444
0.0009904022508921343314556665083
0.0009892368782492287787798474562
0.0009880742902473495058061729708
0.0009869133667973647918073071558
0.0009857560446703633803819741621
0.0009846000474584746347186470473
0.0009870046568499205389819258510
0.0009858511998700768429712873044
0.0009846985169591803979329347793
0.0009870956972127430623825489618
0.0009859453202549328324473111287
0.0009847979631401894289566257045
0.0009836527521068865453860359665
0.0009825113884077346506215611842
0.0009813730054586587540106142776
0.0009802373492815139627361139317
0.0009826196033397898522561511595
0.0009814844229766189689964792057
0.0009803532428837928686732454431
0.0009862314795895403538095114532
0.0009850959546507378779615166701
0.0009839624202202040925039898978
0.0009828312625856317700844461327
0.0009817031661871845563013203331
0.0009805777744505456596326691084
0.0009829343327214695728964890042
0.0009818099028933604304552054960
0.0009806884130258692321062038529
0.0009795687177012387979228343934
0.0009853795763577928443477855941
0.0009842579135349436826253757308
0.0009831391282688199476031602319
0.0009854740366419496199208383824
0.0009843553376743140729981952596
0.0009866839589102349226240187125
0.0009855672965690002732415106369
0.0009844530681612497817992375822
0.0009867732336581119789453308616
0.0009856602682605453277996283078
0.0009845499273706785564960072103
0.0009834420985324298718674499629
0.0009823363594345404904114273435
0.0009812342490813967260916045451
0.0009801336987475871268368256138
0.0009790358332710105681929044066
0.0009813419343357248239257308228
0.0009802447668191303643876556503
0.0009825436156656154871338985100
0.0009848377206292056867772150274
0.0009837407345016999420423946246
0.0009826462023816793036399826340
0.0009815541161856499639273224799
0.0009838393724652796909133205033
0.0009827481869553921273561868197
0.0009850267360152792042415034814
0.0009839375699042085729486738990
0.0009828502176242702714899573628
0.0009817645401012061466075252034
0.0009806809932786520642123900134
0.0009796002517587920690422949254
0.0009818672613205202796006774851
0.0009841294634175558823150039207
0.0009863866715874723139034471338
0.0009853043730566774665827047912
0.0009842239868405645889619569156
0.0009831470855212396162061793606
0.0009853952504365374740897630317
0.0009843194273150312317987401514
0.0009832457626884469787454553922
0.0009821742494263199873215005070
0.0009811052811924118956558684803
0.0009800390280927822213723475785
0.0009789748852662851037065237426
0.0009812111373002557428701433763
0.0009801471780241768956918442138
0.0009823770645653965041616369622
0.0009846020281798684458244877798
0.0009835384491671843737259912116
0.0009857564333301260102080782967
0.0009912470996838787435607175634
0.0009901805709464578650183993437
0.0009923843789437828328706676530
0.0009913178421151880833075198699
0.0009935158660121754161210565942
0.0009924514932313161207198203789
0.0009913888208724322270215646314
0.0009903288273801966048325758738
0.0009925193548968947069658877521
0.0009914589124701478651519472340
0.0009904015655323988688529343325
0.0009893460905179680982083585151
0.0009882930690608821223590701687
0.0009872424932301987648882452292
0.0009861946480657764895743104489
0.0009851490373061265816752941258
0.0009841047760967656251275303626
0.0009830635759404275820092459359
0.0009852380594707442375756482646
0.0009841991071168650272740611317
0.0009831612533361925256893516517
0.0009821248227473818666537731252
0.0009842907081038912685923127118
0.0009832549846797633027723541474
0.0009886083699876088415144523514
0.0009875708564417738683438935265
0.0009897222598123808846976974295
0.0009886855651923588409187948779
0.0009876501844960764629631212476
0.0009897941482064318041789481785
0.0009887612773935512381277488783
0.0009877304164714617492014459534
0.0009867019061497540110442037938
0.0009856755474632608506985038265
0.0009846516205513740243607253888
0.0009836289386757215808956355102
0.0009826078497661026632928200738
0.0009815893648208709006028437508
0.0009805725922324590420991830526
0.0009795588160231391688488163904
0.0009848270002481090878787568930
0.0009869471095765407400138537762
0.0009859295947137877108043704534
0.0009849140917218784655785579218
0.0009839007835718742593607099193
0.0009828899472457247144646808145
0.0009818805362205351700724195834
0.0009808749533601244459696712024
0.0009798699668985769695735689087
0.0009819790450676094715125419503
0.0009840831295202917184088087115
0.0009830776751625252731370578181
0.0009820742831610810771287563002
0.0009810729473823427210304149179
0.0009831679398464280304986777855
0.0009821672493187013976136806587
0.0009811698221117669313793312281
0.0009801738698973848965321283146
0.0009822621693849524149068625081
0.0009812674128443412091885195719
0.0009833513753307566371913688881
0.0009823568824564269534215765684
0.0009813661623194217564470514446
0.0009803755143709218239985444079
0.0009793878939013232651837369414
0.0009784014389493934117684876063
0.0009774181819515831030735176813
0.0009764365420745147796552907535
0.0009754562360574049985575762364
0.0009775264786682514509287581922
0.0009795925771190025095350390961
0.0009816543340996502110044614316
0.0009806727251589437335010615124
0.0009796935468473845262147219612
0.0009817491824901502197260773998
0.0009838004234026047764493677457
0.0009828204132310986207830129886
0.0009848660226884973499501876124
0.0009838874546899560199182799624
0.0009829101603359009823273388243
0.0009819356762518119165544219332
0.0009809627685336122579308624753
0.0009830020410315661274770359620
0.0009850360886789701495435969737
0.0009840628186980283933666347711
0.0009830909950959968804425705546
0.0009851185440250911161225780155
0.0009841483519884400626244743861
0.0009861712967715994565205807864
0.0009852019849479772340593381229
0.0009842340447138390755486539732
0.0009862499829197347310194657400
0.0009852836393365626934679863233
0.0009843189274327684836919558469
0.0009833559326370433239026997394
0.0009823946498196832989783054872
0.0009814364810694322378003203914
0.0009804791445733831192474024863
0.0009795241314466650022740891617
0.0009815295291331899962679096486
0.0009805747300659251064924569007
0.0009796221532336417318323606986
0.0009786710779794520340847861338
0.0009865628800913732091777003879
0.0009856069877067876034147308050
0.0009846530443081080538250156944
0.0009866398452918346352646659342
0.0009856877289334638943842186600
0.0009847372024487331865041590615
0.0009837876218758843437649125716
0.0009828404114441410953384287625
0.0009818950328941515264287410586
0.0009809510392184242216967313475
0.0009800094860513626942986447187
0.0009819849965534812275157817495
0.0009810432915176522005643096040
0.0009801042803354035847740478908
0.0009791671628002082814055995019
0.0009782307027976090388124831894
0.0009772971441214295725915537384
0.0009763656654732646086895286124
0.0009754358071881932106279472457
0.0009745071153987556974733958661
0.0009735811618723498966092037476
0.0009726554035110236521044186111
0.0009717316742566564715799734335
0.0009708107526936918342097711671
0.0009698906265452076224025575880
0.0009718491016447287503356670612
0.0009766789015092746721370638131
0.0009757569538880464701548413130
0.0009748358873676098021994299608
0.0009739167403819477942487809035
0.0009730007095354379066083551368
0.0009720850589505593905089239752
0.0009711710316946379916703578511
0.0009702587306210997435830272490
0.0009693484961796819923212140084
0.0009684403979228809161136789795
0.0009675336760795457728110954577
0.0009723176674550206257334147421
0.0009742507082723575576413121606
0.0009761801177113338591991950226
0.0009752685932810845775468478692
0.0009743587774379144394732161948
0.0009791144956863116431765385333
0.0009782034693254528959401009383
0.0009772943168192231081103841684
0.0009763867765924041676185826808
0.0009783020219936836939638325351
0.0009773946371035693814222161285
0.0009793047807762703458776008240
0.0009812115614836695201955597911
0.0009803045946457757391815146950
0.0009878232918692012272253689269
0.0009869122172474913174321721988
0.0009860032268377615675318847638
0.0009906950683337835910537189582
0.0009897835268478175519864627367
0.0009972576294464437205604875241
0.0009991343196343249977048197016
0.0009982165024405178752228497163
0.001000087668621877195804284497
0.001001955557459442364264758148
0.001003820177929364053831237619
0.001002901680592721589681158741
0.001001985710669867811056274027
0.001001070917376219836588872487
0.001002928841267516440851152309
0.001007555157514094239565897330
0.001009405005298656706464970046
0.001008487178900522424722943258
0.001007570541897295814931414414
0.001006655493955318128528201410
0.001005742531626028901085658871
0.001004831815700098695794443498
0.001003921591257442357781464858
0.001005762388221773267391365727
0.001004853221236388580707069276
0.001006689831902707722744695620
0.001005781970547315800744392494
0.001004876127926057957142415409
0.001003970474201417773715712658
0.001003067368628807612102871509
0.001002165646446339114797793843
0.001001265799737976194817396505
0.001000367493354895219814954259
0.0009994705582124513542355251673
0.0009985751554411893146093235740
0.0009976818568701728331072801764
0.0009967902456487302014631828483
0.0009958999886021422400494606449
0.0009977235441826591999024659348
0.0009968343744344005259038075618
0.0009986531728879370151938775409
0.0009977638586362487106924173567
0.0009968766276770131491602720280
0.0009959913080264371755244192588
0.0009951081392726036656185547158
0.0009942254844307516398903860367
0.0009933454610369906149854666414
0.0009951564438279683197626777965
0.0009942754488014727470810041431
0.0009933967500929778254863990489
0.0009925193673714279215596199732
0.0009916440270250452459476671147
0.0009961267185351820364498225144
0.0009979248953087343236744723206
0.0009970466926343462281839241890
0.0009961699387830221340112834507
0.0009952949968921036119869838448
0.0009944220823338662049596179346
0.0009962143234249721064097496639
0.0009980044565533560768763445753
0.0009971312208230061777436150456
0.0009962591175078529096583562069
0.0009980439338952628678224206293
0.0009998250569363837697910462163
0.0009989531263167019135871420803
0.001003378987106803368564383103
0.001005150927941547286887493355
0.001004276468410424591321250677
0.001003402976709450887595628417
0.001002531568561842562941952608
0.001001662318172533113694757137
0.001000793865078390664173496977
0.0009999271621745828103208320693
0.0009990615686701704218588050452
0.001000824865183927161593810478
0.001002585736139200138562005144
0.001004342838199064705271602983
0.001003477528834925036212848441
0.001005231608701990585003050484
0.001004366530920772541792944677
0.001003501862684677283594355311
0.001005251219088566297427513237
0.001006997399004654346659818297
0.001006134119166778440820695902
0.001007876215193052487281302615
0.001007012562365489584844106897
0.001006150368458227865052915456
0.001005290782952523439145808332
0.001004432437735363494393121922
0.001008761952262907612506919005
0.001010493231919200361855152429
0.001009632872184669100151936244
0.001011360210120496914985820619
0.001010499562870808006739681409
0.001009641479862734051096522168
0.001011364857372724103454344843
0.001010507187698459603725500427
0.001012227477970283714550547897
0.001011370456000989358692576007
0.001015657695721605939079773720
0.001014799448934909469262221002
0.001013942541118735071452723416
0.001013086351011489508530584346
0.001012231534504768292242361672
0.001011378630797558342200157547
0.001010527402353181854353128451
0.001009677303519023001323257824
0.001008829027171748685525926886
0.001007982337061184345310175337
0.001009686538968228219441377264
0.001008839627615840514144729028
0.001010540701090922955489138690
0.001009695804789495327943348126
0.001013934014511998949248977958
0.001013086611894462158838144760
0.001012240861397591924639052920
0.001011396528824648078790088677
0.001010553380548167916918902714
0.001012242366153092038300880356
0.001013928374438777123918963868
0.001013086723346581994659840171
0.001012244291791931637256077625
0.001011404181375569331859322347
0.001013085776140171533040118872
0.001012246973901157013170293698
0.001013924942967625071186331760
0.001013086076758022831689057778
0.001014759877473023689509950349
0.001013922260690954569067537830
0.001015593503132533139094720730
0.001014755579487603848854252791
0.001013919876702645063812454546
0.001013086606247615114539621219
0.001012253510929712482628071179
0.001011422171113888477721547656
0.001010591976555205298099775575
0.001009763829958122923393578748
0.001008936445124760976520391609
0.001008109668260342870832068894
0.001007285380205992633359228270
0.001006461920447006580341610319
0.001008122326621803038232704109
0.001007299306024092396867947509
0.001006477634668098437144839614
0.001005657758887651204265080732
0.001007313142922347158773577143
0.001008966829618027324617580491
0.001008147058270130972662969147
0.001007327600306372318728308316
0.001006510300294558220521173976
0.001005694034049652124072962466
0.001004879097411962411370361135
0.001004065486796734619130891343
0.001003253124827199915701851777
0.001002442271237786859903454039
0.001001633585517221781806522436
0.001000825320886344964250290879
0.001000018069622710528172718140
0.0009992138511137253378665755961
0.001000857327530974324786792904
0.001000052879957589330216608195
0.001001692348876616874858324608
0.001000888615740856011402748584
0.001000085440671031135897857988
0.001001719970892502120860858210
0.001003352007040640724828926013
0.001002549451510231950654019918
0.001001748023311110657546506844
0.001000947310152104221180830674
0.001000148322873199594995661583
0.001001775369072249498681303005
0.001003399587793325484988625575
0.001002600482993487634080022632
