0.000009153922607387927242365138120
0.000005257173410697626649251670360
0.004518799809521211893266278208
0.003019149351729730288523926713
0.002267271639989177180370263149
0.001815983200489407955673887314
0.001514828228472187206478253576
0.001299398957745016891232645635
0.001515386257726574262950477718
0.001347715083701864723162378414
0.001515684730946228966699147328
0.001378510943515737821180347291
0.001264134679846442405756809667
0.001167353321889303133031002903
0.001300233151644887865387924797
0.001213954000563667709743795411
0.001138483786411446538506475440
0.001071865677598977942415491750
0.001180509564930619072692422635
0.001118670219746303959296337069
0.001063011711970864356612369889
0.001012616650459560720287756952
0.0009668507736498805913338829100
0.001056454546608703565742761641
0.001012686520642090274840898940
0.0009724368408812089282807191823
0.0009352433859052158771042746809
0.0009008073686074429133755156753
0.0009767838259100636026271986173
0.001047533899395560360015186403
0.001012819922573638590069263967
0.0009803271214905712417574697101
0.0009498473257009824867696263818
0.0009212059149274283017080912254
0.0009832031496738511341136670091
0.001041629936737760156429700099
0.001012838550707501603870961867
0.001067331980368455547094963322
0.001039364885608304594875436981
0.001012855099412638269429258770
0.001063255265540758731783321712
0.001037464705537681979147022765
0.001012880184052058134974510515
0.0009894409914995787888374917438
0.0009670711365001324586398014131
0.001012889983956120448430827095
0.0009909768996779210715435522760
0.0009699921963451743812926956971
0.0009499178949732761246260612266
0.0009923357387967631030086553854
0.0009726101440205975878809981028
0.001012925399541838990619295969
0.0009935483784035175763458227068
0.0009749127899852391653241664418
0.0009569520274526428479006235430
0.0009396525847369441912755251162
0.0009769649359713842520235660516
0.0009599133154922396466244641630
0.0009434637818377901433932666799
0.0009275655605686430060086784093
0.0009121834630587284473200641821
0.0009468871817826012575880271008
0.0009316955166148741921142879679
0.0009649828248669911413168173414
0.001044461536811376801653243829
0.001028477044121295262724305687
0.001058794492082375023083495745
0.001043082755931892267966100107
0.001027816903272828511998935138
0.001056806064460845072986972355
0.001084976233365347254386740933
0.001069769227282138043601683567
0.001096982066239537618986523303
0.001082042877325470328805043736
0.001108350784137692070326532416
0.001093649189705996478270906805
0.001079323595272203401626831792
0.001065365288961020231536273056
0.001051768361627121536642273001
0.001038523726346249937591578599
0.001025602156333233551970729923
0.001013006377309676324840264153
0.001000703268591355879872535385
0.0009887076097838273110953178586
0.001012997178526199329131138711
0.001001140861355350146196614895
0.0009895531991790102102755600794
0.001012992418376958403831296022
0.001001539659025368079649616153
0.0009903452660796833511045142303
0.0009794026605836074507274796293
0.0009687045477756140331107490448
0.0009911055793199801890973604122
0.001013015077589056467672547781
0.001002301787260365454184909167
0.001055456241327306543987998913
0.001044520186547787642909603776
0.001033811554581693882015150483
0.001023311173351892038845978319
0.001013028444730679070405155659
0.001002948604436973841721214549
0.0009930765011335797198570462231
0.0009833853862603778447162506431
0.0009738939820020687739725596476
0.0009645710072130668314884688549
0.0009554386753113685343554136492
0.0009464708586181023401504224356
0.0009376760212696690299429178796
0.0009290378688762574443255471419
0.0009483034855404203487274257894
0.0009397257688610215474540164703
0.0009313116615307246406027971174
0.0009230445231383292803005935211
0.0009416820761655955756648714061
0.0009599966968756373075252442128
0.0009779840750024455577076328511
0.0009696051966028583199350254676
0.0009613554541345307377558265721
0.0009532563856997712051023613711
0.0009452987057275378068994779775
0.0009878613255424459560957902500
0.001004728086948555224677022033
0.0009965345542496766621489033071
0.0009884782141426520843007023567
0.0009805449088845274899734286227
0.0009727385273728109025345967339
0.0009650567722076256480390067852
0.0009574952584070463139026338154
0.0009500604645958821661708447434
0.0009427366726287513286373840857
0.0009587892465809958906014819291
0.0009745904754435902853441070124
0.0009672473013555844904968616802
0.0009600131665261140096796133900
0.0009528938268803476687404785620
0.0009458752100343930607651713221
0.0009389571037464239116605403242
0.0009542077687097694828657044588
0.0009473255621595663431485656344
0.0009840541332679591040663575807
0.0009986611515805428997884213163
0.0009916120610777661435747109751
0.0009846654701930055411625267376
0.0009778166686188352733123754919
0.001013053851850263286924413044
0.001006103108565260660154031809
0.001040668909165445878417939043
0.001074767572765048565627884296
0.001087969714624906027828740614
0.001080700956360968319410748550
0.001073527277892126773815193748
0.001066450427562209960356024373
0.001059469095481201448958548372
0.001052577222385919861118418876
0.001045773659471374026740318468
0.001039057878772097037435763120
0.001051815801004694447639464964
0.001045152331434903816171982017
0.001038563935101763307385596258
0.001051083338496440345415802704
0.001044544230365345177508512775
0.001056873821617467092053216731
0.001050383084341995601360244437
0.001043974364025870588969938469
0.001037642544381508186773654759
0.001031384120789807300023176499
0.001061632229723217786583210522
0.001055306227656091371294272148
0.001049053897112514594914134315
0.001042882594221222658510245397
0.001036779541962296239187652974
0.001030744695887188431149083589
0.001024781082151067590057456224
0.001018888524646445336719262725
0.001013061063241475268421233369
0.001007303335987624350276080194
0.001001605833587040767963248514
0.0009959747747071199404709102887
0.0009904121242701041575759188444
0.001001797689826696998941844458
0.0009962619521111969619300450869
0.0009907853573012985494228587255
0.0009853682655403695308316284556
0.0009965350397755324673403878772
0.0009911467453297226191270555013
0.0009858229433797199579507748397
0.0009805482068396675124069540492
0.0009753362432181507708250492915
0.0009862628123677512272855885235
0.0009810738275888254342097080117
0.0009759404241334923721362314973
0.0009866903062007189987968533428
0.0009815744472163285194052266887
0.0009765172908576329437380240889
0.0009715108049710275981388716834
0.0009665566512849819402822034332
0.0009770806512148267912298499515
0.0009721448020455555472677928780
0.0009825356693301199337458764759
0.0009928175116149755112469231823
0.0009878806775083346530258439643
0.0009829897766728346356867429974
0.0009931166782808018744635563952
0.0009882526599116437845969744392
0.0009834345487848809339462511970
0.0009934084104384639527073059992
0.0009886186160393953509179742236
0.0009838690031741931549994031090
0.0009937017695939268825872142056
0.0009889659632405918460399680293
0.0009842829799346532572565973958
0.0009939718201189038601498937245
0.001003570986497777607254380940
0.0009988845340113096269051712708
0.0009942397404600707464279892514
0.0009896377258997871437259349058
0.001013077543541728916575325687
0.001008433665711552827014122526
0.001003829871289860752074952422
0.001013081307554457056342930381
0.001035988824957738364297753294
0.001031323024177672790750332828
0.001026702275669392658259706994
0.001022122655829868989445049891
0.001031084796835646908718550648
0.001026523151386525360347946168
0.001022004707662113277443757674
0.001017526878981617776790104174
0.001013089531152182677788087562
0.001008690001685181152172880261
0.001017477268802393220593161061
0.001013096573543513913891077104
0.001008754824176730725833548207
0.001004446280184855669764956310
0.001000171563455820873453037653
0.0009959346135522803231052116591
0.0009917372282838067232257087212
0.001013092726115044991319930969
0.001008856598693037329904667560
0.001004655535272834575351957382
0.001000490242304378551783648930
0.0009963621758066053566645745604
0.001017256362121434208988758960
0.001013091013348063866706885114
0.001008962056133142398851422561
0.001004865310103432381827494527
0.001000801125675072718722790409
0.001009011382127933319227485458
0.001004962885422129915682978105
0.001000944213961071845213362181
0.001009059628408223490966886620
0.001005061513277119320664622164
0.001001093674739389575609411562
0.0009971561158967640566783148196
0.001005155906099204317787694400
0.001001235093924450616449900966
0.0009973441977023241494822544033
0.0009934839345789323810591250901
0.0009896514664210460896060584791
0.0009858510653856459215361879468
0.0009820770807818884318314550948
0.0009783341194163484257377974422
0.0009746186825132621540302871749
0.0009939275952465362617414075761
0.0009901850527183397680401527772
0.0009864676461132041804691522577
0.0009827798650836374357770935273
0.0009791221505305686029882234883
0.0009754876329835745944112441995
0.0009718818379962023157203100506
0.0009794988160692212739133625973
0.0009759047354357228091873979030
0.0009834524019417028690260424922
0.0009798689220163551876866379210
0.0009873482308252649251614452162
0.0009947711489770104759065321690
0.0009911852784724904473055889203
0.0009876262890940129254383851630
0.0009949684368176501077250163174
0.0009914214000129790944184181531
0.0009987008203749889169162768930
0.0009951641172162440457296314548
0.0009916541192150579084841519900
0.0009988536128690059069826987891
0.0009953534083005821396308246164
0.0009918780868821932112061178674
0.0009884273875611931098774049774
0.0009850003378091641306806861841
0.0009815962100439141628603507861
0.0009886804055696411015442126390
0.0009852883272161665474251792038
0.0009819176730091917485891600371
0.0009785722990217696840869682353
0.0009752500725537108083776342077
0.0009925215559139195721290986786
0.0009891761192292716669836643480
0.0009858492664949505193133153302
0.0009825472811075383394896619259
0.0009792674558960986361390522503
0.0009760112222848964446309896729
0.001003015516316429569989026517
0.001009747907528507878537795995
0.001006422604378463759608665734
0.001003114481649416916970286711
0.0009998296269536508139403280366
0.0009965684125595526198359384240
0.0009933294098861148518684080935
0.0009999612339464005778571672884
0.001006547618433873955419836457
0.001003306285921313317474675265
0.001000086160546927855898369829
0.001006612437000381650197974403
0.001003402356002754215819359040
0.001000213662990008719147967539
0.0009970417821322287974627949072
0.001013092048132238879461752358
0.001009900937001705570114141422
0.001006732845653119457069348955
0.001003582663670214031261025539
0.001009931160356731639624311495
0.001006794329250245563221150677
0.001003672255306032512080925488
0.001000571846748990124940514150
0.0009974896160122553361507786796
0.0009944277091020442591940961010
0.0009913812645637537324337693474
0.0009883571595748131042966002055
0.0009945991453893696857423879805
0.0009915821675003481590778935301
0.0009885833571012052828223055810
0.001003930055622135853787525882
0.001000912613562927769943828265
0.0009979119695741671469564058188
0.0009949299631981468874666213057
0.0009919660209611617946522404458
0.0009890227805828098492976748357
0.0009860951501062384699007501500
0.0009921586307659779238175082271
0.0009981837969422588352468180888
0.0009952561313371212944225796047
0.001001241053843176395790675987
0.001007187922510512310957691498
0.001004255862911306195906778655
0.001001343568199584066809622325
0.0009984463425940746682097860103
0.0009955663534703674323642862416
0.0009927056166525697377042102988
0.0009985747858485374542304951540
0.0009957217097776756867402702759
0.001001548557370197107324066145
0.0009987017183561559353188754821
0.001004485095850015048205035001
0.001018826698720248929003743139
0.001033089640899930801849976167
0.001030187683043222464867173353
0.001027298205756387743730446415
0.001024428185911443390166698543
0.001021572566402884486908826696
0.001027179747731536241705883050
0.001024331862419788879573293067
0.001021499798364985474460799643
0.001018683931453974134925370137
0.001015883621294039828979010716
0.001013098738703964894592908411
0.001010328151883701510219367477
0.001024142963772089492672945608
0.001021358092002595178200279542
0.001018589643108108949961831446
0.001015836986194839947528490810
0.001021290331431837222721555656
0.001018542533274435316075509104
0.001015811274843926405779954457
0.001021226222025760001515115334
0.001018501921928536624052624634
0.001015791755020576889723375943
0.001013100836528310378537395229
0.001010419638226222422124980481
0.001015775276571076909204367218
0.001029100336308871109095773661
0.001026399354379718449576101923
0.001023711994267043992821401674
0.001021037170654565173893661839
0.001018377548942698449501941426
0.001015730381671763839122105255
0.001013099128258644917994553709
0.001010480847890059441119532081
0.001007876844787732151807288693
0.001005286905898932338914300055
0.001002708295982936263895516952
0.001000141531746395894008608097
0.0009975902458472523451221918061
0.0009950485294287030020584527728
0.0009925230492447573933345281434
0.001005398696417770792787859333
0.001010535770727582335950995876
0.001015645213006135517655738165
0.001013092769682280355572569743
0.001010554106528505019080149820
0.001008026820471921496197812424
0.001005515783355553142666787891
0.001003016474771637097085101621
0.001008068904058793694104825215
0.001005573857022239893524009576
0.001003091346468755149303495223
0.001000621197984910243611025547
0.0009981644411703225636710197953
0.0009957179192363855015137067927
0.0009932822941595840277413621884
0.001005682049834714864451936063
0.001003235987619394537821104264
0.001000802080337051137058678188
0.0009983784576895937226709700170
0.0009959688215844910362466317691
0.001000891738735493122060765384
0.001005793198372081805676873148
0.001003382893509054219364748229
0.001000985276459154945886971535
0.0009985971837462132377229801309
0.0009962202978961205074899311160
0.001008289266541303282221446728
0.001005900668092257735645624922
0.001003523503523149750188342806
0.001001157039641721675558214743
0.0009988017640614469583420592861
0.001003594142632762078752735320
0.001001244000982500657289050962
0.0009989061818827389601707765088
0.0009965795269842602112163808951
0.001001329986045302345941203962
0.0009990071740563203033725658518
0.001003729467274374168685019281
0.001001410878010408815467452615
0.0009991062008078168695066078135
0.0009968104775966458969924127720
0.0009945257551335855319755754077
0.0009922509057703965147545558265
0.0009969232904698657773065658960
0.0009946548321308850504011817906
0.0009923944331342786418162402936
0.0009970356043952046810454634840
0.001001654431731756483063046205
0.0009993989320866672091203512408
0.0009971503266369396272171290308
0.001001737204364976699112548009
0.0009994936671546625228446459041
0.0009972569223182627011303315036
0.0009950314645105769865871353799
0.0009995834702087992483956951180
0.0009973635457811218048354146365
0.0009951528979059460515549536246
0.0009929532952948618592665572689
0.0009907632442852463981923268253
0.0009885818634030276355828132119
0.0009930853910416814122415896305
0.0009909110106180967405090841684
0.0009887438957408887057992054981
0.0009932190471793043896448288774
0.0009910563655682167531750704842
0.0009955061264327608951251797181
0.0009933478855655350772875438746
0.0009911985389022168100202480159
0.0009890584092582075582269438578
0.0009869289309469316408731029339
0.0009913397509987679351727851396
0.0009957319535026744076411209302
0.0009936056577780959024990185581
0.0009914841108581600865537167599
0.0009893706697858953975088508807
0.0009937293455237937876346732927
0.0009916231570881459198861136547
0.0009895238831770474499888785439
0.0009874329405912745625152830044
0.0009853518272120419498174660037
0.0009896717635739487287033605336
0.0009939738596814975221417936183
0.0009918932294434656594597743431
0.0009898207349752244258043042024
0.0009940948859722216360991102618
0.0009920276812973089130266111332
0.001002593281388409573748040411
0.001000514507158381686084710999
0.0009984443755121126306999870612
0.0009963822636192506598375738057
0.0009943277431026321712987159245
0.0009922833685350202866036657139
0.0009964832632322309166777843504
0.0009944412167398560360254675038
0.0009924118547028096691835154828
0.0009903882083704774384400689367
0.0009945581227307545362904801059
0.0009987114535358985960138158499
0.0009966880865428947043102082023
0.0009946733167043467628274044796
0.0009926663486465579500872586670
0.0009967880267509657873074340702
0.0009947841560605577440082640446
0.0009988862371137770155169803954
0.0009968858401360415031374393523
0.0009948933346658331341455969029
0.0009989698015690827691118044867
0.001009078869415085264497462938
0.001007076475253493165215401703
0.001005081328620331678002787379
0.001015115407865343298584294777
0.001013113317740693186776220956
0.001023091210283795779989479149
0.001021078377006674933490266992
0.001031003546753330628058975903
0.001040890182471323757809838459
0.001038856761962172643609315611
0.001036830777566427825339228884
0.001034810751644485431762543879
0.001032798259024573983932148321
0.001030795574682436159655096525
0.001028800327030626921575951372
0.001026810517255646237942300783
0.001030689412256256349786401345
0.001028705593154663383097241340
0.001026729903857952458424054328
0.001030586004103893852923881444
0.001034428329178425572944846775
0.001038254324065328610739470791
0.001036275657185776182259984040
0.001034303391002298927404391862
0.001032339175834146740857581079
0.001036142789432502126106473148
0.001034182023794294022586992584
0.001043706191115239215295016812
0.001047466838974292761006726547
0.001045497344087733903590771115
0.001049240415183331509077763686
0.001047274653589171488761324412
0.001045314905221524615207619102
0.001043363753782284712145110467
0.001041420233927593537594746870
0.001039484641129345464769011928
0.001037554904631649812445687186
0.001035634400585103767612891112
0.001033718366433132204011814201
0.001031810577999568479621067798
0.001041108838742659912786440970
0.001039193934725143737757318832
0.001037286603452312655394328502
0.001040953504672186316492818469
0.001039049277799564187014908762
0.001042701839301926011000378709
0.001040802391233490648825240152
0.001038909553552721695907105347
0.001037024392928712874546662136
0.001035145159463303609410704173
0.001033273706673934181129797240
0.001031406446038290505736741748
0.001029545950511764991374975162
0.001033162361439553480914704194
0.001031306238898376045347969423
0.001029457794527079689911681078
0.001033055180221427652695201813
0.001031210890548863402908527007
0.001034791584846061459566977167
0.001032950132246482970050808899
0.001031113948812054140637213607
0.001034674852992452793798162275
0.001032841646181227888082173739
0.001031017390408314535073362689
0.001029199116450772757408294571
0.001027387116817396475461889544
0.001030923310515078735771439372
0.001029114177145953403980358834
0.001027311897415868011565459726
0.001025515630777270319332635817
0.001023724221522752724426540141
0.001021939407166271407649293223
0.001020161473428005756300489790
0.001018389106748338465554239614
0.001016623553068685853898876130
0.001014863503472709057566743389
0.001013109565285792715734326849
0.001016603882891191125804195453
0.001020085159414168943742640436
0.001018332396714669705321529076
0.001021798215560030386167752564
0.001025253364449941350211718182
0.001023499970515360617536969810
0.001021753062495677145044442663
0.001030369099588534690701555020
0.001028615326648994742787839120
0.001026869101120007178742328884
0.001035431765898506622093444850
0.001033678797591915730758529228
0.001031932558562870829103319770
0.001030191721348577875257942806
0.001028458626731687566458068127
0.001026730518576881954677572093
0.001030106043822661433584395923
0.001028380980273865250052509608
0.001026661099946088938907270667
0.001030022361262122479041922746
0.001028306106836427572947567775
0.001031651692349749868214296783
0.001029936920157949140097817622
0.001028231200098056221780987641
0.001026528434700366050948662088
0.001029854743742086961244073906
0.001033171234520652016756146788
0.001036475531645445793850342481
0.001039770064755166119359980923
0.001038063666788335558889880671
0.001041343573342819684441288775
0.001039638695105365469242719679
0.001037939716113021211728751302
0.001036248108111807356504887359
0.001034559340783236314173459735
0.001032876391371222654711318264
0.001031199828484131052359821603
0.001034454415388918512243575567
0.001037697674406485796574829697
0.001036021152708707341458379185
0.001034350065441254501313823632
0.001032684534269579005559073715
0.001031024975757446868083916986
0.001029369335917575565489851542
0.001027720460381580497979545564
0.001026077424775086164168530519
0.001029292042788668638441809443
0.001027652163516363450045222559
0.001026015562854022082739317956
0.001024383976650507013621336605
0.001022759197547169297552978713
0.001021138643810074229885662913
0.001019522224077810111872567748
0.001027512268907851970542870018
0.001035477424230797248659664781
0.001043416939198482837854187689
0.001046552659122092152444049365
0.001049679930835708212036514850
0.001048034653011388728945486416
0.001051148584546774479918536144
0.001049506216200551735440388895
0.001047868422333187742233943271
0.001050969404076820635098825725
0.001054059313272233140972141763
0.001052424296850001897954580448
0.001055503144479537812910460196
0.001053869613694628705052573457
0.001052241156016231140702960979
0.001050617605992299241557859682
0.001048998090311561942117385948
0.001047385238503523609280141371
0.001045777687336730021734884475
0.001044174057236937276792086483
0.001042575688189369558676372601
0.001045627686980148805675516430
0.001053306971779835634273719840
0.001051701679772969529364286744
0.001050102556395013222052253930
0.001048507896307944535922533249
0.001046917818647767725700325192
0.001045332581575953760797235574
0.001048347505675341967988611737
0.001051353169675709498609466111
0.001054350529044338364677530202
0.001052763501898148975221239674
0.001055749122458338582666228825
0.001054162978575483702909453820
0.001052582439277851151429953537
0.001051006653246452853823490998
0.001049435736704705599156419293
0.001052403279828479055858775525
0.001050835249761576304520794914
0.001049272353625409367035430797
0.001047713950661890086590151287
0.001046160056230329886051866737
0.001044610650011238168380291555
0.001043065984070154822340373110
0.001041526716417616802125385359
0.001044471755257288998537557190
0.001042934691614395418269282562
0.001041401764766369186884545158
0.001044332877283025456439125041
0.001042802269932585357554165737
0.001041276702620272602029788975
0.001048635900459774699973584926
0.001047104105808021981128457526
0.001045578672978021248846447191
0.001044058101666732185173879210
0.001042542370909879626207496231
0.001041030792160660118460004919
0.001043924845373428676429049876
0.001046811416898517393097219309
0.001049687958101210289800586531
0.001052556617035235634752598727
0.001051042880999004675024698488
0.001049532378774572244555860113
0.001048025057315820043077981720
0.001050880105833097275526300380
0.001049374787893921768408129497
0.001056563881255305380239562795
0.001055055778567846022355578475
0.001053551865757707321390222439
0.001052051994083002198048032742
0.001050556501364796132456119022
0.001049064659672774170520699397
0.001047577068162959651459130991
0.001046094099155788962553080706
0.001044614172959942700824351645
0.001043139720638852483198273388
0.001041668778381733830082657193
0.001040201520434089034437078398
0.001038739829209416809485039163
0.001037281615861828694816122890
0.001048606449780695134134868024
0.001051392674998821765467805988
0.001049923349454497673991955992
0.001048458016829174626718268506
0.001046997942779252775948370805
0.001045540928574348358207358805
0.001044088112228414829986252300
0.001042638964945260720736885114
0.001045406337758823437896925716
0.001043960279266115168368204492
0.001042517093268715235862791632
0.001041078164448793292344266054
0.001039643602060525572775192127
0.001042394587469612932117187126
0.001040961410960638965134343572
0.001043703494967611579467193230
0.001042272716846359114752558377
0.001040845747749327250257019435
0.001043577068179677464496936924
0.001042151973664279780925513194
0.001040731509152311721315016629
0.001039313705386809717836939635
0.001042031943411703510169661717
0.001040617357899118304888654665
0.001039206751764585151953722512
0.001037800498605450413981390708
0.001036397676964115091516106365
0.001034998413504528894110681813
0.001037700151454482705795966751
0.001040395279362528733526100560
0.001038998125915002829888639164
0.001041683528107498372111055197
0.001040287541106308413100701434
0.001042963610198629835305994530
0.001041568563786018626973597664
0.001040177139495254963166538624
0.001038789200327385534814642845
0.001041453803208700257582484799
0.001040068846787793557862682739
0.001038687710892092483048489213
0.001037310216747148467823873007
0.001039962231423638525742160141
0.001038585253162204287140935137
0.001037213059655439393212622620
0.001039855137071538727943435835
0.001038483367743841397669378212
0.001037116390847732119033504766
0.001035752563522454382305684092
0.001038381900871624571622372765
0.001037020460622590173547297069
0.001035661759830248825631661197
0.001034308525160751757104931864
0.001032957670296757167050224708
0.001035574040426688979847551345
0.001034225185047099183961472168
0.001032879018367325476938505228
0.001031538158956153629115476984
0.001034142019334692348684073011
0.001032802053790950397495629151
0.001031466287946829921346402085
0.001034061703159220230885296088
0.001036648900266295674652494187
0.001039228968191417265311846994
0.001037891562867652569557353222
0.001036557376628349120201109337
0.001035226633579919294582289249
0.001033898730365537824496770713
0.001032574952028358945355590403
0.001035142076428376380833842843
0.001033820805501151669449482266
0.001032502218451998968637925534
0.001031186421853770068908020661
0.001029872703096769759924688134
0.001032425833895999641190263051
0.001031115662078745406182501587
0.001029808802978299049568889054
0.001032352619900121728577206301
0.001034889739584336378028488295
0.001041258005809331282399644649
0.001039945033475013837428007190
0.001038634921738599321636702517
0.001037328353992183429081104849
0.001036024814637004787323018561
0.001034725972563280577208915148
0.001033428457576786692050017281
0.001035939384396177898395425631
0.001034645329720562746474051358
0.001033354134062027221621603751
0.001032065071194852306447674298
0.001030782198333746133217193076
0.001029500259294594891261988201
0.001031996024871549270663044693
0.001034485909374554670773271070
0.001040734353378808793731295492
0.001039446413915202208455723764
0.001045674309033466645088987295
0.001051887431934848189912048604
0.001050590006457619083103831971
0.001049295565984106581824553039
0.001048006342158627016464746885
0.001046719078222221061874274318
0.001045433972898942732672205865
0.001044152934555337869302892973
0.001042875047799593252544649309
0.001041600188142069814427615015
0.001044038348408832887099778972
0.001042764627054981095982307302
0.001041494919806656436950651219
0.001043925237878416103864835320
0.001042656543799979453401705238
0.001041390832511257827628510679
0.001043811763650564727626007668
0.001042547837641578554902642235
0.001041287428078739686749064225
0.001040030188692421922847046404
0.001038775553396553369670314482
0.001037524280308543935484779937
0.001043589600668216809603542752
0.001042334991280671136964209965
0.001041083298143717336966671979
0.001039834841662227189056039469
0.001038589500050515176094082058
0.001037346712048729341211357451
0.001036108006930317325098311802
0.001038497865813541435827751928
0.001037260310226767971010033753
0.001036025058351616786131342705
0.001034793851845417290263971383
0.001033564680139343670054595006
0.001032338250219015751239244653
0.001031115284883470190125080926
0.001033489773953812156649156105
0.001032267150155845253437656497
0.001031048187043749910539591718
0.001029834461522391434252455615
0.001028621587227548484318900519
0.001027412986701415196896078482
0.001026204646600782867935579892
0.001028566405360436941421046995
0.001027360954680966305457911944
0.001026158447849952061093857589
0.001024957583875784491828930408
0.001023761257687464345979542829
0.001026112251579270551476140445
0.001024917053542158711106743494
0.001027260447184560893150149979
0.001026065631140231814415918835
0.001024873283076738186326600820
0.001023684354298136456136934601
0.001026019123507559173714432921
0.001024832585144103999612262212
0.001027159640420070058312858267
0.001025973363915359465492820714
0.001028293916650207350602028622
0.001027110621904841814495706686
0.001025928622201462768302519731
0.001024749775018320650956635526
0.001023573435810966910145150224
0.001022400861727480533135472021
0.001021229406380311411036279764
0.001020060854247046310394501591
0.001022367091486917977019685136
0.001021200754774208115703061546
0.001026964554583235500013888424
0.001025794579366624480541165018
0.001028084976383271621318624990
0.001026917751508431125333346041
0.001025752353506426747099264482
0.001028033721860119510290293809
0.001026869289862910204631658112
0.001025708335891004894207860935
0.001024549705838893889154548700
0.001023394429295192492473852436
0.001022240318472144330234057946
0.001021089232608773116154505061
0.001023357825354282226515683483
0.001025622950127929314956712063
0.001024471737613757523043005518
0.001026729265707727314592898645
0.001025579810643513145690270490
0.001024433761311717995153010382
0.001023289825620735039866218269
0.001022148399776077728273448149
0.001021009772824801083693508640
0.001019873758115189572612729130
0.001018740588689977218071876848
0.001017608927214052422428907713
0.001016479482779117475381754022
0.001015352757834540423720037941
0.001014227928552922519014260380
0.001013106310573327251509218454
0.001011987182291876032827075408
0.001010870941522041989348868262
0.001009757780933643143042438801
0.001011992139555717149012439023
0.001017562213046551669481823127
0.001016443736556733014133352978
0.001015329039761245716474299336
0.001020877135907007419401590261
0.001026413205333136961320144605
0.001025290220371988449835383193
0.001027489758315694245970313104
0.001026368256864631301501221849
0.001025249712994613425379595367
0.001027441574987574306962588102
0.001029630729125451739005751976
0.001031813522429665382601715526
0.001030693021636100462041167712
0.001029575759201222958318575033
0.001035041746366285485355159986
0.001037209366898835261395241124
0.001036088370443013243435040411
0.001034969805731504452882083841
0.001033853168789542221696271101
0.001032739048202385302601028950
0.001031628523761047187904916429
0.001030520595376171287494373293
0.001029414542695483532333193830
0.001028310500099623725248698924
0.001030464465386587083180149667
0.001035865436870472902411667707
0.001038006917528329548401623183
0.001036897933389350744072833518
0.001039033344878154661039634656
0.001037926488130051713852529849
0.001036822369604343772570412466
0.001038950252359052682098542809
0.001037846441971058715331491783
0.001036746253924486479450988694
0.001035648019105868569145579415
0.001034551731216894323822407757
0.001033457870754091819177338235
0.001032365944048519640696027844
0.001031276430459034873788758094
0.001030189127876340615367863567
0.001032304442634534530763462287
0.001031219029395932274534405962
0.001030134845368500122770381600
0.001029053141733748073772187218
0.001027974585780141803776740248
0.001026898107724707063910059183
0.001025823508751520371821892029
0.001027928144042932901753229963
0.001030027978398929178763410355
0.001028953094005350673616137572
0.001027880556683250407453167254
0.001026810933054778968515663657
0.001032062484330088440651594228
0.001030989868460805876810500126
0.001033073277546331502908621697
0.001032002510972928091409013751
0.001030933973190040592246359801
0.001029867751681279458302569887
0.001028803364453436936039073061
0.001030881015665954900652243103
0.001029818448134492774559328908
0.001028757038243622209440333841
0.001027698675457457836850664671
0.001026642215788905566581519142
0.001025586803111504661247347137
0.001024534793030376518360903213
0.001023484384421677701042651087
0.001022436137227576319127848449
0.001021390608928602824711929884
0.001020347321696647344671318813
0.001019306512726920981813582226
0.001018267685901511662627928253
0.001017230142556668753085710271
0.001019287864316690802156543122
0.001018251514494539640551765249
0.001017219031739327162855864351
0.001016187067661025284743657662
0.001015157542793465604768621546
0.001017204887907280318794144692
0.001016175712471996499895838790
0.001015148905250439827598940297
0.001014125202087266099434160905
0.001013102089540655777024675923
0.001015142358424461116712875704
0.001014121629323145048468255971
0.001013101713193361106136701497
0.001012084502018793976122097979
0.001011069249142273048394621101
0.001010056133361527568141108725
0.001009045055960172933928083489
0.001011074404681513403548020582
0.001013101412400431793980779946
0.001012090231092482689963093061
0.001011080863266395950340866267
0.001010074442192623029039433592
0.001012093438587892906234062482
0.001011087782688691715226462310
0.001010084022194876761773469014
0.001009082354390530666758259386
0.001014106912185855025236701935
0.001013102688513509486020941594
0.001012099824356668692093708973
0.001011099860797506790926966432
0.001013101362432779786866542905
0.001012101844128660828840106628
0.001011104214484861891271230197
0.001010109010993905806283360340
0.001009115593340103519984415101
0.001011110168752104798799701456
0.001010117181777961335385104744
0.001015085184601927649364261251
0.001014090690179764701773360178
0.001016072978826102807488776736
0.001018050293974805091513724332
0.001017056177215328940195904039
0.001016063560641012798249845944
0.001015073067980159988007026462
0.001014085229916092152398832602
0.001013098876553198010729968646
0.001012114895809647950045774025
0.001011131406293679373911163535
0.001013098120183667996911534966
0.001012116440591733331885425898
0.001011136442812850806523022309
0.001013097507281796183747880406
0.001012118993121681596737890894
0.001011142110692886365539415298
0.001010167387486929984335378895
0.001009194728760399329472784863
0.001011148340166437491334904444
0.001016019612952934597380933237
0.001017961476674481549028071772
0.001016983906407464710839090213
0.001016008925086600083307342705
0.001015036172907943961549106569
0.001014065731591593549735164675
0.001013096363322610618098746610
0.001012129031324011393085713778
0.001011163641678877856785042310
0.001010199926190536842491172949
0.001009237441961130843560700951
0.001008277148196462490298329695
0.001007319388182578871351897308
0.001009248803421139671265325769
0.001014056962522140697384278260
0.001018856050504789226615858321
0.001020769287558229576824958637
0.001022678146629555901849921584
0.001021712515404120055725532644
0.001020748161352432872923384438
0.001019785235933715353342945816
0.001021687103012420762999031290
0.001023586098983669016532950306
0.001022623048521583866775947192
0.001021662421739385008504855736
0.001020703348336124283116880861
0.001022596419541627623961026950
0.001021638186717856265535285141
0.001023526819940929660649713952
0.001025411645085231322752095761
0.001024453811885206377938643161
0.001023498891904199601076922473
0.001022545548578156310517744364
0.001021592318224724380340445118
0.001020642658068708781001514005
0.001019693426216667871788911570
0.001021570195339749166597416155
0.001023442609431131788019677268
0.001022493752566884582709754552
0.001024361819743526205717356330
0.001023412681098088921959881807
0.001022465561972176234709857582
0.001021520796415669207793097039
0.001020577868461386608443290851
0.001019636857968562930704164431
0.001018697929100510873377513722
0.001020557326363920389001373168
0.001019619789901803707540309756
0.001018684311552759162269909966
0.001023328777825825885886604624
0.001022390941913168494038365895
0.001021453906018785436331426961
0.001020518594086010994825557396
0.001019585674404190098186076662
0.001018654552189202094217715829
0.001017725054475191473314826938
0.001016797092952756481085336380
0.001015870680464255909155769229
0.001014946280961413506090632784
0.001014022734596454823791351411
0.001013100791611074810823171996
0.001012180948480072331810615647
0.001011262532233738835658465500
0.001010345621935467747957871165
0.001009431129930454342195983644
0.001008517884521604280163261037
0.001010353333622101881217216598
0.001009440991789851337998640131
0.001008530470362407663664254552
0.001013099745251342060524460471
0.001012187394847232081486288910
0.001011277273732769168913723045
0.001010368383320846943737165726
0.001012189988454786358365780451
0.001014008473580676761429122412
0.001013099084387675297929463434
0.001012192238531411846094094548
0.001011287148375470186739044990
0.001010382655506865725492886370
0.001012195011839761215818475976
0.001011291737683797036412959711
0.001010390000216579176756037610
0.001009490286907105455700653285
0.001008591610287757989901528426
0.001007694559505423854197568102
0.001006799254145292860544767917
0.001005905546172253030390593439
0.001005013839024896032324259090
0.001004123719859310681917800057
0.001003235234107639766402093234
0.001005036304354486717132140645
0.001004149102806905279575951340
0.001003262585331911963273677440
0.001002377639879533545755583354
0.001001494667389481302613648960
0.001003288822661707578993434677
0.001005079886514692160992613774
0.001006868028275122982151399914
0.001008652771192997857017417920
0.001010434285763255085762750573
0.001012212822517679409332249446
0.001011327589406232917022044897
0.001010442877433592713135427834
0.001012216155028746838209900897
0.001011331895203546901803117126
0.001010449186407375176102635622
0.001009568185317221425024791858
0.001008688166081237164611360881
0.001010456262666774679033495332
0.001012221028299314413518715912
0.001013982471534180852512544146
0.001013102433587703834710937069
0.001012223169220053359730310709
0.001011345914970114880854413550
0.001010470347148924946320509371
0.001009597257083846563441929552
0.001008724332122884402588924069
0.001007853240520059061825831750
0.001006984056912741614517249462
0.001006116300378433939787749073
0.001005249174627378334275860638
0.001004384261791597914478140330
0.001006134288547136445301441220
0.001005270026224972189820287489
0.001004407128897549259615470678
0.001003546082048147454819787322
0.001002685887963340499567034523
0.001004429531039457458804505906
0.001003569899235427301588783820
0.001005310337485587442590062785
0.001004451896662154711752021021
0.001006188671574121001814873113
0.001005330713894028522410820217
0.001004474225384882936061404618
0.001006206367635589422602271165
0.001005350516622095947858986306
0.001004497418017659142458432920
0.001003644062705326710916976320
0.001002792662851291016893124059
0.001001942245749441872227042204
0.001001094288748656684208455795
0.001000247851752199802909710025
0.0009994022308986456884903948522
0.0009985580456690603584036944024
0.0009977151370429830840631162738
0.0009968732692507814408900044000
0.0009960335249487235628166818850
0.0009977531381570887931863797557
0.0009969138375379516761202616800
0.0009960752588111927553530755914
0.0009952392540963711425256138210
0.0009944045046835165346163894782
0.0009935705145105800363851531487
0.0009927387291491341180632800557
0.0009919084969622731068992615386
0.0009910795060947268592500867094
0.0009902521379812140288816176875
0.0009894264651432597045094578468
0.0009886017930393963377118125355
0.0009928435473377976466698364034
0.0009920173965760885026033185421
0.0009911926265485068488261785671
0.0009903687307494194223202066474
0.0009920705387384540300337439913
0.0009912467193708406874786950351
0.0009904252512964914431864922601
0.0009896049358383566314510202388
0.0009887857567771609023699212943
0.0009879677874620861526193283023
0.0009896628306095106937181876986
0.0009888455670977656247083960523
0.0009905372992006313348042576637
0.0009897211206488109241829099494
0.0009914087966499307695040767386
0.0009905927171032162040724723501
0.0009897779108765558449652605359
0.0009889649734954692902335679334
0.0009881537610442467654357985850
0.0009898359989167703916033692740
0.0009890241236548694797219335854
0.0009882135849521611280830852907
0.0009874051320006527560140114604
0.0009865974811649694805680719476
0.0009882741661755054340282129539
0.0009874675029210143990084445501
0.0009866621621548175903391863124
0.0009883352742932777349768333380
0.0009875306911016971067268675494
0.0009892009404091033774449595449
0.0009883971890161245520306124492
0.0009925320186072677905685065248
0.0009941933378806725068293006533
0.001003245254019538140846278328
0.001002432385919125067378052439
0.001001621063970849070237868344
0.001000810168696360479594217697
0.001002458196457418793211259004
0.001001648754884330835682786651
0.001000840032357987887605633642
0.001000033065621221621104117227
0.0009992271833992636733290360912
0.0009984221481750731756665996829
0.001000063964942570952307019576
0.001001703129300656409219015860
0.001003339278337038918279423236
0.001002534348400328036168206077
0.001001731591111723000658457651
0.001000929178206132858493558416
0.001000128277201850350864718467
0.0009993282958940033119287427360
0.0009985298203123371888450775520
0.0009977326998541384639660109341
0.0009969367108714921922302388016
0.0009961422591652858024746213211
0.0009953485251226833524143752788
