0.00004642464622724995739020184913
0.00004642464622724995739020184913
0.00004642464622724995739020184913
0.00003530816172677738907177771859
0.00003530816172677738907177771859
0.00003530816172677738907177771859
0.00003683932987388562201678301543
0.00003683932987388562201678301543
0.00003683932987388562201678301543
0.00003827353921544756323082121377
0.00003827353921544756323082121377
0.00003827353921544756323082121377
0.00003879853815551995275717439619
0.00003879853815551995275717439619
0.00003879853815551995275717439619
0.00003919014794914179116467067676
0.00003919014794914179116467067676
0.00003919014794914179116467067676
0.00003808649545684414421597736458
0.00003808649545684414421597736458
0.00003808649545684414421597736458
0.00003879651154234688837039826439
0.00003879651154234688837039826439
0.00003879651154234688837039826439
0.00003921429490307907220125563506
0.00003921429490307907220125563506
0.00003921429490307907220125563506
0.00003921429490307907220125563506
0.00003937483572144286580221098000
0.00003937483572144286580221098000
0.00003937483572144286580221098000
0.00003872462354787577441314405004
0.00003872462354787577441314405004
0.00003872462354787577441314405004
0.00003917046006119304828822740748
0.00003917046006119304828822740748
0.00003917046006119304828822740748
