0.0002078817438630217950470601766
0.0002078817438630217950470601766
0.0001804975089719383746637442685
0.0001804975089719383746637442685
0.0001804975089719383746637442685
0.0001763784039838801513477654668
0.0001763784039838801513477654668
0.0001768407025449351692582868892
0.0001768407025449351692582868892
0.0001768407025449351692582868892
0.0001766143288110886916781137796
0.0001766143288110886916781137796
0.0001814749317071999886702906864
0.0001814749317071999886702906864
0.0001814749317071999886702906864
0.0001826333047957840725897132239
0.0001826333047957840725897132239
0.0001825877355554967225077798873
0.0001825877355554967225077798873
0.0001825877355554967225077798873
0.0001823706614171642851777294418
0.0001823706614171642851777294418
0.0001823706614171642851777294418
0.0001847294283789129486460501768
0.0001847294283789129486460501768
0.0001836000547487704067349977944
0.0001836000547487704067349977944
0.0001836000547487704067349977944
0.0001853343278858448725752885571
0.0001853343278858448725752885571
0.0001876143622250046015952860144
0.0001876143622250046015952860144
0.0001876143622250046015952860144
0.0001862277102434107281679012326
0.0001862277102434107281679012326
0.0001879101513813739716613901939
0.0001879101513813739716613901939
0.0001879101513813739716613901939
0.0001860699522816073203021805118
0.0001860699522816073203021805118
0.0001855063114082607205811730732
0.0001855063114082607205811730732
0.0001855063114082607205811730732
0.0001864932060450873646967047837
0.0001864932060450873646967047837
0.0001864932060450873646967047837
0.0001868935306300636265223334022
0.0001868935306300636265223334022
0.0001889705916052832214517776957
0.0001889705916052832214517776957
0.0001889705916052832214517776957
0.0001889591926190492417644132303
0.0001889591926190492417644132303
0.0001900029334235863483293568116
0.0001900029334235863483293568116
0.0001900029334235863483293568116
0.0001912081346742906210632697099
0.0001912081346742906210632697099
0.0001912081346742906210632697099
0.0001899284747858828866149707387
0.0001899284747858828866149707387
0.0001903514180510201945168558509
0.0001903514180510201945168558509
0.0001903514180510201945168558509
0.0001895615789097723237492051273
0.0001895615789097723237492051273
0.0001889029721686012195898008164
0.0001889029721686012195898008164
0.0001889029721686012195898008164
0.0001881634099517718398384847391
0.0001881634099517718398384847391
0.0001883896785076430429081392360
0.0001883896785076430429081392360
0.0001883896785076430429081392360
0.0001885117948876892631514870061
0.0001885117948876892631514870061
0.0001889570427808391145309477111
0.0001889570427808391145309477111
0.0001889570427808391145309477111
0.0001861604608162760899014186730
0.0001861604608162760899014186730
0.0001861604608162760899014186730
0.0001849401327847726108332744853
0.0001849401327847726108332744853
0.0001851560677510100147189578034
0.0001851560677510100147189578034
0.0001851560677510100147189578034
0.0001858132226780553325263388386
0.0001858132226780553325263388386
0.0001858915120326638119497210593
0.0001858915120326638119497210593
0.0001858915120326638119497210593
0.0001850430662589072252593488144
0.0001850430662589072252593488144
0.0001857958515035306925639636701
0.0001857958515035306925639636701
0.0001857958515035306925639636701
0.0001866713805753048401079758855
0.0001866713805753048401079758855
0.0001866713805753048401079758855
0.0001867742816959829188533064242
0.0001867742816959829188533064242
0.0001870685418456808456717809326
0.0001870685418456808456717809326
0.0001870685418456808456717809326
0.0001879907404082566790224084417
0.0001879907404082566790224084417
0.0001881834907962085355959519917
0.0001881834907962085355959519917
0.0001881834907962085355959519917
0.0001882976556245526090489126896
0.0001882976556245526090489126896
0.0001887807671582479926366622100
0.0001887807671582479926366622100
0.0001887807671582479926366622100
0.0001896142352547948572218132110
0.0001896142352547948572218132110
0.0001897425653167640494595128764
0.0001897425653167640494595128764
0.0001897425653167640494595128764
0.0001901009385641283817263608500
0.0001901009385641283817263608500
0.0001901009385641283817263608500
0.0001902860357466122847463848957
0.0001902860357466122847463848957
0.0001909076942048300170371851023
0.0001909076942048300170371851023
0.0001909076942048300170371851023
0.0001916292280456301076329879723
0.0001916292280456301076329879723
0.0001920977980800363894369109995
0.0001920977980800363894369109995
0.0001920977980800363894369109995
0.0001919319062851647356065637469
0.0001919319062851647356065637469
0.0001916107011017103592129921502
0.0001916107011017103592129921502
0.0001916107011017103592129921502
0.0001908089817089581372751054068
0.0001908089817089581372751054068
0.0001908850872393581593061916958
0.0001908850872393581593061916958
0.0001908850872393581593061916958
0.0001904603505228778078758549354
0.0001904603505228778078758549354
0.0001904603505228778078758549354
0.0001899144851486636298484993625
0.0001899144851486636298484993625
0.0001894281136625567609384749979
0.0001894281136625567609384749979
0.0001894281136625567609384749979
0.0001896883966438407418284507982
0.0001896883966438407418284507982
0.0001902826294500716482153010824
0.0001902826294500716482153010824
0.0001902826294500716482153010824
0.0001901696351147995992936249866
0.0001901696351147995992936249866
0.0001901696351147995992936249866
0.0001897971232351100818351254613
0.0001897971232351100818351254613
0.0001894297424428208107300464397
0.0001894297424428208107300464397
0.0001894297424428208107300464397
0.0001890757193581128205126754081
0.0001890757193581128205126754081
0.0001886092621603414429515036431
0.0001886092621603414429515036431
0.0001886092621603414429515036431
0.0001884694419328531782504457496
0.0001884694419328531782504457496
0.0001886372203696918696729473585
0.0001886372203696918696729473585
0.0001886372203696918696729473585
0.0001882535927642881607236763017
0.0001882535927642881607236763017
0.0001880249843608742207648310905
0.0001880249843608742207648310905
0.0001880249843608742207648310905
0.0001879535512282949089465815562
0.0001879535512282949089465815562
0.0001879535512282949089465815562
0.0001880763608300402435223892687
0.0001880763608300402435223892687
0.0001885036656194174574391788358
0.0001885036656194174574391788358
0.0001885036656194174574391788358
0.0001882469983029542929672375747
0.0001882469983029542929672375747
0.0001881620000962641721972721756
0.0001881620000962641721972721756
0.0001881620000962641721972721756
0.0001881255842221523232049716236
0.0001881255842221523232049716236
0.0001882869285333269945574029140
0.0001882869285333269945574029140
0.0001882869285333269945574029140
0.0001887348376406496265108268560
0.0001887348376406496265108268560
0.0001887348376406496265108268560
