0.0001674004019609955644114732944
0.0001674004019609955644114732944
0.0001929842461335331481633139757
0.0001929842461335331481633139757
0.0001929842461335331481633139757
0.0001902226729811277303796357755
0.0001902226729811277303796357755
0.0001897017360141914848400341388
0.0001897017360141914848400341388
0.0001897017360141914848400341388
0.0001882485525498137275115590461
0.0001882485525498137275115590461
0.0001934573812828667015488454956
0.0001934573812828667015488454956
0.0001934573812828667015488454956
0.0001913815421099080008783258428
0.0001913815421099080008783258428
0.0001903078063556250909129144309
0.0001903078063556250909129144309
0.0001903078063556250909129144309
0.0001873896869555119127844320688
0.0001873896869555119127844320688
0.0001873896869555119127844320688
0.0001862222928146584440840640920
0.0001862222928146584440840640920
0.0001858089401893103873995274229
0.0001858089401893103873995274229
0.0001858089401893103873995274229
0.0001856064681332108627927195961
0.0001856064681332108627927195961
0.0001857397948824502054729510051
0.0001857397948824502054729510051
0.0001857397948824502054729510051
0.0001836969550170085460852929774
0.0001836969550170085460852929774
0.0001864869989652356373786613922
0.0001864869989652356373786613922
0.0001864869989652356373786613922
0.0001843233541378667267143720671
0.0001843233541378667267143720671
0.0001827904250512179669422748705
0.0001827904250512179669422748705
0.0001827904250512179669422748705
0.0001823822563998341037947801183
0.0001823822563998341037947801183
0.0001823822563998341037947801183
0.0001819978384533499967607038396
0.0001819978384533499967607038396
0.0001816592432879022582825890134
0.0001816592432879022582825890134
0.0001816592432879022582825890134
0.0001812817404810528092082449563
0.0001812817404810528092082449563
0.0001794990362249769695374518315
0.0001794990362249769695374518315
0.0001794990362249769695374518315
0.0001776053225200661000630990252
0.0001776053225200661000630990252
0.0001772029499233529065929143052
0.0001772029499233529065929143052
0.0001772029499233529065929143052
0.0001770127115888357749505299183
0.0001770127115888357749505299183
0.0001770127115888357749505299183
0.0001773207122919952071241602271
0.0001773207122919952071241602271
0.0001780518860077227214400724707
0.0001780518860077227214400724707
0.0001780518860077227214400724707
0.0001787349772202197064345333992
0.0001787349772202197064345333992
0.0001785193625997557587485754734
0.0001785193625997557587485754734
0.0001785193625997557587485754734
0.0001789489805498634255385043503
0.0001789489805498634255385043503
0.0001783953719276088895221325493
0.0001783953719276088895221325493
0.0001783953719276088895221325493
0.0001792933350394219894928396231
0.0001792933350394219894928396231
0.0001792933350394219894928396231
0.0001798974398475319592442549283
0.0001798974398475319592442549283
0.0001808839727847495377419794406
0.0001808839727847495377419794406
0.0001808839727847495377419794406
0.0001807626888893573019712955003
0.0001807626888893573019712955003
0.0001808528105892807500988643275
0.0001808528105892807500988643275
0.0001808528105892807500988643275
0.0001806281873363810173891381856
0.0001806281873363810173891381856
0.0001801563001157091189852260982
0.0001801563001157091189852260982
0.0001801563001157091189852260982
0.0001817066607326744550871437811
0.0001817066607326744550871437811
0.0001817066607326744550871437811
0.0001816454993465617816828323775
0.0001816454993465617816828323775
0.0001814801356425892934755112081
0.0001814801356425892934755112081
0.0001814801356425892934755112081
0.0001813830792708911419585139462
0.0001813830792708911419585139462
0.0001810815492208502645811159506
0.0001810815492208502645811159506
0.0001810815492208502645811159506
0.0001810546032652433208978384181
0.0001810546032652433208978384181
0.0001809480054725341209085214006
0.0001809480054725341209085214006
0.0001809480054725341209085214006
0.0001812643512192808396735790244
0.0001812643512192808396735790244
0.0001809222514826085955471658924
0.0001809222514826085955471658924
0.0001809222514826085955471658924
0.0001810662896212323807240200291
0.0001810662896212323807240200291
0.0001810662896212323807240200291
0.0001806466685580489189458984353
0.0001806466685580489189458984353
0.0001806247317324250192527424983
0.0001806247317324250192527424983
0.0001806247317324250192527424983
0.0001803506061186227240723159124
0.0001803506061186227240723159124
0.0001814733387301842926118191319
0.0001814733387301842926118191319
0.0001814733387301842926118191319
0.0001813988530151336322599580235
0.0001813988530151336322599580235
0.0001816150846895362039535460402
0.0001816150846895362039535460402
0.0001816150846895362039535460402
0.0001822723146653282627763077339
0.0001822723146653282627763077339
0.0001820883884954966838861709231
0.0001820883884954966838861709231
0.0001820883884954966838861709231
0.0001817445544133155920448323898
0.0001817445544133155920448323898
0.0001817445544133155920448323898
0.0001821407007762062343078215155
0.0001821407007762062343078215155
0.0001819865594864395381704103025
0.0001819865594864395381704103025
0.0001819865594864395381704103025
0.0001812423868707908851926372990
0.0001812423868707908851926372990
0.0001809592200701290091212353619
0.0001809592200701290091212353619
0.0001809592200701290091212353619
0.0001803785939824854800371326731
0.0001803785939824854800371326731
0.0001803785939824854800371326731
0.0001804952263895251260426282541
0.0001804952263895251260426282541
0.0001802099322982949703582657924
0.0001802099322982949703582657924
0.0001802099322982949703582657924
0.0001804833947015239810063509769
0.0001804833947015239810063509769
0.0001811840655778203887126135168
0.0001811840655778203887126135168
0.0001811840655778203887126135168
0.0001809995151091183535949487377
0.0001809995151091183535949487377
0.0001809132602171782863598201879
0.0001809132602171782863598201879
0.0001809132602171782863598201879
0.0001804522265270602602979177350
0.0001804522265270602602979177350
0.0001803778950164826509649037546
0.0001803778950164826509649037546
0.0001803778950164826509649037546
0.0001809638568547120850955445127
0.0001809638568547120850955445127
0.0001809638568547120850955445127
0.0001804255049117995441933506640
0.0001804255049117995441933506640
0.0001800681296998543929016428763
0.0001800681296998543929016428763
0.0001800681296998543929016428763
0.0001810970403471606262874585156
0.0001810970403471606262874585156
0.0001806627848505306772076826137
0.0001806627848505306772076826137
0.0001806627848505306772076826137
0.0001807101357300624096395502740
0.0001807101357300624096395502740
0.0001809114532786015919332140340
0.0001809114532786015919332140340
0.0001809114532786015919332140340
0.0001816516615245261376926611469
0.0001816516615245261376926611469
0.0001816516615245261376926611469
