0.0001867880267311154522684934017
0.0001867880267311154522684934017
0.0001774670132775121753420569125
0.0001774670132775121753420569125
0.0001774670132775121753420569125
0.0001808696984205434265104663924
0.0001808696984205434265104663924
0.0001869237859139775794644014922
0.0001869237859139775794644014922
0.0001869237859139775794644014922
0.0001831866376984158843589461769
0.0001831866376984158843589461769
0.0001942436902615549670031491673
0.0001942436902615549670031491673
0.0001942436902615549670031491673
0.0001893494151422853399948523715
0.0001893494151422853399948523715
0.0001916314304532906996023176369
0.0001916314304532906996023176369
0.0001916314304532906996023176369
0.0001882687311510510922747398658
0.0001882687311510510922747398658
0.0001882687311510510922747398658
0.0001870415516051509160512468212
0.0001870415516051509160512468212
0.0001859462595016014628131069256
0.0001859462595016014628131069256
0.0001859462595016014628131069256
0.0001855166521498650394530823328
0.0001855166521498650394530823328
0.0001843175730185854141986470780
0.0001843175730185854141986470780
0.0001843175730185854141986470780
0.0001839985959335675839238781818
0.0001839985959335675839238781818
0.0001845600256442462605594065775
0.0001845600256442462605594065775
0.0001845600256442462605594065775
0.0001841024254992164609592437970
0.0001841024254992164609592437970
0.0001852802036014443856408576675
0.0001852802036014443856408576675
0.0001852802036014443856408576675
0.0001846603203623217731977679579
0.0001846603203623217731977679579
0.0001846603203623217731977679579
0.0001850142822310206012966089485
0.0001850142822310206012966089485
0.0001857260670451634045238333959
0.0001857260670451634045238333959
0.0001857260670451634045238333959
0.0001849465361325337395205662858
0.0001849465361325337395205662858
0.0001834645939962856145201169506
0.0001834645939962856145201169506
0.0001834645939962856145201169506
0.0001821373169666765995798983025
0.0001821373169666765995798983025
0.0001816257560729288194404358368
0.0001817400477872751765661725076
0.0001817400477872751765661725076
0.0001826954191507956348464536504
0.0001826954191507956348464536504
0.0001826954191507956348464536504
0.0001827572666703357177537962448
0.0001827572666703357177537962448
0.0001822909673999743386827887775
0.0001822909673999743386827887775
0.0001822909673999743386827887775
0.0001831254981414593044953026966
0.0001831254981414593044953026966
0.0001833328856715882648621657916
0.0001833328856715882648621657916
0.0001833328856715882648621657916
0.0001842185915664417744346830601
0.0001842185915664417744346830601
0.0001853084880271771274676902587
0.0001853084880271771274676902587
0.0001853084880271771274676902587
0.0001844636578009764110105628946
0.0001844636578009764110105628946
0.0001844636578009764110105628946
0.0001848887602913538401501839770
0.0001848887602913538401501839770
0.0001839649141447290639500656086
0.0001839649141447290639500656086
0.0001839649141447290639500656086
0.0001829474304699882252264844383
0.0001829474304699882252264844383
0.0001821597951736130779887333257
0.0001821597951736130779887333257
0.0001821597951736130779887333257
0.0001826720719206008655338538658
0.0001826720719206008655338538658
0.0001835143850482765382545460755
0.0001835143850482765382545460755
0.0001835143850482765382545460755
0.0001843922589525965587501807237
0.0001843922589525965587501807237
0.0001843922589525965587501807237
0.0001853379203336781052113373761
0.0001853379203336781052113373761
0.0001850135122200171912018146822
0.0001850135122200171912018146822
0.0001850135122200171912018146822
0.0001843991909865048887071156639
0.0001843991909865048887071156639
0.0001841834137629708962766494911
0.0001841834137629708962766494911
0.0001841834137629708962766494911
0.0001842326094190540489441408338
0.0001842326094190540489441408338
0.0001838007849203963750130019467
0.0001838007849203963750130019467
0.0001838007849203963750130019467
0.0001850486701522190505837807204
0.0001850486701522190505837807204
0.0001848188981491260873318028141
0.0001848188981491260873318028141
0.0001848188981491260873318028141
0.0001858215731511903273316148286
0.0001858215731511903273316148286
0.0001858215731511903273316148286
0.0001856908312531168197924388301
0.0001856908312531168197924388301
0.0001859429915716177103523209154
0.0001859429915716177103523209154
0.0001859429915716177103523209154
0.0001856341024941868826211881450
0.0001856341024941868826211881450
0.0001859086847641402645853297717
0.0001859086847641402645853297717
0.0001859086847641402645853297717
0.0001859188486814973028034289422
0.0001859188486814973028034289422
0.0001862284296401641673412518175
0.0001862284296401641673412518175
0.0001862284296401641673412518175
0.0001870911849356504482700826009
0.0001870911849356504482700826009
0.0001865959892962148849426748661
0.0001865959892962148849426748661
0.0001865959892962148849426748661
0.0001865610557996933653614344297
0.0001865610557996933653614344297
0.0001865610557996933653614344297
0.0001867209941630739908348936379
0.0001867209941630739908348936379
0.0001870855807051400834100739811
0.0001870855807051400834100739811
0.0001870855807051400834100739811
0.0001874827162470156929628605208
0.0001874827162470156929628605208
0.0001879622256394075499805080280
0.0001879622256394075499805080280
0.0001879622256394075499805080280
0.0001873367236456389351393818770
0.0001873367236456389351393818770
0.0001877480165435722166527035738
0.0001877480165435722166527035738
0.0001877480165435722166527035738
0.0001874174983583426365200254315
0.0001874174983583426365200254315
0.0001874174983583426365200254315
0.0001876031051351884133341927901
0.0001876031051351884133341927901
0.0001870892671765529282039872046
0.0001870892671765529282039872046
0.0001870892671765529282039872046
0.0001870155248153480268308128026
0.0001870155248153480268308128026
0.0001870313670576417625947636717
0.0001870313670576417625947636717
0.0001870313670576417625947636717
0.0001867581399722456534139289608
0.0001867581399722456534139289608
0.0001866538494809125644096608618
0.0001866538494809125644096608618
0.0001866538494809125644096608618
0.0001869570412273150767606043506
0.0001869570412273150767606043506
0.0001869570412273150767606043506
0.0001868449218059699435327593047
0.0001868449218059699435327593047
0.0001863912654467951987942193449
0.0001863912654467951987942193449
0.0001863912654467951987942193449
0.0001865028801943079869186371754
0.0001865028801943079869186371754
0.0001860833489235043644464066075
0.0001860833489235043644464066075
0.0001860833489235043644464066075
0.0001861673343017261192390872173
0.0001861673343017261192390872173
0.0001861437496871447996990810379
0.0001861437496871447996990810379
0.0001861437496871447996990810379
0.0001866171449025978340636517753
0.0001866171449025978340636517753
0.0001866171449025978340636517753
