0.09583055595722088329771330933
0.09583055595722088329771330933
0.1073444704173692259980300879
0.1073444704173692259980300879
0.1073444704173692259980300879
0.1053128315980586753159736816
0.1053128315980586753159736816
0.1001302161380234591933193678
0.1001302161380234591933193678
0.1001302161380234591933193678
0.09968225082651251049008047127
0.09968225082651251049008047127
0.1047347016447322784818262430
0.1047347016447322784818262430
0.1047347016447322784818262430
0.1028417652781093152902707865
0.1028417652781093152902707865
0.1009375271050595580858954110
0.1009375271050595580858954110
0.1009375271050595580858954110
0.09653713350598807841143605227
0.09653713350598807841143605227
0.09653713350598807841143605227
0.09581470034813762432165924607
0.09581470034813762432165924607
0.09709157699427749485022735874
0.09709157699427749485022735874
0.09709157699427749485022735874
0.09607214544963564662001798697
0.09607214544963564662001798697
0.09580448456757213173415886543
0.09580448456757213173415886543
0.09580448456757213173415886543
0.09453122028649717035680257621
0.09453122028649717035680257621
0.09366037780215707708358016955
0.09366037780215707708358016955
0.09366037780215707708358016955
0.09229246023405313924345352564
0.09229246023405313924345352564
0.09228678148120051690503196876
0.09228678148120051690503196876
0.09228678148120051690503196876
0.09252116136342022195909273978
0.09252116136342022195909273978
0.09252116136342022195909273978
0.09250554565801949515518802197
0.09250554565801949515518802197
0.09294543209153250277738377626
0.09294543209153250277738377626
0.09294543209153250277738377626
0.09350146522454029609672431909
0.09350146522454029609672431909
0.09346622201431805915591263744
0.09346622201431805915591263744
0.09346622201431805915591263744
0.09425960122221570658033072241
0.09425960122221570658033072241
0.09409915583435143967535725370
0.09450801893692074591900307734
0.09450801893692074591900307734
0.09475808064571989615538127047
0.09475808064571989615538127047
0.09475808064571989615538127047
0.09460475128030502451842883229
0.09460475128030502451842883229
0.09444466837971122650475882566
0.09444466837971122650475882566
0.09444466837971122650475882566
0.09430724257286137686341155771
0.09430724257286137686341155771
0.09457731827373513762459225924
0.09457731827373513762459225924
0.09457731827373513762459225924
0.09437063932026763601953832024
0.09437063932026763601953832024
0.09448683331357796978880365695
0.09448683331357796978880365695
0.09448683331357796978880365695
0.09437397709948374368049414652
0.09437397709948374368049414652
0.09437397709948374368049414652
0.09418237954026563585383040068
0.09418237954026563585383040068
0.09523861552412828901513934564
0.09523861552412828901513934564
0.09523861552412828901513934564
0.09507453994914247750099665177
0.09507453994914247750099665177
0.09565808746150237709331684729
0.09565808746150237709331684729
0.09565808746150237709331684729
0.09501054302260037671027889972
0.09501054302260037671027889972
0.09477204340095841799911168868
0.09477204340095841799911168868
0.09477204340095841799911168868
0.09534961251652857154866967338
0.09534961251652857154866967338
0.09534961251652857154866967338
0.09571768786534411978150472964
0.09571768786534411978150472964
0.09518929479445144237195058472
0.09518929479445144237195058472
0.09518929479445144237195058472
0.09516746106232837543338997208
0.09516746106232837543338997208
0.09523193746344887560648691729
0.09523193746344887560648691729
0.09523193746344887560648691729
0.09500428589512485946018208548
0.09500428589512485946018208548
0.09564750543892534528929463942
0.09564750543892534528929463942
0.09564750543892534528929463942
0.09595641892117661581090090960
0.09595641892117661581090090960
0.09600025200792305357758163662
0.09600025200792305357758163662
0.09600025200792305357758163662
0.09584081308388739030579609519
0.09584081308388739030579609519
0.09584081308388739030579609519
0.09652460837789434520380587260
0.09652460837789434520380587260
0.09671839501382091035113024441
0.09671839501382091035113024441
0.09671839501382091035113024441
0.09682180243327464765689836225
0.09682180243327464765689836225
0.09680233929302921173322390162
0.09680233929302921173322390162
0.09680233929302921173322390162
0.09675519510181036280974726816
0.09675519510181036280974726816
0.09685079885324571000766222909
0.09685079885324571000766222909
0.09685079885324571000766222909
0.09713469363776406212128468360
0.09713469363776406212128468360
0.09734981467079860025917670494
0.09734981467079860025917670494
0.09734981467079860025917670494
0.09759514344564203933333647220
0.09759514344564203933333647220
0.09759514344564203933333647220
0.09784504197998067509644296726
0.09784504197998067509644296726
0.09785694789990209522361923935
0.09785694789990209522361923935
0.09785694789990209522361923935
0.09735608826101202521504120366
0.09735608826101202521504120366
0.09766476447186312541305070908
0.09766476447186312541305070908
0.09766476447186312541305070908
0.09759807554794789101749810364
0.09759807554794789101749810364
0.09760871903398786498271525603
0.09740009329394874026319044190
0.09740009329394874026319044190
0.09685080464477755409397463736
0.09685080464477755409397463736
0.09685080464477755409397463736
0.09680301309248305307785158298
0.09680301309248305307785158298
0.09683209676750680764537492015
0.09683209676750680764537492015
0.09683209676750680764537492015
0.09678492023852224814630533359
0.09678492023852224814630533359
0.09677165031950693285714220091
0.09677165031950693285714220091
0.09677165031950693285714220091
0.09699492843091709134529737149
0.09699492843091709134529737149
0.09682252032691061081301755020
0.09682252032691061081301755020
0.09682252032691061081301755020
0.09712176615676096350814000216
0.09712176615676096350814000216
0.09712176615676096350814000216
0.09711884165861410746169037715
0.09711884165861410746169037715
0.09708947146178244800660206194
0.09708947146178244800660206194
0.09708947146178244800660206194
0.09701290199903240421681722835
0.09701290199903240421681722835
0.09708886714103057562132220846
0.09708886714103057562132220846
0.09708886714103057562132220846
0.09726312247224637284336488431
0.09726312247224637284336488431
0.09729798758539169204584571901
0.09729798758539169204584571901
0.09729798758539169204584571901
0.09733978192534471671365858828
0.09733978192534471671365858828
0.09733978192534471671365858828
