0.09215938771024133434062425174
0.09215938771024133434062425174
0.08984200552805309756166603381
0.08984200552805309756166603381
0.08984200552805309756166603381
0.09613209772727762969749206543
0.09613209772727762969749206543
0.09513160555973562191040136192
0.09513160555973562191040136192
0.09513160555973562191040136192
0.09547610021387852202612817148
0.09547610021387852202612817148
0.09846536203074192382029768048
0.09846536203074192382029768048
0.09846536203074192382029768048
0.09956953856302356241731937506
0.09956953856302356241731937506
0.09879721576993136254904444080
0.09879721576993136254904444080
0.09879721576993136254904444080
0.1003319268411946983609873783
0.1003319268411946983609873783
0.1003319268411946983609873783
0.1019082491794751715137483939
0.1019082491794751715137483939
0.1016344172201511553827802746
0.1016344172201511553827802746
0.1016344172201511553827802746
0.1009009162928006265651753122
0.1009009162928006265651753122
0.1006024369020491425182618948
0.1006024369020491425182618948
0.1006024369020491425182618948
0.1009086379624469195483902041
0.1009086379624469195483902041
0.1012692524008260372977553601
0.1012692524008260372977553601
0.1012692524008260372977553601
0.1011404884299161117411338150
0.1011404884299161117411338150
0.09899799290329506569966274206
0.09899799290329506569966274206
0.09899799290329506569966274206
0.09851100855275730427696196822
0.09851100855275730427696196822
0.09851100855275730427696196822
0.09768244287598578260254084495
0.09768244287598578260254084495
0.09736112819739754150325806813
0.09736112819739754150325806813
0.09736112819739754150325806813
0.09763314566022007231626234952
0.09763314566022007231626234952
0.09660235779356816482245665427
0.09660235779356816482245665427
0.09660235779356816482245665427
0.09686385731384514936139298701
0.09686385731384514936139298701
0.09757716192065162462394080070
0.09757716192065162462394080070
0.09757716192065162462394080070
0.09687374893689699711093097930
0.09687374893689699711093097930
0.09687374893689699711093097930
0.09704638901032804695371631423
0.09704638901032804695371631423
0.09765078536690670734265624415
0.09765078536690670734265624415
0.09765078536690670734265624415
0.09738450514120070054457404460
0.09738450514120070054457404460
0.09738932274685629806406785882
0.09738932274685629806406785882
0.09738932274685629806406785882
0.09747578462753433081280259218
0.09747578462753433081280259218
0.09754522519119418326903572424
0.09754522519119418326903572424
0.09754522519119418326903572424
0.09747973555677742902385107691
0.09747973555677742902385107691
0.09747973555677742902385107691
0.09738105619716077869485810637
0.09738105619716077869485810637
0.09731736375527779546113837139
0.09731736375527779546113837139
0.09731736375527779546113837139
0.09750692174213443851487827002
0.09750692174213443851487827002
0.09775709608677050828463244036
0.09775709608677050828463244036
0.09775709608677050828463244036
0.09814051088292362975826723544
0.09814051088292362975826723544
0.09774681520177508281184893735
0.09774681520177508281184893735
0.09774681520177508281184893735
0.09803827577191148257217535996
0.09803827577191148257217535996
0.09803827577191148257217535996
0.09843184716476797073242059863
0.09843184716476797073242059863
0.09826822103273776451985815927
0.09826822103273776451985815927
0.09826822103273776451985815927
0.09832900763295560874022199884
0.09832900763295560874022199884
0.09827849474596093179910895964
0.09827849474596093179910895964
0.09827849474596093179910895964
0.09833492035614383455212362725
0.09833492035614383455212362725
0.09833541592742731059653216731
0.09833541592742731059653216731
0.09833541592742731059653216731
0.09811540042109059283735670540
0.09811540042109059283735670540
0.09810909533234879724288283897
0.09810909533234879724288283897
0.09810909533234879724288283897
0.09778139752585622678417886578
0.09778139752585622678417886578
0.09778139752585622678417886578
0.09771721422198670250661211145
0.09771721422198670250661211145
0.09735341711125249289774466704
0.09735341711125249289774466704
0.09735341711125249289774466704
0.09737317083077253008502017218
0.09737317083077253008502017218
0.09741377086735142305710407552
0.09741377086735142305710407552
0.09741377086735142305710407552
0.09730371731083526375088724810
0.09730371731083526375088724810
0.09747185528762183213560988793
0.09747185528762183213560988793
0.09747185528762183213560988793
0.09746183510891089480373580424
0.09746183510891089480373580424
0.09728739703211170042770990721
0.09728739703211170042770990721
0.09728739703211170042770990721
0.09758083855445752137545769480
0.09758083855445752137545769480
0.09758083855445752137545769480
0.09765800613296066835268101094
0.09765800613296066835268101094
0.09760581899898951129670354200
0.09760581899898951129670354200
0.09760581899898951129670354200
0.09727288242337843823152828684
0.09727288242337843823152828684
0.09736402020036707055235508453
0.09736402020036707055235508453
0.09736402020036707055235508453
0.09721132099387563315976696266
0.09721132099387563315976696266
0.09721132099387563315976696266
0.09692910224095031042588352534
0.09692910224095031042588352534
0.09701186309322227425713027609
0.09701186309322227425713027609
0.09701186309322227425713027609
0.09676939995525628307296219481
0.09676939995525628307296219481
0.09680629264087258759134474447
0.09680629264087258759134474447
0.09680629264087258759134474447
0.09677513409467395965298200170
0.09677513409467395965298200170
0.09666223833163211262938486647
0.09666223833163211262938486647
0.09666223833163211262938486647
0.09666849874770489720177786387
0.09666849874770489720177786387
0.09669371409326850658267337341
0.09669371409326850658267337341
0.09669371409326850658267337341
0.09659957358051304444260260831
0.09659957358051304444260260831
0.09659957358051304444260260831
0.09649595307915298690707248905
0.09649595307915298690707248905
0.09637857834194860748931335701
0.09637857834194860748931335701
0.09637857834194860748931335701
0.09639785433374147758120783820
0.09639785433374147758120783820
0.09645974467666627201111750917
0.09645974467666627201111750917
0.09645974467666627201111750917
0.09666754200625231169179664659
0.09666754200625231169179664659
0.09659106491277273453533526723
0.09659106491277273453533526723
0.09659106491277273453533526723
0.09636861273513518660025657343
0.09636861273513518660025657343
0.09636861273513518660025657343
