0.07933005868644097563315052590
0.07933005868644097563315052590
0.09332235795190415804704239242
0.09332235795190415804704239242
0.09332235795190415804704239242
0.09700457207786744046856998741
0.09700457207786744046856998741
0.09655602267959057602721202328
0.09655602267959057602721202328
0.09655602267959057602721202328
0.09676848343000244608011301139
0.09676848343000244608011301139
0.09560270398117929719768324505
0.09560270398117929719768324505
0.09560270398117929719768324505
0.09448980064132813869842412845
0.09448980064132813869842412845
0.09794351052902418343582690560
0.09794351052902418343582690560
0.09794351052902418343582690560
0.09927275494341637506532043628
0.09927275494341637506532043628
0.09927275494341637506532043628
0.09741153860591059689291358954
0.09741153860591059689291358954
0.09657102817701208007384780651
0.09657102817701208007384780651
0.09657102817701208007384780651
0.09491928812371393103254115315
0.09491928812371393103254115315
0.09304184572524414891545219248
0.09304184572524414891545219248
0.09304184572524414891545219248
0.09485689198431278564620109764
0.09485689198431278564620109764
0.09458928500101333270447168407
0.09458928500101333270447168407
0.09458928500101333270447168407
0.09354028987771209847834652322
0.09354028987771209847834652322
0.09405789988894682388186677118
0.09405789988894682388186677118
0.09405789988894682388186677118
0.09351318632205957700597273309
0.09351318632205957700597273309
0.09351318632205957700597273309
0.09449194141188180822040488728
0.09449194141188180822040488728
0.09417907409412806444664892751
0.09417907409412806444664892751
0.09417907409412806444664892751
0.09429317439884903161835690708
0.09429317439884903161835690708
0.09502422610672423564565030710
0.09502422610672423564565030710
0.09502422610672423564565030710
0.09507392487315980984032349612
0.09507392487315980984032349612
0.09499425790573645469899720763
0.09505255855733110051677344718
0.09505255855733110051677344718
0.09636003626268996723350100700
0.09636003626268996723350100700
0.09636003626268996723350100700
0.09568700634405009994510195523
0.09568700634405009994510195523
0.09557390569500162984732338253
0.09557390569500162984732338253
0.09557390569500162984732338253
0.09528537476414705325670011659
0.09528537476414705325670011659
0.09549493974587927723087865513
0.09549493974587927723087865513
0.09549493974587927723087865513
0.09555129399241911225206961916
0.09555129399241911225206961916
0.09589202915126336517098974611
0.09589202915126336517098974611
0.09589202915126336517098974611
0.09567142675674569132564659939
0.09567142675674569132564659939
0.09567142675674569132564659939
0.09637754823998982167103436454
0.09637754823998982167103436454
0.09687774374942127027801236641
0.09687774374942127027801236641
0.09687774374942127027801236641
0.09647428718377992575711733640
0.09647428718377992575711733640
0.09734291002394244955279062267
0.09734291002394244955279062267
0.09734291002394244955279062267
0.09720486578943334368710236641
0.09720486578943334368710236641
0.09744468170654065688650152404
0.09744468170654065688650152404
0.09744468170654065688650152404
0.09699268549446777774632228680
0.09699268549446777774632228680
0.09699268549446777774632228680
0.09731045994561018855739154409
0.09731045994561018855739154409
0.09698718752429105574587881655
0.09698718752429105574587881655
0.09698718752429105574587881655
0.09675011412329430048025433522
0.09675011412329430048025433522
0.09655041894511674324941113033
0.09655041894511674324941113033
0.09655041894511674324941113033
0.09655844356847503006940612441
0.09655844356847503006940612441
0.09691243070796895208242085670
0.09691243070796895208242085670
0.09691243070796895208242085670
0.09685470302485178620822660109
0.09685470302485178620822660109
0.09659525112380053609220871654
0.09659525112380053609220871654
0.09659525112380053609220871654
0.09608851954951823192784586928
0.09608851954951823192784586928
0.09608851954951823192784586928
0.09626655777259114184841502674
0.09626655777259114184841502674
0.09639148014773505553181341564
0.09639148014773505553181341564
0.09639148014773505553181341564
0.09670377391407868801529214179
0.09670377391407868801529214179
0.09646021692871072454748102904
0.09646021692871072454748102904
0.09646021692871072454748102904
0.09648972878892083660482598962
0.09648972878892083660482598962
0.09628991363412186403494993481
0.09628991363412186403494993481
0.09628991363412186403494993481
0.09632555506086326102894227878
0.09632555506086326102894227878
0.09618473103413388145346960255
0.09618473103413388145346960255
0.09618473103413388145346960255
0.09649762395047022794655896918
0.09649762395047022794655896918
0.09649762395047022794655896918
0.09660113975736596833605910081
0.09660113975736596833605910081
0.09672722813847524039901398071
0.09672722813847524039901398071
0.09672722813847524039901398071
0.09681916845904669279915428396
0.09681916845904669279915428396
0.09683720987594109850279195259
0.09683720987594109850279195259
0.09683720987594109850279195259
0.09690022305427071353535615001
0.09690022305427071353535615001
0.09690022305427071353535615001
0.09685508419426369639168197871
0.09685508419426369639168197871
0.09681219161321167203748252031
0.09681219161321167203748252031
0.09681219161321167203748252031
0.09710863428040292646089085595
0.09710863428040292646089085595
0.09743035803730231178879398790
0.09743035803730231178879398790
0.09743035803730231178879398790
0.09750411991114129318007383097
0.09750411991114129318007383097
0.09741867065692532215863372308
0.09741867065692532215863372308
0.09741867065692532215863372308
0.09746618034673743634898606827
0.09746618034673743634898606827
0.09760843673854453469389914350
0.09760843673854453469389914350
0.09760843673854453469389914350
0.09795187395947016337913765532
0.09795187395947016337913765532
0.09795187395947016337913765532
0.09790073505173788939457279718
0.09790073505173788939457279718
0.09775158000321623854812337061
0.09775158000321623854812337061
0.09775158000321623854812337061
0.09772884440663259408916149960
0.09772884440663259408916149960
0.09772278123193662355099912006
0.09772278123193662355099912006
0.09772278123193662355099912006
0.09747151144470665311836510044
0.09747151144470665311836510044
0.09747236961479415966984760958
0.09747236961479415966984760958
0.09747236961479415966984760958
0.09729432411171101765747530836
0.09729432411171101765747530836
0.09729432411171101765747530836
