0.4081329016053903265765395335
0.4081329016053903265765395335
0.3884571063462857096596226915
0.3884571063462857096596226915
0.3884571063462857096596226915
0.4293994727520352338405095669
0.4293994727520352338405095669
0.4284365418270713478760241919
0.4284365418270713478760241919
0.4284365418270713478760241919
0.4488518367443108169309002297
0.4488518367443108169309002297
0.5022245503464353324648534177
0.5022245503464353324648534177
0.5022245503464353324648534177
0.4722718573051161751774415684
0.4722718573051161751774415684
0.5255016958681232248789854185
0.5255016958681232248789854185
0.5255016958681232248789854185
0.5090572877171606941799032418
0.5090572877171606941799032418
0.5090572877171606941799032418
0.5146828427933034760324853317
0.5146828427933034760324853317
0.5024497922287980527286707729
0.5024497922287980527286707729
0.5024497922287980527286707729
0.4922634016388573221257419212
0.4922634016388573221257419212
0.5287583408597285998992640912
0.5287583408597285998992640912
0.5287583408597285998992640912
0.5354803014340945515450952440
0.5354803014340945515450952440
0.5533663385725427295002578863
0.5533663385725427295002578863
0.5533663385725427295002578863
0.5577444852367469811999801120
0.5577444852367469811999801120
0.5397619323621115235599297683
0.5397619323621115235599297683
0.5397619323621115235599297683
0.5450426082715728419345162870
0.5450426082715728419345162870
0.5450426082715728419345162870
0.5318943952801896017700336768
0.5318943952801896017700336768
0.5361227186029553519180761461
0.5361227186029553519180761461
0.5361227186029553519180761461
0.5369744590537490866715022854
0.5369744590537490866715022854
0.5244745925548530019597448274
0.5244745925548530019597448274
0.5244745925548530019597448274
0.5161449387838424317252097629
0.5161449387838424317252097629
0.5161449387838424317252097629
0.5030909770614850712084936552
0.5030909770614850712084936552
0.5074200750789299418023730521
0.5074200750789299418023730521
0.5074200750789299418023730521
0.5174651977815609202793626487
0.5174651977815609202793626487
0.5152930233600019377860554121
0.5152930233600019377860554121
0.5152930233600019377860554121
0.5160314514549317914780714742
0.5160314514549317914780714742
0.5161923267677763155572863545
0.5161923267677763155572863545
0.5161923267677763155572863545
0.5166507005828433167693485173
0.5166507005828433167693485173
0.5081145719229875139273237492
0.5081145719229875139273237492
0.5081145719229875139273237492
0.5139696882572371238066793045
0.5139696882572371238066793045
0.5139696882572371238066793045
0.5122780657455206617150041316
0.5122780657455206617150041316
0.5229280061582498332743732480
0.5229280061582498332743732480
0.5229280061582498332743732480
0.5236632750067538058925612825
0.5236632750067538058925612825
0.5209208877522217162982550363
0.5209208877522217162982550363
0.5209208877522217162982550363
0.5324243143124123291871368027
0.5324243143124123291871368027
0.5329106561051930041941147988
0.5329106561051930041941147988
0.5329106561051930041941147988
0.5268363352618749341327581472
0.5268363352618749341327581472
0.5268363352618749341327581472
0.5183837573583993917129454356
0.5183837573583993917129454356
0.5211032342955104504610796579
0.5211032342955104504610796579
0.5211032342955104504610796579
0.5271698555619018279154351604
0.5271698555619018279154351604
0.5235611934122946050549220465
0.5235611934122946050549220465
0.5235611934122946050549220465
0.5218313295848744295846420662
0.5218313295848744295846420662
0.5241094240237002277351174227
0.5241094240237002277351174227
0.5241094240237002277351174227
0.5209595463341893908333748857
0.5209595463341893908333748857
0.5331095471283766764016542429
0.5331095471283766764016542429
0.5331095471283766764016542429
0.5317120540250659935747829333
0.5317120540250659935747829333
0.5317120540250659935747829333
0.5386616798522002341875269588
0.5386616798522002341875269588
0.5448365413174466652811595200
0.5448365413174466652811595200
0.5448365413174466652811595200
0.5428584698186837700175824113
0.5428584698186837700175824113
0.5479999922917847068726511480
0.5479999922917847068726511480
0.5479999922917847068726511480
0.5565688803549990038200460751
0.5565688803549990038200460751
0.5540164645397867945379074989
0.5540164645397867945379074989
0.5540164645397867945379074989
0.5535896043308302625522469719
0.5535896043308302625522469719
0.5498279395697979595274645580
0.5498279395697979595274645580
0.5498279395697979595274645580
0.5451960422883603227966778650
0.5451960422883603227966778650
0.5451960422883603227966778650
0.5449337964125196841277009677
0.5449337964125196841277009677
0.5519092825132448386527340703
0.5519092825132448386527340703
0.5519092825132448386527340703
0.5475814807722636519689008149
0.5475814807722636519689008149
0.5475618576612682356488938168
0.5475618576612682356488938168
0.5475618576612682356488938168
0.5473070518503933650848947737
0.5473070518503933650848947737
0.5466133620429983686545025858
0.5424157691214430900280662221
0.5424157691214430900280662221
0.5466008938997533536489611948
0.5466008938997533536489611948
0.5466008938997533536489611948
0.5494378166717922597308412106
0.5494378166717922597308412106
0.5543016017776958703817856132
0.5543016017776958703817856132
0.5543016017776958703817856132
0.5553472352613991096897293711
0.5553472352613991096897293711
0.5576271359677711140283807112
0.5576271359677711140283807112
0.5576271359677711140283807112
0.5599159921856921365649617518
0.5599159921856921365649617518
0.5560182282101525574767250790
0.5560182282101525574767250790
0.5560182282101525574767250790
0.5548084249472430145579243108
0.5548084249472430145579243108
0.5548084249472430145579243108
0.5581930447820764965031980139
0.5581930447820764965031980139
0.5617109748121255097490189736
0.5617109748121255097490189736
0.5617109748121255097490189736
0.5648459598656242515608983881
0.5648459598656242515608983881
0.5637713941700347196214308661
0.5637713941700347196214308661
0.5637713941700347196214308661
0.5701065690211900986273621441
0.5701065690211900986273621441
0.5664868124266456088673900304
0.5664868124266456088673900304
0.5664868124266456088673900304
0.5678843010302324846165183789
0.5678843010302324846165183789
0.5678843010302324846165183789
0.5664648028763207166595785568
0.5664648028763207166595785568
0.5628625232995577817566788235
0.5628625232995577817566788235
0.5628625232995577817566788235
0.5624191236158568283306520797
0.5624191236158568283306520797
0.5640107427846887526286719416
0.5640107427846887526286719416
0.5640107427846887526286719416
0.5636399746621964052911587192
0.5636399746621964052911587192
0.5623483763399541773641591909
0.5623483763399541773641591909
0.5623483763399541773641591909
0.5610148313152182146613358054
0.5610148313152182146613358054
0.5619815297658279107932406588
0.5619815297658279107932406588
0.5619815297658279107932406588
0.5627217797673825642910598779
0.5627217797673825642910598779
0.5627217797673825642910598779
0.5643225598980437757184218181
0.5643225598980437757184218181
0.5630873029549738347504824896
0.5630873029549738347504824896
0.5630873029549738347504824896
0.5655544470793876860886010872
0.5655544470793876860886010872
0.5635491050923739090421966905
0.5635491050923739090421966905
0.5635491050923739090421966905
0.5641644148837510476628406039
0.5641644148837510476628406039
0.5647903480245507424344348945
0.5647903480245507424344348945
0.5647903480245507424344348945
0.5663190054930174052846150403
0.5663190054930174052846150403
0.5696724729527435628272649316
0.5696724729527435628272649316
0.5696724729527435628272649316
0.5711874114239345781201497472
0.5711874114239345781201497472
0.5711874114239345781201497472
0.5725701896417486148142436249
0.5725701896417486148142436249
0.5710366510313031292137709942
0.5710366510313031292137709942
0.5710366510313031292137709942
0.5731962968528630693137201021
0.5731962968528630693137201021
0.5712292087207604563493533851
0.5712292087207604563493533851
0.5712292087207604563493533851
0.5703155683906592283215030815
0.5703155683906592283215030815
0.5690817583871676671387333366
0.5690817583871676671387333366
0.5690817583871676671387333366
0.5652886503640682459645745930
0.5652886503640682459645745930
0.5652886503640682459645745930
0.5617168840780097264315194262
0.5617168840780097264315194262
0.5648114224592675792968367008
0.5648114224592675792968367008
0.5648114224592675792968367008
0.5619665386477180727812991904
0.5619665386477180727812991904
0.5618931130243019721072921910
0.5618931130243019721072921910
0.5618931130243019721072921910
0.5607264643609126888507100919
0.5607264643609126888507100919
0.5628648382358229079908591176
0.5628648382358229079908591176
0.5628648382358229079908591176
0.5611482111173044549257700117
0.5611482111173044549257700117
0.5611482111173044549257700117
0.5632451681804064279429431786
0.5632451681804064279429431786
0.5683566450736482977847052668
0.5683566450736482977847052668
0.5683566450736482977847052668
0.5681609326117651585203450040
0.5681609326117651585203450040
0.5680002755859919350328704178
0.5680002755859919350328704178
0.5680002755859919350328704178
0.5669472277760234461607823990
0.5669472277760234461607823990
0.5675267952326056347544741194
0.5675267952326056347544741194
0.5675267952326056347544741194
0.5679442136478861266532838405
0.5679442136478861266532838405
0.5679442136478861266532838405
