0.001770964190449733158186120723
0.001770964190449733158186120723
0.0009808979221413059998061031905
0.0009808979221413059998061031905
0.0009808979221413059998061031905
0.001041340402899354598982292109
0.001041340402899354598982292109
0.001074294045196240986131914266
0.001074294045196240986131914266
0.001074294045196240986131914266
0.0009788973930628528154758907238
0.0009788973930628528154758907238
0.001026255464890755018803412867
0.001026255464890755018803412867
0.001026255464890755018803412867
0.0009992269089186708430978910314
0.0009992269089186708430978910314
0.0009704949289402070729320474071
0.0009704949289402070729320474071
0.0009704949289402070729320474071
0.0009989119594203317556456996740
0.0009989119594203317556456996740
0.0009989119594203317556456996740
0.001069910219552240381871416619
0.001069910219552240381871416619
0.001008785729817532484878710932
0.001008785729817532484878710932
0.001008785729817532484878710932
0.0009884501668316349510140944062
0.0009884501668316349510140944062
0.0009794474833606485139797667126
0.0009794474833606485139797667126
0.0009794474833606485139797667126
0.0009162549002149210448494818533
0.0009162549002149210448494818533
0.0009161538047238265232888197480
0.0009161538047238265232888197480
0.0009161538047238265232888197480
0.0009446869026187827878983861541
0.0009446869026187827878983861541
0.0009494162479936794892058329462
0.0009494162479936794892058329462
0.0009494162479936794892058329462
0.0009565627210811582945647586101
0.0009565627210811582945647586101
0.0009565627210811582945647586101
0.0009656838282205044817525461334
0.0009656838282205044817525461334
0.0009315275531277943231747264686
0.0009315275531277943231747264686
0.0009315275531277943231747264686
0.0009171903936596941607042571844
0.0009171903936596941607042571844
0.0009434671579597283299093520372
0.0009434671579597283299093520372
0.0009434671579597283299093520372
0.0009365719428497119450662361054
0.0009365719428497119450662361054
0.0009229057290984200316447787585
0.0009229057290984200316447787585
0.0009229057290984200316447787585
0.0009464342515821263431834550603
0.0009464342515821263431834550603
0.0009464342515821263431834550603
0.0009554111939133696527543363338
0.0009554111939133696527543363338
0.0009611641567353534598267021759
0.0009611641567353534598267021759
0.0009611641567353534598267021759
0.0009382352958402994003325418089
0.0009382352958402994003325418089
0.0009311764889137802081961867502
0.0009311764889137802081961867502
0.0009311764889137802081961867502
0.0009473705307800336293492548375
0.0009473705307800336293492548375
0.0009324630911348177549648337544
0.0009324630911348177549648337544
0.0009324630911348177549648337544
0.0009427114598474065968167477623
0.0009427114598474065968167477623
0.0009427114598474065968167477623
0.0009228963600634283553495367084
0.0009228963600634283553495367084
0.0009019778877723314197042215564
0.0009019778877723314197042215564
0.0009019778877723314197042215564
0.0009150934063999675217736459307
0.0009150934063999675217736459307
0.0009310418976089897770342310498
0.0009310418976089897770342310498
0.0009310418976089897770342310498
0.0009195921090604971492464110497
0.0009195921090604971492464110497
0.0009174184417734632081809656836
0.0009174184417734632081809656836
0.0009174184417734632081809656836
0.0009331466605668266960304842716
0.0009331466605668266960304842716
0.0009331466605668266960304842716
0.0009213506529966469861876372961
0.0009213506529966469861876372961
0.0009154563307698559529094662028
0.0009154563307698559529094662028
0.0009154563307698559529094662028
0.0009133095847755260356646402781
0.0009133095847755260356646402781
0.0009175656828543581418039535290
0.0009175656828543581418039535290
0.0009175656828543581418039535290
0.0009193123883151182094923728126
0.0009193123883151182094923728126
0.0009360644557623244545492498945
0.0009360644557623244545492498945
0.0009360644557623244545492498945
0.0009560725698140849528042993232
0.0009560725698140849528042993232
0.0009426152614051148814133358818
0.0009426152614051148814133358818
0.0009426152614051148814133358818
0.0009330794042783368750143630725
0.0009330794042783368750143630725
0.0009330794042783368750143630725
0.0009362809451620273426664757973
0.0009362809451620273426664757973
0.0009334462804551030775996449436
0.0009334462804551030775996449436
0.0009334462804551030775996449436
0.0009254267416023778673775375008
0.0009254267416023778673775375008
0.0009209257746243558153680430930
0.0009209257746243558153680430930
0.0009209257746243558153680430930
0.0009233736497205000644322973924
0.0009233736497205000644322973924
0.0009202589445644710600642493923
0.0009202589445644710600642493923
0.0009202589445644710600642493923
0.0009180046352954319447476858940
0.0009180046352954319447476858940
0.0009140104891973608343491926339
0.0009140104891973608343491926339
0.0009140104891973608343491926339
0.0009283142711807546922578773784
0.0009283142711807546922578773784
0.0009283142711807546922578773784
0.0009087610987073414533666997649
0.0009087610987073414533666997649
0.0008957196461845431484589879250
0.0008957196461845431484589879250
0.0008957196461845431484589879250
0.0008993573456267821077695426175
0.0008993573456267821077695426175
0.0009128496991261530560498529999
0.0009128496991261530560498529999
0.0009128496991261530560498529999
0.0009252078665960616616611108093
0.0009252078665960616616611108093
0.0009281362792291525381046172754
0.0009281362792291525381046172754
0.0009281362792291525381046172754
0.0009235740514182803757190849163
0.0009235740514182803757190849163
0.0009235740514182803757190849163
0.0009259358793645377057175369313
0.0009259358793645377057175369313
0.0009291370409249002594692111560
0.0009291370409249002594692111560
0.0009291370409249002594692111560
0.0009193462107433639480742823196
0.0009193462107433639480742823196
0.0009244719166261203829296944453
0.0009244719166261203829296944453
0.0009244719166261203829296944453
0.0009298999702654496121480998839
0.0009298999702654496121480998839
0.0009356364394143655722133816686
0.0009356364394143655722133816686
0.0009356364394143655722133816686
0.0009278541546111890639418205489
0.0009278541546111890639418205489
0.0009278541546111890639418205489
0.0009228309617106485776391574220
0.0009228309617106485776391574220
0.0009226783936901908044505391862
0.0009226783936901908044505391862
0.0009226783936901908044505391862
0.0009311850867295136297811451352
0.0009311850867295136297811451352
0.0009293533908066035331011529102
0.0009293533908066035331011529102
0.0009293533908066035331011529102
0.0009283165540448417487311209767
0.0009283165540448417487311209767
0.0009192343907644719522604584861
0.0009192343907644719522604584861
0.0009192343907644719522604584861
0.0009131866808330446772235338432
0.0009131866808330446772235338432
0.0009131866808330446772235338432
0.0009123651991324799015545572602
0.0009123651991324799015545572602
0.0009106073040891386973129370671
0.0009106073040891386973129370671
0.0009106073040891386973129370671
0.0009094060744409112912465748147
0.0009094060744409112912465748147
0.0009148683139198949615177931307
0.0009148683139198949615177931307
0.0009148683139198949615177931307
0.0009134981196425183847649746320
0.0009134981196425183847649746320
0.0009154924872983196656765262869
0.0009154924872983196656765262869
0.0009154924872983196656765262869
0.0009162332948126666522964772656
0.0009162332948126666522964772656
0.0008922958852450192802021129496
0.0008922958852450192802021129496
0.0008922958852450192802021129496
0.0008962295841789888657981867218
0.0008962295841789888657981867218
0.0008962295841789888657981867218
0.0008989749234136672456090059064
0.0008989749234136672456090059064
0.0008914482050367853740110299945
0.0008914482050367853740110299945
0.0008914482050367853740110299945
0.0008905668377382349512683421078
0.0008905668377382349512683421078
0.0008991961178709713829204663706
0.0008991961178709713829204663706
0.0008991961178709713829204663706
0.0009007238462110016082841370570
0.0009007238462110016082841370570
0.0009080714673175751687104292667
0.0009080714673175751687104292667
0.0009080714673175751687104292667
0.0008995169112818909851919229786
0.0008995169112818909851919229786
0.0008944862689462831660554199008
0.0008944862689462831660554199008
0.0008944862689462831660554199008
0.0009014489567606895149559252279
0.0009014489567606895149559252279
0.0009014489567606895149559252279
0.0009083247934246799807046750131
0.0009083247934246799807046750131
0.0009029341416363218880223895687
0.0009029341416363218880223895687
0.0009029341416363218880223895687
0.0009118032817841411289967333950
0.0009118032817841411289967333950
0.0009256981453375010190806215419
0.0009256981453375010190806215419
0.0009256981453375010190806215419
0.0009283427479890084094150280530
0.0009283427479890084094150280530
0.0009294063960442539313980727527
0.0009233514096481454492211009345
0.0009233514096481454492211009345
0.0009269569860426293118942231711
0.0009269569860426293118942231711
0.0009269569860426293118942231711
0.0009202971751807715334451681071
0.0009202971751807715334451681071
0.0009192101830391719930613795769
0.0009192101830391719930613795769
0.0009192101830391719930613795769
0.0009169226563797982399148993716
0.0009169226563797982399148993716
0.0009193926798920416429515104279
0.0009193926798920416429515104279
0.0009193926798920416429515104279
0.0009206760125807841542369228007
0.0009206760125807841542369228007
0.0009140243136474784290998264152
0.0009140243136474784290998264152
0.0009140243136474784290998264152
0.0009134356565262444616391495855
0.0009134356565262444616391495855
0.0009134356565262444616391495855
0.0009089979179591556600077394175
0.0009089979179591556600077394175
0.0009067695210458351644779804737
0.0009067695210458351644779804737
0.0009067695210458351644779804737
0.0009056492833025515246700238953
0.0009056492833025515246700238953
0.0009045949746268045922078055184
0.0009045949746268045922078055184
0.0009045949746268045922078055184
0.0009035651934601684962766504501
0.0009035651934601684962766504501
0.0009047156899471312438291760290
0.0009047156899471312438291760290
0.0009047156899471312438291760290
0.0009053193861720916108353867148
0.0009053193861720916108353867148
0.0009053193861720916108353867148
0.0009067033510483622299977845100
0.0009067033510483622299977845100
0.0009067149631014519780614709098
0.0009067149631014519780614709098
0.0009067149631014519780614709098
0.0009026588652970343963005595009
0.0009026588652970343963005595009
0.0009022558663620954316803987870
0.0009022558663620954316803987870
0.0009022558663620954316803987870
0.0009091130609004714902595440589
0.0009091130609004714902595440589
0.0009157121809844503126058759096
0.0009157121809844503126058759096
0.0009157121809844503126058759096
0.0009081534725728653435566129903
0.0009081534725728653435566129903
0.0009189381683105647296442310364
0.0009189381683105647296442310364
0.0009189381683105647296442310364
0.0009223162391847239264990299522
0.0009223162391847239264990299522
0.0009223162391847239264990299522
0.0009211306982851361082186678088
0.0009211306982851361082186678088
0.0009126612165566976329299534763
0.0009126612165566976329299534763
0.0009126612165566976329299534763
0.0009071602046662018147921349749
0.0009071602046662018147921349749
0.0009117828204329655012512524431
0.0009117828204329655012512524431
0.0009117828204329655012512524431
0.0009180072033670825366342405295
0.0009180072033670825366342405295
0.0009183040841351871919785386503
0.0009183040841351871919785386503
0.0009183040841351871919785386503
0.0009146644013617450434426055493
0.0009146644013617450434426055493
0.0009084660055616444479185573407
0.0009084660055616444479185573407
0.0009084660055616444479185573407
0.0009106467593163242766875110375
0.0009106467593163242766875110375
0.0009106467593163242766875110375
0.0009088297637324355099778000002
0.0009088297637324355099778000002
0.0009130622358446365668679015768
0.0009130622358446365668679015768
0.0009130622358446365668679015768
0.0009139781067792823028278014306
0.0009139781067792823028278014306
0.0009175731569568807811116350290
0.0009175731569568807811116350290
0.0009175731569568807811116350290
0.0009272991758428764191956489999
0.0009272991758428764191956489999
0.0009272991758428764191956489999
0.0009272685819602720813040308349
0.0009272685819602720813040308349
0.0009263813232256684869677070633
0.0009263813232256684869677070633
0.0009263813232256684869677070633
0.0009240657318509286333261235334
0.0009240657318509286333261235334
0.0009194562598015373157614772815
0.0009194562598015373157614772815
0.0009194562598015373157614772815
0.0009212555949558425733780012552
0.0009212555949558425733780012552
0.0009207047222499581925326149451
0.0009207047222499581925326149451
0.0009207047222499581925326149451
0.0009227096675759037874628353555
0.0009227096675759037874628353555
0.0009258620026771138427626728288
0.0009258620026771138427626728288
0.0009258620026771138427626728288
0.0009275570164404535460796952985
0.0009275570164404535460796952985
0.0009275570164404535460796952985
0.0009198861100553441039347894437
0.0009198861100553441039347894437
0.0009186360198725174380252952228
0.0009186360198725174380252952228
0.0009186360198725174380252952228
0.0009213724063668937581234083839
0.0009213724063668937581234083839
0.0009230915029564686686873933987
0.0009230915029564686686873933987
0.0009230915029564686686873933987
0.0009266761011648878904850188544
0.0009266761011648878904850188544
0.0009242279771650243255221571102
0.0009242279771650243255221571102
0.0009242279771650243255221571102
0.0009255575048227605621090160576
0.0009255575048227605621090160576
0.0009255575048227605621090160576
0.0009294304785987279215117149248
0.0009294304785987279215117149248
0.0009215370143038117707719869521
0.0009215370143038117707719869521
0.0009215370143038117707719869521
0.0009268059771642104535392580413
0.0009268059771642104535392580413
0.0009283131017624951793074016465
0.0009283131017624951793074016465
0.0009283131017624951793074016465
0.0009284339498187688784124476737
0.0009284339498187688784124476737
0.0009328303450403356319276256897
0.0009328303450403356319276256897
0.0009328303450403356319276256897
0.0009276788057945587314690237730
0.0009276788057945587314690237730
0.0009282962364341913306055625853
0.0009282962364341913306055625853
0.0009282962364341913306055625853
0.0009299448453845101333155830520
0.0009299448453845101333155830520
0.0009299448453845101333155830520
0.0009320849100003980325181918843
0.0009320849100003980325181918843
0.0009346696712739481294594598379
0.0009346696712739481294594598379
0.0009346696712739481294594598379
0.0009334751835609875662299747491
0.0009334751835609875662299747491
0.0009346841420383453371355528504
0.0009346841420383453371355528504
0.0009346841420383453371355528504
0.0009382883573473950795936552116
0.0009382883573473950795936552116
0.0009370795055398117404005630511
0.0009370795055398117404005630511
0.0009370795055398117404005630511
0.0009399422005966186926461637968
0.0009399422005966186926461637968
0.0009392189436148417975850988959
0.0009392189436148417975850988959
0.0009392189436148417975850988959
0.0009321771354057967288604478156
0.0009321771354057967288604478156
0.0009321771354057967288604478156
0.0009302942279866216860175962754
0.0009302942279866216860175962754
0.0009339388592980871838615882006
0.0009339388592980871838615882006
0.0009339388592980871838615882006
0.0009364661585696235691834252622
0.0009364661585696235691834252622
0.0009335441273924610531433764481
0.0009335441273924610531433764481
0.0009335441273924610531433764481
0.0009314732124870018826306017801
0.0009314732124870018826306017801
0.0009314732124870018826306017801
0.0009360391973024209848441008999
0.0009360391973024209848441008999
0.0009336967042541861515402079306
0.0009336967042541861515402079306
0.0009336967042541861515402079306
0.0009313940603330428631742912108
0.0009313940603330428631742912108
0.0009371147334914563956269795222
0.0009371147334914563956269795222
0.0009371147334914563956269795222
0.0009377232038091578835258775384
0.0009377232038091578835258775384
0.0009346026250845867942082934685
0.0009346026250845867942082934685
0.0009346026250845867942082934685
0.0009350372828036382915078358894
0.0009350372828036382915078358894
0.0009363401681691812835198295505
0.0009363401681691812835198295505
0.0009363401681691812835198295505
0.0009322738951825449085411739389
0.0009322738951825449085411739389
0.0009322738951825449085411739389
0.0009310572042428229522724378626
0.0009310572042428229522724378626
0.0009302189380106914623026927372
0.0009302189380106914623026927372
0.0009302189380106914623026927372
0.0009312375605158401144369332085
0.0009312375605158401144369332085
0.0009325914467530339694981075384
0.0009325914467530339694981075384
0.0009325914467530339694981075384
0.0009362136714600786514492490152
0.0009362136714600786514492490152
0.0009374473978834268902334711939
0.0009374473978834268902334711939
0.0009374473978834268902334711939
0.0009366596161487061359995316911
0.0009366596161487061359995316911
0.0009366596161487061359995316911
