0.0003178507527022755809046848533
0.0003178507527022755809046848533
0.001053834255634843209792955664
0.001053834255634843209792955664
0.001053834255634843209792955664
0.001136248478113454826424297709
0.001136248478113454826424297709
0.0008873868713974336632844540634
0.0008873868713974336632844540634
0.0008873868713974336632844540634
0.0008864202571544172067012987609
0.0008864202571544172067012987609
0.0008089666854154068693528673635
0.0008089666854154068693528673635
0.0008089666854154068693528673635
0.0007353186138074693180018609299
0.0007353186138074693180018609299
0.0007749773300345210776365342832
0.0007749773300345210776365342832
0.0007749773300345210776365342832
0.0007446392040617883412172015919
0.0007446392040617883412172015919
0.0007446392040617883412172015919
0.0007686268645721425559972366164
0.0007686268645721425559972366164
0.0008242755636181244676971968257
0.0008242755636181244676971968257
0.0008242755636181244676971968257
0.0008368510386359287456065670199
0.0008368510386359287456065670199
0.0007818617126672194105980408514
0.0007818617126672194105980408514
0.0007818617126672194105980408514
0.0007661059452901781029471815193
0.0007661059452901781029471815193
0.0008275564899018751957600476480
0.0008275564899018751957600476480
0.0008275564899018751957600476480
0.0008712808259936328070581521299
0.0008712808259936328070581521299
0.0009555300569696758102881023368
0.0009555300569696758102881023368
0.0009555300569696758102881023368
0.0009713728824733006655620713027
0.0009713728824733006655620713027
0.0009713728824733006655620713027
0.0009617986908698156665206256328
0.0009617986908698156665206256328
0.0009480499112213380615958420329
0.0009480499112213380615958420329
0.0009480499112213380615958420329
0.0009931922510587314361392654926
0.0009931922510587314361392654926
0.0009910984871681804556801432305
0.0009910984871681804556801432305
0.0009910984871681804556801432305
0.001023631710769511452942443312
0.001023631710769511452942443312
0.001022677743477013245720088395
0.001039595587604359821693114558
0.001039595587604359821693114558
0.001003981554380364402738705811
0.001003981554380364402738705811
0.001003981554380364402738705811
0.001009567547347936339142258071
0.001009567547347936339142258071
0.001006269561841450941363756996
0.001006269561841450941363756996
0.001006269561841450941363756996
0.001047528419973733622259059962
0.001047528419973733622259059962
0.001073838149225679326876272386
0.001073838149225679326876272386
0.001073838149225679326876272386
0.001061281421679778882605318169
0.001061281421679778882605318169
0.001068490893918280650151516114
0.001068490893918280650151516114
0.001068490893918280650151516114
0.001086189991277796487112625776
0.001086189991277796487112625776
0.001086189991277796487112625776
0.001084209393124717345707931453
0.001084209393124717345707931453
0.001077513089541715349319941870
0.001077513089541715349319941870
0.001077513089541715349319941870
0.001063816033102077684623688359
0.001063816033102077684623688359
0.001043180189739890357377428267
0.001043180189739890357377428267
0.001043180189739890357377428267
0.001042705243810087165266857174
0.001042705243810087165266857174
0.001033373228257157519135563827
0.001033373228257157519135563827
0.001033373228257157519135563827
0.001054835189083612674333109397
0.001054835189083612674333109397
0.001054835189083612674333109397
0.001034306206045575157519138612
0.001034306206045575157519138612
0.001036124155068021796390309099
0.001036124155068021796390309099
0.001036124155068021796390309099
0.001018841366482021466789456066
0.001018841366482021466789456066
0.0009983977604417890847603137576
0.0009983977604417890847603137576
0.0009983977604417890847603137576
0.0009789241470883788718414651525
0.0009789241470883788718414651525
0.0009625341788160497091981668573
0.0009625341788160497091981668573
0.0009625341788160497091981668573
0.0009498893914072826724783818743
0.0009498893914072826724783818743
0.0009350736278296823726105071901
0.0009350736278296823726105071901
0.0009350736278296823726105071901
0.0009398545495227471463178012242
0.0009398545495227471463178012242
0.0009398545495227471463178012242
0.0009498794217142726156522326430
0.0009498794217142726156522326430
0.0009675574884693618517442708349
0.0009675574884693618517442708349
0.0009675574884693618517442708349
0.0009848634310175757730852734964
0.0009848634310175757730852734964
0.0009864440893566114369282353428
0.0009864440893566114369282353428
0.0009864440893566114369282353428
0.0009860804893768746381056994325
0.0009860804893768746381056994325
0.0009844767214058292186470026352
0.0009844767214058292186470026352
0.0009844767214058292186470026352
0.001000958822637336426808018488
0.001000958822637336426808018488
0.001001114983751558640063009843
0.001001114983751558640063009843
0.001001114983751558640063009843
0.001005122320249653116060326956
0.001005122320249653116060326956
0.001005122320249653116060326956
0.0009895536020228815171345088756
0.0009895536020228815171345088756
0.0009875447275710999599605520977
0.0009875447275710999599605520977
0.0009875447275710999599605520977
0.001013954705194177205106351771
0.001013954705194177205106351771
0.001024831675214186917488313851
0.001024831675214186917488313851
0.001024831675214186917488313851
0.001011428472783618317424434966
0.001011428472783618317424434966
0.001011428472783618317424434966
0.001026610536774845483309424879
0.001026610536774845483309424879
0.001028156214998250617987682314
0.001028156214998250617987682314
0.001028156214998250617987682314
0.001027453698565962347373864270
0.001027453698565962347373864270
0.001056173783693113877250901630
0.001056173783693113877250901630
0.001056173783693113877250901630
0.001071661717030888881665870189
0.001071661717030888881665870189
0.001061335837693630437873109873
0.001061335837693630437873109873
0.001061335837693630437873109873
0.001061556003313141004740097378
0.001061556003313141004740097378
0.001061929840358936226306667889
0.001061929840358936226306667889
0.001061929840358936226306667889
0.001076958682793950890779075415
0.001076958682793950890779075415
0.001076958682793950890779075415
0.001065401602456769025357099551
0.001065401602456769025357099551
0.001054565102998567458168507949
0.001054565102998567458168507949
0.001054565102998567458168507949
0.001043654525164801574536789502
0.001043654525164801574536789502
0.001048776127052850862401213335
0.001048776127052850862401213335
0.001048776127052850862401213335
0.001036174613179344419982909356
0.001036174613179344419982909356
0.001026513767235777582717547199
0.001026513767235777582717547199
0.001026513767235777582717547199
0.001016113934817361523016961621
0.001016113934817361523016961621
0.001016113934817361523016961621
0.001012267737464743309993167656
0.001012267737464743309993167656
0.001011895916476696193425323740
0.001011895916476696193425323740
0.001011895916476696193425323740
0.001009095628789099936031233662
0.001009095628789099936031233662
0.001014905545674952373515281902
0.001014905545674952373515281902
0.001014905545674952373515281902
0.001016464202937004232756358089
0.001016464202937004232756358089
0.001009503945339835870346696343
0.001009503945339835870346696343
0.001009503945339835870346696343
0.001016654897770664765748486511
0.001016654897770664765748486511
0.001011450106143707343140660483
0.001011450106143707343140660483
0.001011450106143707343140660483
0.001013485008143043744014421084
0.001013485008143043744014421084
0.001013485008143043744014421084
0.001022329093587091480246217571
0.001022329093587091480246217571
0.001023288360556085197379004827
0.001023288360556085197379004827
0.001023288360556085197379004827
0.001019081747681906399441507615
0.001019081747681906399441507615
0.001012925731226481335465034721
0.001012925731226481335465034721
0.001012925731226481335465034721
0.001018218419114728923838006155
0.001018218419114728923838006155
0.001020673716101106522316563594
0.001020673716101106522316563594
0.001020673716101106522316563594
0.001026356157587299766025364750
0.001026356157587299766025364750
0.001022659891021217692439149918
0.001022659891021217692439149918
0.001022659891021217692439149918
0.001012438157618931424449797809
0.001012438157618931424449797809
0.001012438157618931424449797809
0.001007209593466976045155135938
0.001007209593466976045155135938
0.001002574814068262269817425551
0.001002574814068262269817425551
0.001002574814068262269817425551
0.001013414142885056511663054932
0.001013414142885056511663054932
0.001019349089070958498906126433
0.001019349089070958498906126433
0.001019349089070958498906126433
0.001016206267226513471435960096
0.001016206267226513471435960096
0.001015684664669626897068763804
0.001014187116575987589743185422
0.001014187116575987589743185422
0.001024998527856062121709244840
0.001024998527856062121709244840
0.001024998527856062121709244840
0.001019374770719717392774344337
0.001019374770719717392774344337
0.001012624536221996927221879431
0.001012624536221996927221879431
0.001012624536221996927221879431
0.001016508068282309602093713066
0.001016508068282309602093713066
0.001011753442747822555034845910
0.001011753442747822555034845910
0.001011753442747822555034845910
0.001006415770378325700118707460
0.001006415770378325700118707460
0.001013981943944193236332972426
0.001013981943944193236332972426
0.001013981943944193236332972426
0.001011798231379148505489995735
0.001011798231379148505489995735
0.001011798231379148505489995735
0.001010350054477256512138870223
0.001010350054477256512138870223
0.001015929540969919776269007858
0.001015929540969919776269007858
0.001015929540969919776269007858
0.001013850796609975376317016093
0.001013850796609975376317016093
0.001020263137254276267662300846
0.001020263137254276267662300846
0.001020263137254276267662300846
0.001020258242810144353882689567
0.001020258242810144353882689567
0.001022433036064640192172987506
0.001022433036064640192172987506
0.001022433036064640192172987506
0.001021985903370362511531741764
0.001021985903370362511531741764
0.001021985903370362511531741764
0.001022463606330839652731679451
0.001022463606330839652731679451
0.001022202531734767638423508467
0.001022202531734767638423508467
0.001022202531734767638423508467
0.001021028972510014835120530883
0.001021028972510014835120530883
0.001016247146072275876583330127
0.001016247146072275876583330127
0.001016247146072275876583330127
0.001009500651885945257625460214
0.001009500651885945257625460214
0.001002105543823061112009469315
0.001002105543823061112009469315
0.001002105543823061112009469315
0.001008585951645895932907352847
0.001008585951645895932907352847
0.001007928052561114644032531002
0.001007928052561114644032531002
0.001007928052561114644032531002
0.001007225561752445503749366758
0.001007225561752445503749366758
0.001007225561752445503749366758
0.001013043226275131002175444309
0.001013043226275131002175444309
0.001021202747605944149841411056
0.001021202747605944149841411056
0.001021202747605944149841411056
0.001020238596266508562936662985
0.001020238596266508562936662985
0.001020840550094507237059550344
0.001020840550094507237059550344
0.001020840550094507237059550344
0.001027201835048183497890401735
0.001027201835048183497890401735
0.001021096026496277987047170739
0.001021096026496277987047170739
0.001021096026496277987047170739
0.001022187234111524870759343953
0.001022187234111524870759343953
0.001029262110032261111143250719
0.001029262110032261111143250719
0.001029262110032261111143250719
0.001028375282846378307889600296
0.001028375282846378307889600296
0.001028375282846378307889600296
0.001022941011931208589851480017
0.001022941011931208589851480017
0.001029717486558874143346690686
0.001029717486558874143346690686
0.001029717486558874143346690686
0.001023608600362555357234423400
0.001023608600362555357234423400
0.001018467850638198917194326364
0.001018467850638198917194326364
0.001018467850638198917194326364
0.001014192892929175815709280827
0.001014192892929175815709280827
0.001013903996676665707162041140
0.001020390402102587807530358526
0.001020390402102587807530358526
0.001026750607654420586052573290
0.001026750607654420586052573290
0.001026750607654420586052573290
0.001028008486088327275662951750
0.001028008486088327275662951750
0.001027195268313114119214013673
0.001027195268313114119214013673
0.001027195268313114119214013673
0.001023242924117740203771266289
0.001023242924117740203771266289
0.001028469754566241284377966437
0.001028469754566241284377966437
0.001028469754566241284377966437
0.001023079092386688730720813780
0.001023079092386688730720813780
0.001022650268707055941025776260
0.001022650268707055941025776260
0.001022650268707055941025776260
0.001021577417554501770011702708
0.001021577417554501770011702708
0.001021577417554501770011702708
0.001016918160000545236407242903
0.001016918160000545236407242903
0.001017463021738248606885111548
0.001017463021738248606885111548
0.001017463021738248606885111548
0.001011625196883274622123405575
0.001011625196883274622123405575
0.001005703920690012579220450431
0.001005703920690012579220450431
0.001005703920690012579220450431
0.0009998569920368577068528273817
0.0009998569920368577068528273817
0.0009957500264165486049465644475
0.0009957500264165486049465644475
0.0009957500264165486049465644475
0.0009904001919099782049407753470
0.0009904001919099782049407753470
0.0009904001919099782049407753470
0.0009847890312547683642805451581
0.0009847890312547683642805451581
0.0009863599831445272849492290969
0.0009863599831445272849492290969
0.0009863599831445272849492290969
0.0009823214421717967170852206423
0.0009823214421717967170852206423
0.0009785985282288346154779913296
0.0009785985282288346154779913296
0.0009785985282288346154779913296
0.0009844559515579250755054387496
0.0009844559515579250755054387496
0.0009867011205805326101932830547
0.0009867011205805326101932830547
0.0009867011205805326101932830547
0.0009879136130350083340979067570
0.0009879136130350083340979067570
0.0009878647893749394154355298175
0.0009878647893749394154355298175
0.0009878647893749394154355298175
0.0009983601758029008075418337401
0.0009983601758029008075418337401
0.0009983601758029008075418337401
0.0009945002944356950481602369183
0.0009945002944356950481602369183
0.0009966894047170178759554973223
0.0009966894047170178759554973223
0.0009966894047170178759554973223
0.0009963168326150922750096760332
0.0009963168326150922750096760332
0.001002067885388005906186340319
0.001002067885388005906186340319
0.001002067885388005906186340319
0.001002149089508107841442072903
0.001002149089508107841442072903
0.0009972517980425788701341551269
0.0009972517980425788701341551269
0.0009972517980425788701341551269
0.0009977185579344371535699297991
0.0009977185579344371535699297991
0.0009934553595656494662380329339
0.0009934553595656494662380329339
0.0009934553595656494662380329339
0.0009995243710433486441611929648
0.0009995243710433486441611929648
0.0009995243710433486441611929648
0.0009942191373133395996948337391
0.0009942191373133395996948337391
0.0009941411967452863200084902549
0.0009941411967452863200084902549
0.0009941411967452863200084902549
0.001004678265046526287081935147
0.001004678265046526287081935147
0.0009990462190304469827249370220
0.0009990462190304469827249370220
0.0009990462190304469827249370220
0.001000382214580298024756637596
0.001000382214580298024756637596
0.001001511802119537343606995897
0.001001511802119537343606995897
0.001001511802119537343606995897
0.0009966484660737404553601153130
0.0009966484660737404553601153130
0.0009966484660737404553601153130
0.0009923964433746655402954404786
0.0009923964433746655402954404786
0.0009935517027394431775950770784
0.0009935517027394431775950770784
0.0009935517027394431775950770784
0.0009900563333189581643233481966
0.0009900563333189581643233481966
0.0009913671998846224088743976860
0.0009913671998846224088743976860
0.0009913671998846224088743976860
0.0009869559952680693072581548685
0.0009869559952680693072581548685
0.0009837957151581625941496443560
0.0009837957151581625941496443560
0.0009837957151581625941496443560
0.0009892096633676760394769098872
0.0009892096633676760394769098872
0.0009892096633676760394769098872
0.0009848650895248971137682556340
0.0009848650895248971137682556340
0.0009816027731192820612445358168
0.0009816027731192820612445358168
0.0009816027731192820612445358168
0.0009821318770479447353304196323
0.0009821318770479447353304196323
0.0009785143412708837962344726570
0.0009785143412708837962344726570
0.0009785143412708837962344726570
0.0009741622590251195158906678177
0.0009741622590251195158906678177
0.0009702471539748671531186916206
0.0009702471539748671531186916206
0.0009702471539748671531186916206
0.0009784331371639537009194180550
0.0009784331371639537009194180550
0.0009784331371639537009194180550
