0.7264802168185830876050489818
0.7264802168185830876050489818
0.5334111158516564633822704635
0.5334111158516564633822704635
0.5334111158516564633822704635
0.5706943018161406052492307649
0.5706943018161406052492307649
0.5809225258805548522905233441
0.5809225258805548522905233441
0.5809225258805548522905233441
0.5874664367114754441559367295
0.5874664367114754441559367295
0.6056095197528383737391512333
0.6056095197528383737391512333
0.6056095197528383737391512333
0.5568820069854460072836819043
0.5568820069854460072836819043
0.5576149836843496916503530859
0.5576149836843496916503530859
0.5576149836843496916503530859
0.5637246107968534824226360469
0.5637246107968534824226360469
0.5637246107968534824226360469
0.5634328739142409311424929811
0.5634328739142409311424929811
0.5437116961780715307211609103
0.5437116961780715307211609103
0.5437116961780715307211609103
0.5789037783390313615906314162
0.5789037783390313615906314162
0.5827603662993850607454608915
0.5827603662993850607454608915
0.5827603662993850607454608915
0.5665079427065705128759182380
0.5665079427065705128759182380
0.5528574677108528474050625277
0.5528574677108528474050625277
0.5528574677108528474050625277
0.5563161388959271773413472042
0.5563161388959271773413472042
0.5514651314913084364378927496
0.5514651314913084364378927496
0.5514651314913084364378927496
0.5514369391797873357596614595
0.5514369391797873357596614595
0.5514369391797873357596614595
0.5808349138994512461772629312
0.5808349138994512461772629312
0.5774943904362914126949569946
0.5774943904362914126949569946
0.5774943904362914126949569946
0.5610092320445706323018409815
0.5610092320445706323018409815
0.5627039425441878963055583273
0.5627039425441878963055583273
0.5627039425441878963055583273
0.5525867244916543844222832904
0.5525867244916543844222832904
0.5525867244916543844222832904
0.5523053517688940641214081537
0.5523053517688940641214081537
0.5487780664276750543645832130
0.5487780664276750543645832130
0.5487780664276750543645832130
0.5477100421538302260788278059
0.5477100421538302260788278059
0.5326202793945620568441376897
0.5326202793945620568441376897
0.5326202793945620568441376897
0.5271423042875271087666805719
0.5271423042875271087666805719
0.5290099361447390166045127083
0.5290099361447390166045127083
0.5290099361447390166045127083
0.5235546668647590242492514900
0.5235546668647590242492514900
0.5102336520957103339682982791
0.5102336520957103339682982791
0.5102336520957103339682982791
0.5012000554938785046472518637
0.5012000554938785046472518637
0.5012000554938785046472518637
0.5120760587309631704328191192
0.5120760587309631704328191192
0.5132185484580495449482465622
0.5132185484580495449482465622
0.5132185484580495449482465622
0.5164323992212036513962285382
0.5164323992212036513962285382
0.5193665792614258662576093755
0.5193665792614258662576093755
0.5193665792614258662576093755
0.5105836844764264868439787088
0.5105836844764264868439787088
0.5084676954183866457190095517
0.5084676954183866457190095517
0.5084676954183866457190095517
0.5137665776640026859212866479
0.5137665776640026859212866479
0.5137665776640026859212866479
0.5142227669343830734309048018
0.5142227669343830734309048018
0.5100086248979878074634021146
0.5100086248979878074634021146
0.5100086248979878074634021146
0.5088845620957284031181510325
0.5088845620957284031181510325
0.5093957510021569799239588015
0.5093957510021569799239588015
0.5093957510021569799239588015
0.5121576654889623143802481736
0.5121576654889623143802481736
0.5123310150841810975637936551
0.5123310150841810975637936551
0.5123310150841810975637936551
0.5135255431837847281389761331
0.5135255431837847281389761331
0.5161874468969973988142679755
0.5161874468969973988142679755
0.5161874468969973988142679755
0.5176571725736279469256758757
0.5176571725736279469256758757
0.5176571725736279469256758757
0.5239651730950836520234885247
0.5239651730950836520234885247
0.5222637468943318487156690273
0.5222637468943318487156690273
0.5222637468943318487156690273
0.5327510063182025325675853455
0.5327510063182025325675853455
0.5276051539904743330112981265
0.5276051539904743330112981265
0.5276051539904743330112981265
0.5279259639848643938231640318
0.5279259639848643938231640318
0.5281544122499435052575957942
0.5281544122499435052575957942
0.5281544122499435052575957942
0.5276289019465804450964875446
0.5276289019465804450964875446
0.5281634988270040159292236837
0.5281634988270040159292236837
0.5281634988270040159292236837
0.5302592423361716537665224702
0.5302592423361716537665224702
0.5302592423361716537665224702
0.5279602559488880522034394021
0.5279602559488880522034394021
0.5286184695535493250947275830
0.5286184695535493250947275830
0.5286184695535493250947275830
0.5302878341299221956733531249
0.5302878341299221956733531249
0.5364372758296032496657575809
0.5364372758296032496657575809
0.5364372758296032496657575809
0.5377052773511970089489524302
0.5377052773511970089489524302
0.5377052773511970089489524302
0.5438836321342281148569886635
0.5438836321342281148569886635
0.5436850255448086297457965630
0.5436850255448086297457965630
0.5436850255448086297457965630
0.5463944232139833936938452861
0.5463944232139833936938452861
0.5475054010853080861493669680
0.5475054010853080861493669680
0.5475054010853080861493669680
0.5413771612613974881879724204
0.5413771612613974881879724204
0.5387287307602907690355735669
0.5387287307602907690355735669
0.5387287307602907690355735669
0.5412780890276025307103628212
0.5412780890276025307103628212
0.5442429343523237398194010282
0.5442429343523237398194010282
0.5442429343523237398194010282
0.5461451118511250195826250559
0.5461451118511250195826250559
0.5461451118511250195826250559
0.5391792569535698582625611125
0.5391792569535698582625611125
0.5404547926548917042664594575
0.5404547926548917042664594575
0.5404547926548917042664594575
0.5386492798279546795186794657
0.5386492798279546795186794657
0.5397423483690270859733934453
0.5397423483690270859733934453
0.5397423483690270859733934453
0.5418238092601835011160312967
0.5418238092601835011160312967
0.5435012236560725860943190262
0.5435012236560725860943190262
0.5435012236560725860943190262
0.5440927446373317021188832233
0.5440927446373317021188832233
0.5440927446373317021188832233
0.5416624935664661814382786779
0.5416624935664661814382786779
0.5392464518245448080109212396
0.5392464518245448080109212396
0.5392464518245448080109212396
0.5374247859573717537288164352
0.5374247859573717537288164352
0.5398573873222910947731139388
0.5398573873222910947731139388
0.5398573873222910947731139388
0.5364802342708972409030089148
0.5364802342708972409030089148
0.5375080348015833877403976874
0.5375080348015833877403976874
0.5375080348015833877403976874
0.5385155224088601976436912106
0.5385155224088601976436912106
0.5396870829403790079535510079
0.5396870829403790079535510079
0.5396870829403790079535510079
0.5424470683458011455504132291
0.5424470683458011455504132291
0.5424470683458011455504132291
0.5420688321106918361781172758
0.5420688321106918361781172758
0.5398524661694023959515547638
0.5398524661694023959515547638
0.5398524661694023959515547638
0.5368086465595961472800414228
0.5368086465595961472800414228
0.5329216543766305395408228800
0.5329216543766305395408228800
0.5329216543766305395408228800
0.5322923750077019573593298456
0.5322923750077019573593298456
0.5351898068070194762351180028
0.5351898068070194762351180028
0.5351898068070194762351180028
0.5360883281311153122497829619
0.5360883281311153122497829619
0.5362677409731591710483626666
0.5362677409731591710483626666
0.5362677409731591710483626666
0.5374113571473373429105391176
0.5374113571473373429105391176
0.5374113571473373429105391176
0.5389890614964034631410398859
0.5389890614964034631410398859
0.5397935035156283400164590535
0.5397935035156283400164590535
0.5397935035156283400164590535
0.5411702948954274761894033223
0.5411702948954274761894033223
0.5396695557025560697253863549
0.5396695557025560697253863549
0.5396695557025560697253863549
0.5384996731279445314382822271
0.5384996731279445314382822271
0.5384996731279445314382822271
0.5403607641686556333229325675
0.5403607641686556333229325675
0.5436206089709644475642645335
0.5436206089709644475642645335
0.5436206089709644475642645335
0.5425919384707963197058663556
0.5425919384707963197058663556
0.5432673662455156745635637059
0.5432673662455156745635637059
0.5432673662455156745635637059
0.5425101923535987344720723208
0.5425101923535987344720723208
0.5464341625472170628143423520
0.5464341625472170628143423520
0.5464341625472170628143423520
0.5503474362377158551788033428
0.5503474362377158551788033428
0.5493816902555216315956800912
0.5493816902555216315956800912
0.5493816902555216315956800912
0.5510532803012641314673380882
0.5510532803012641314673380882
0.5510532803012641314673380882
0.5492546955441761549255065051
0.5492546955441761549255065051
0.5485344916679351796278816647
0.5485344916679351796278816647
0.5485344916679351796278816647
0.5483377628366300689009850834
0.5483377628366300689009850834
0.5488235748665862320380867386
0.5488235748665862320380867386
0.5488235748665862320380867386
0.5508655204906752417143691806
0.5508655204906752417143691806
0.5538345763383987520932293164
0.5538345763383987520932293164
0.5538345763383987520932293164
0.5528556466562273179127030019
0.5528556466562273179127030019
0.5528556466562273179127030019
