0.001248588360923506823691832486
0.001248588360923506823691832486
0.0009919944345010628810532749875
0.0009919944345010628810532749875
0.0009919944345010628810532749875
0.001302814286183345613871526621
0.001302814286183345613871526621
0.001162164261085266950730428854
0.001162164261085266950730428854
0.001162164261085266950730428854
0.0009204966353366592235570502293
0.0009204966353366592235570502293
0.0008662191784714811287897883682
0.0008662191784714811287897883682
0.0008662191784714811287897883682
0.0008279577440983905280562986305
0.0008279577440983905280562986305
0.0007311012679305408367908745716
0.0007311012679305408367908745716
0.0007311012679305408367908745716
0.0007961977194466046540046976025
0.0007961977194466046540046976025
0.0007961977194466046540046976025
0.0007362782716040897790228122722
0.0007362782716040897790228122722
0.0007044103697596920737993716866
0.0007044103697596920737993716866
0.0007044103697596920737993716866
0.0007451514322010438315393995200
0.0007451514322010438315393995200
0.0007499339348526915524425241581
0.0007499339348526915524425241581
0.0007499339348526915524425241581
0.0007812666780810883115787978052
0.0007812666780810883115787978052
0.0008028830251592902684774882730
0.0008028830251592902684774882730
0.0008028830251592902684774882730
0.0008579732408756452225107506212
0.0008579732408756452225107506212
0.0008736551909334931260965977857
0.0008736551909334931260965977857
0.0008736551909334931260965977857
0.0008580729193505391777078375539
0.0008580729193505391777078375539
0.0008580729193505391777078375539
0.0008887448677337145501163931291
0.0008887448677337145501163931291
0.0008822065511029604118097924400
0.0008822065511029604118097924400
0.0008822065511029604118097924400
0.0008596022583302074209114601929
0.0008596022583302074209114601929
0.0008347477427249638855556432406
0.0008347477427249638855556432406
0.0008347477427249638855556432406
0.0008098022434810832164554593564
0.0008098022434810832164554593564
0.0008098022434810832164554593564
0.0007938233654970344778213116497
0.0007938233654970344778213116497
0.0007832272095357338547515431323
0.0007832272095357338547515431323
0.0007832272095357338547515431323
0.0007632780060746481954303003195
0.0007632780060746481954303003195
0.0007696560248514916591748623677
0.0007696560248514916591748623677
0.0007696560248514916591748623677
0.0007683701838888575416415510358
0.0007683701838888575416415510358
0.0007471250837785771177401761463
0.0007471250837785771177401761463
0.0007471250837785771177401761463
0.0007966865366257201118075326740
0.0007966865366257201118075326740
0.0007922572603205852091788090288
0.0007922572603205852091788090288
0.0007922572603205852091788090288
0.0008294623987169291498240383807
0.0008294623987169291498240383807
0.0008294623987169291498240383807
0.0008654548492122180989602589141
0.0008654548492122180989602589141
0.0008839658779893319285110123699
0.0008839658779893319285110123699
0.0008839658779893319285110123699
0.0008819384933336199714303491140
0.0008819384933336199714303491140
0.0009167860985347524207774702987
0.0009167860985347524207774702987
0.0009167860985347524207774702987
0.0008960350951700957557822410819
0.0008960350951700957557822410819
0.0009246645388560036976289454588
0.0009246645388560036976289454588
0.0009246645388560036976289454588
0.0009149820731563592961049396453
0.0009149820731563592961049396453
0.0009149820731563592961049396453
0.0008823693404148193499783977015
0.0008823693404148193499783977015
0.0008800525730823129301978970475
0.0008800525730823129301978970475
0.0008800525730823129301978970475
0.0008769744159702302264173376777
0.0008769744159702302264173376777
0.0008669522142202164906263040935
0.0008669522142202164906263040935
0.0008669522142202164906263040935
0.0008791562814784659539811270124
0.0008791562814784659539811270124
0.0008783760060684417037182391130
0.0008783760060684417037182391130
0.0008783760060684417037182391130
0.0009257511428836741329855949446
0.0009257511428836741329855949446
0.0009415835853929424409329821004
0.0009415835853929424409329821004
0.0009415835853929424409329821004
0.0009467428704217589437353189754
0.0009467428704217589437353189754
0.0009467428704217589437353189754
0.0009502008845460386574631874637
0.0009502008845460386574631874637
0.0009820004488558796998154110462
0.0009820004488558796998154110462
0.0009820004488558796998154110462
0.0009609678583504207066839298783
0.0009609678583504207066839298783
0.0009708791520010090618240374249
0.0009708791520010090618240374249
0.0009708791520010090618240374249
0.0009690211345988543003734098404
0.0009690211345988543003734098404
0.0009822209785378981630415087069
0.0009822209785378981630415087069
0.0009822209785378981630415087069
0.0009908422885299523691893174589
0.0009908422885299523691893174589
0.0009847127644155966075359153133
0.0009847127644155966075359153133
0.0009847127644155966075359153133
0.0009767553269039060607000676382
0.0009767553269039060607000676382
0.0009767553269039060607000676382
0.0009738967930795509502094351249
0.0009738967930795509502094351249
0.0009794673775588716145403439797
0.0009794673775588716145403439797
0.0009794673775588716145403439797
0.0009541131327566775541500686798
0.0009541131327566775541500686798
0.0009687815012070110656452591072
0.0009687815012070110656452591072
0.0009687815012070110656452591072
0.0009708278892080721468215001399
0.0009708278892080721468215001399
0.0009708278892080721468215001399
0.0009634491744496736221111806240
0.0009634491744496736221111806240
0.0009791135360986545119876756023
0.0009791135360986545119876756023
0.0009791135360986545119876756023
0.0009792810131379987112536046472
0.0009792810131379987112536046472
0.0009573723401324895247853623919
0.0009573723401324895247853623919
0.0009573723401324895247853623919
0.0009539442647088841272303809710
0.0009539442647088841272303809710
0.0009826341139936292461261544267
0.0009826341139936292461261544267
0.0009826341139936292461261544267
0.001005464874483288833426425463
0.001005464874483288833426425463
0.001017491524918573247144692886
0.001017491524918573247144692886
0.001017491524918573247144692886
0.001014002175526412165291360439
0.001014002175526412165291360439
0.001014002175526412165291360439
0.001005232571180000087952540258
0.001005232571180000087952540258
0.001008053244339695633994195576
0.001008053244339695633994195576
0.001008053244339695633994195576
0.0009997807042881903490695242928
0.0009997807042881903490695242928
0.001009755288662162340007778236
0.001009755288662162340007778236
0.001009755288662162340007778236
0.001012674963371733275985753946
0.001012674963371733275985753946
0.001015895809875814202048171894
0.001015895809875814202048171894
0.001015895809875814202048171894
0.001023394745686770981458177354
0.001023394745686770981458177354
0.001023394745686770981458177354
0.001025252146992130409162256064
0.001025252146992130409162256064
0.001014960617019578093427324317
0.001014960617019578093427324317
0.001014960617019578093427324317
0.001015462447773359860258956547
0.001015462447773359860258956547
0.001017490759802173202289343766
0.001017490759802173202289343766
0.001017490759802173202289343766
0.001017696468352010147763923396
0.001017696468352010147763923396
0.001007315078395889958591086507
0.001007315078395889958591086507
0.001007315078395889958591086507
0.001009637723675149089921251811
0.001009637723675149089921251811
0.001001837670330027326765846362
0.001001837670330027326765846362
0.001001837670330027326765846362
0.001002229679454524115389493311
0.001002229679454524115389493311
0.001002229679454524115389493311
0.0009922171630347139099695740913
0.0009922171630347139099695740913
0.0009837826451745126199667500161
0.0009837826451745126199667500161
0.0009837826451745126199667500161
0.0009841025124511845928571616832
0.0009841025124511845928571616832
0.001024404429994451280479383618
0.001024404429994451280479383618
0.001024404429994451280479383618
0.001015202963262518653122792322
0.001015202963262518653122792322
0.001015224067890279369695071244
0.001015224067890279369695071244
0.001015224067890279369695071244
0.001006950454867267639544741570
0.001006950454867267639544741570
0.001008288355085569617143138135
0.001008288355085569617143138135
0.001008288355085569617143138135
0.001000660894013794524639687538
0.001000660894013794524639687538
0.001000660894013794524639687538
0.001001951898510261574530527405
0.001001951898510261574530527405
0.001019236492850688032281449295
0.001019236492850688032281449295
0.001019236492850688032281449295
0.001009871692359289531089469534
0.001009871692359289531089469534
0.001001552432889885988595600890
0.001001552432889885988595600890
0.001001552432889885988595600890
0.0009921228650518661325024834884
0.0009921228650518661325024834884
0.0009921228650518661325024834884
0.0009846471560484170156358620328
0.0009846471560484170156358620328
0.0009941124611839044619954230377
0.0009941124611839044619954230377
0.0009941124611839044619954230377
0.0009940648132495677096208683511
0.0009940648132495677096208683511
0.0009940594182147978011560324993
0.0009940594182147978011560324993
0.0009940594182147978011560324993
0.001002047797372305208268746711
0.001002047797372305208268746711
0.0009948879060589078406535922598
0.0009948879060589078406535922598
0.0009948879060589078406535922598
0.001002718788878368925837182282
0.001002718788878368925837182282
0.0009960035043487112184293142821
0.0009960035043487112184293142821
0.0009960035043487112184293142821
0.0009902692941062314845345328611
0.0009902692941062314845345328611
0.0009902692941062314845345328611
0.0009982642244855488032705830303
0.0009982642244855488032705830303
0.001000732424566351278073092999
0.001000732424566351278073092999
0.001000732424566351278073092999
0.0009940188765222663297322444915
0.0009940188765222663297322444915
0.0009935237954378684117113794141
0.0009935237954378684117113794141
0.0009935237954378684117113794141
0.001000777624877157824875137085
0.001000777624877157824875137085
0.001001546744870921448109493743
0.001001546744870921448109493743
0.001001546744870921448109493743
0.0009947849474444459528500080248
0.0009947849474444459528500080248
0.0009947849474444459528500080248
0.001006144915218239542821370517
0.001006144915218239542821370517
0.001004801400918472389880403465
0.001004801400918472389880403465
0.001004801400918472389880403465
0.001001822994698948945683029288
0.001001822994698948945683029288
0.0009971826202698423309594699507
0.0009971826202698423309594699507
0.0009971826202698423309594699507
0.001001049747493532845998027127
0.001001049747493532845998027127
0.0009964141901864787875900310290
0.0009964141901864787875900310290
0.0009964141901864787875900310290
0.0009978329480575419693888248441
0.0009978329480575419693888248441
0.0009962890895589944152342646128
0.0009962890895589944152342646128
0.0009962890895589944152342646128
0.0009890854526995408187068969172
0.0009890854526995408187068969172
0.0009890854526995408187068969172
0.0009827242997320466233654498839
0.0009827242997320466233654498839
0.0009746439399437597785155063688
0.0009746439399437597785155063688
0.0009746439399437597785155063688
0.0009695502482201016269197870898
0.0009695502482201016269197870898
0.0009713594393294050568011571305
0.0009713594393294050568011571305
0.0009713594393294050568011571305
0.0009814605676495147383101446620
0.0009814605676495147383101446620
0.0009762339599424994703250948849
0.0009762339599424994703250948849
0.0009762339599424994703250948849
0.0009735860518712757184934344455
0.0009735860518712757184934344455
0.0009706519486939126911889925501
0.0009706519486939126911889925501
0.0009706519486939126911889925501
0.0009723280185601217337562194577
0.0009723280185601217337562194577
0.0009723280185601217337562194577
0.0009729470388610139050149300283
0.0009729470388610139050149300283
0.0009753342981572725282064258631
0.0009753342981572725282064258631
0.0009753342981572725282064258631
0.0009771606521705052118053139157
0.0009771606521705052118053139157
0.0009803548020840127683223479535
0.0009803548020840127683223479535
0.0009803548020840127683223479535
0.0009774580579365731933274855221
0.0009774580579365731933274855221
0.0009754196181764248372746731410
0.0009754196181764248372746731410
0.0009754196181764248372746731410
0.0009743568236221300596988846991
0.0009743568236221300596988846991
0.0009743568236221300596988846991
0.0009796745968842035714905582314
0.0009796745968842035714905582314
0.0009780763258294938023878241107
0.0009780763258294938023878241107
0.0009780763258294938023878241107
0.0009760122510542897020604855303
0.0009760122510542897020604855303
0.0009718389418788175889104898782
0.0009718389418788175889104898782
0.0009718389418788175889104898782
0.0009709711124594533350088736021
0.0009709711124594533350088736021
0.0009745521977135810538349550873
0.0009745521977135810538349550873
0.0009745521977135810538349550873
0.0009705569295360123526172994379
0.0009705569295360123526172994379
0.0009705569295360123526172994379
0.0009716886970238562495568945794
0.0009716886970238562495568945794
0.0009694780111775041182869438573
0.0009694780111775041182869438573
0.0009694780111775041182869438573
0.0009711240815199149367631098984
0.0009711240815199149367631098984
0.0009797899449860604109859359551
0.0009797899449860604109859359551
0.0009797899449860604109859359551
0.0009772801013855607027568607348
0.0009772801013855607027568607348
0.0009751240118193272550448268238
0.0009751240118193272550448268238
0.0009751240118193272550448268238
0.0009762239458896770711876643950
0.0009762239458896770711876643950
0.0009762239458896770711876643950
0.0009775587571235883466526574336
0.0009775587571235883466526574336
0.0009741466765325190694140152254
0.0009741466765325190694140152254
0.0009741466765325190694140152254
0.0009792688743855985133556817375
0.0009792688743855985133556817375
0.0009756044904720907434525834042
0.0009756044904720907434525834042
0.0009756044904720907434525834042
0.0009725292400062118693236381852
0.0009725292400062118693236381852
0.0009728043557414004283256044913
0.0009728043557414004283256044913
0.0009728043557414004283256044913
0.0009748540737623768264321364390
0.0009748540737623768264321364390
0.0009790737388020062246604961548
0.0009790737388020062246604961548
0.0009790737388020062246604961548
0.0009798455337124495108548117269
0.0009798455337124495108548117269
0.0009798455337124495108548117269
0.0009812109306178664245855946210
0.0009812109306178664245855946210
0.0009805401439581334174203599734
0.0009805401439581334174203599734
0.0009805401439581334174203599734
0.0009847958097743362911542981732
0.0009847958097743362911542981732
0.0009823587686379491419652341684
0.0009823587686379491419652341684
0.0009823587686379491419652341684
0.0009808284486463573504005295294
0.0009808284486463573504005295294
0.0009841171131648409147795576912
0.0009841171131648409147795576912
0.0009841171131648409147795576912
0.0009856748276592330345530773071
0.0009856748276592330345530773071
0.0009808191800094441977031650873
0.0009808191800094441977031650873
0.0009808191800094441977031650873
0.0009799902974088657922745930491
0.0009799902974088657922745930491
0.0009799902974088657922745930491
0.0009831770897718473751287154360
0.0009831770897718473751287154360
0.0009850507135845954864979781922
0.0009850507135845954864979781922
0.0009850507135845954864979781922
0.0009836964681170320919355371259
0.0009836964681170320919355371259
0.0009802187177078347113038671742
0.0009802187177078347113038671742
0.0009802187177078347113038671742
0.0009820043124185020685298236185
0.0009820043124185020685298236185
0.0009820043124185020685298236185
0.0009849305956438692759913710727
0.0009849305956438692759913710727
0.0009875662028282567025134964395
0.0009875662028282567025134964395
0.0009875662028282567025134964395
0.0009963421557255717828401679065
0.0009963421557255717828401679065
0.0009937317374382978847797646216
0.0009937317374382978847797646216
0.0009937317374382978847797646216
0.0009990279740808912675854218802
0.0009990279740808912675854218802
0.0009985011258380562606613329469
0.0009985011258380562606613329469
0.0009985011258380562606613329469
0.0009985399267874461622798140941
0.0009985399267874461622798140941
0.0009951361345970626115081140123
0.0009951361345970626115081140123
0.0009951361345970626115081140123
0.0009909825040268651615767979111
0.0009909825040268651615767979111
0.0009909825040268651615767979111
0.0009900491372841275291894279939
0.0009900491372841275291894279939
0.0009923311430985123942260229682
0.0009923311430985123942260229682
0.0009923311430985123942260229682
0.0009873186650466339035853466468
0.0009873186650466339035853466468
0.0009867906002675690853999944190
0.0009867906002675690853999944190
0.0009867906002675690853999944190
0.0009872088792912333667153843541
0.0009872088792912333667153843541
0.0009884058275631422914547642911
0.0009884058275631422914547642911
0.0009884058275631422914547642911
0.0009895754920278446900905183256
0.0009895754920278446900905183256
0.0009895754920278446900905183256
