0.4695536718681849994796432608
0.4695536718681849994796432608
0.3277319711369947337414211639
0.3277319711369947337414211639
0.3277319711369947337414211639
0.4062032899277403221675625831
0.4062032899277403221675625831
0.4628076378120775819610964817
0.4628076378120775819610964817
0.4628076378120775819610964817
0.4266001442831649091824655529
0.4266001442831649091824655529
0.4584790204195581006549305035
0.4584790204195581006549305035
0.4584790204195581006549305035
0.4471017820278085237497681921
0.4471017820278085237497681921
0.4557815247249492019160789036
0.4557815247249492019160789036
0.4557815247249492019160789036
0.5050234589965730289264681524
0.5050234589965730289264681524
0.5050234589965730289264681524
0.5251316513774272888574953971
0.5251316513774272888574953971
0.5056716755877689163895458385
0.5056716755877689163895458385
0.5056716755877689163895458385
0.5110852462834131139979456093
0.5110852462834131139979456093
0.5173687882384476252415864935
0.5173687882384476252415864935
0.5173687882384476252415864935
0.5261499559605406618241864477
0.5261499559605406618241864477
0.5625553431452091852518275493
0.5625553431452091852518275493
0.5625553431452091852518275493
0.5712159324022695193070038143
0.5712159324022695193070038143
0.5426831614009622541245585967
0.5426831614009622541245585967
0.5426831614009622541245585967
0.5464246480048355015349066138
0.5464246480048355015349066138
0.5464246480048355015349066138
0.5467611627496957167594298453
0.5467611627496957167594298453
0.5700791556309369461312520020
0.5700791556309369461312520020
0.5700791556309369461312520020
0.5645095890795261604021103236
0.5645095890795261604021103236
0.5744860021817686525486882643
0.5744860021817686525486882643
0.5744860021817686525486882643
0.5595935007378486060004583517
0.5595935007378486060004583517
0.5595935007378486060004583517
0.5656443071097940106498236998
0.5656443071097940106498236998
0.5819546890574030764113111738
0.5819546890574030764113111738
0.5819546890574030764113111738
0.5768000448090235292323267891
0.5768000448090235292323267891
0.5839730029082503193919523404
0.5839730029082503193919523404
0.5839730029082503193919523404
0.5797580664238000296396322004
0.5797580664238000296396322004
0.5725119930700230535123775401
0.5725119930700230535123775401
0.5725119930700230535123775401
0.5735931734754618733302138821
0.5735931734754618733302138821
0.5731476173122627629773740174
0.5731476173122627629773740174
0.5731476173122627629773740174
0.5774796860446365149060774836
0.5774796860446365149060774836
0.5774796860446365149060774836
0.5707034231533398156376981912
0.5707034231533398156376981912
0.5621216065131774776301844721
0.5621216065131774776301844721
0.5621216065131774776301844721
0.5508295906651760309795998270
0.5508295906651760309795998270
0.5541521168817237894487309002
0.5541521168817237894487309002
0.5541521168817237894487309002
0.5537232059719431214482920541
0.5537232059719431214482920541
0.5650325142705316676497985031
0.5650325142705316676497985031
0.5650325142705316676497985031
0.5641971029250101840319206835
0.5641971029250101840319206835
0.5641971029250101840319206835
0.5592458333195833427173688615
0.5592458333195833427173688615
0.5632235202443241646582561238
0.5632235202443241646582561238
0.5632235202443241646582561238
0.5661552409297245847499241034
0.5661552409297245847499241034
0.5661896837919730766642267314
0.5661896837919730766642267314
0.5661896837919730766642267314
0.5575438545254046041694159473
0.5575438545254046041694159473
0.5531113124808920426783478311
0.5531113124808920426783478311
0.5531113124808920426783478311
0.5505138686021254452134792199
0.5505138686021254452134792199
0.5448602341015718522804954576
0.5448602341015718522804954576
0.5448602341015718522804954576
0.5421327328815024036596721861
0.5421327328815024036596721861
0.5421327328815024036596721861
0.5418246255795889637436523341
0.5418246255795889637436523341
0.5413818994517290632558322191
0.5413818994517290632558322191
0.5413818994517290632558322191
0.5413825657332640571386233664
0.5413825657332640571386233664
0.5415153099563422752817081296
0.5415153099563422752817081296
0.5415153099563422752817081296
0.5412939917823139895667300843
0.5412939917823139895667300843
0.5427661312728300557798587173
0.5427661312728300557798587173
0.5427661312728300557798587173
0.5391500496688911171703054912
0.5391500496688911171703054912
0.5379464243154904575940743795
0.5379464243154904575940743795
0.5379464243154904575940743795
0.5459235104327259904327021077
0.5459235104327259904327021077
0.5459235104327259904327021077
0.5501677052623976581398012785
0.5501677052623976581398012785
0.5471170826640833501906858426
0.5471170826640833501906858426
0.5471170826640833501906858426
0.5421946781696313847769579014
0.5421946781696313847769579014
0.5391264198770270538761161735
0.5391264198770270538761161735
0.5391264198770270538761161735
0.5404190164504348434786367383
0.5404190164504348434786367383
0.5386920449372879589407828887
0.5386920449372879589407828887
0.5386920449372879589407828887
0.5391307870616872212885146744
0.5391307870616872212885146744
0.5391307870616872212885146744
0.5402026549477820670840876094
0.5402026549477820670840876094
0.5411414695181464017836821901
0.5411414695181464017836821901
0.5411414695181464017836821901
0.5376799572001998680089846211
0.5376799572001998680089846211
0.5354672310681906543335058773
0.5354672310681906543335058773
0.5354672310681906543335058773
0.5402030294410291069858130932
0.5402030294410291069858130932
0.5386730747891134272279593983
0.5386730747891134272279593983
0.5386730747891134272279593983
0.5383988893845582644930216087
0.5383988893845582644930216087
0.5383988893845582644930216087
0.5407633119204862462083052763
0.5407633119204862462083052763
0.5397712566060082561032196891
0.5397712566060082561032196891
0.5397712566060082561032196891
0.5421007398759657556526077455
0.5421007398759657556526077455
0.5480897186102630446372341263
0.5480897186102630446372341263
0.5480897186102630446372341263
0.5456872752841911430886852483
0.5456872752841911430886852483
0.5443768753296901645041504179
0.5443768753296901645041504179
0.5443768753296901645041504179
0.5398981448298686094348953789
0.5398981448298686094348953789
0.5398981448298686094348953789
0.5373166940151823712925339767
0.5373166940151823712925339767
0.5382468154905841503036616122
0.5382468154905841503036616122
0.5382468154905841503036616122
0.5407719900092394842097615687
0.5407719900092394842097615687
0.5423961309572287625698379177
0.5423961309572287625698379177
0.5423961309572287625698379177
0.5445841968984580238595935354
0.5445841968984580238595935354
0.5469251726197011061278901020
0.5469251726197011061278901020
0.5469251726197011061278901020
0.5467721556409108621186899841
0.5467721556409108621186899841
0.5458730364992312353282249737
0.5458730364992312353282249737
0.5458730364992312353282249737
0.5447503638952851621554165377
0.5447503638952851621554165377
0.5447503638952851621554165377
0.5498530884690634970569514201
0.5498530884690634970569514201
0.5486434915710360811172987911
0.5486434915710360811172987911
0.5486434915710360811172987911
0.5473382050584423796347172197
0.5473382050584423796347172197
0.5529508104940697059603559591
0.5529508104940697059603559591
0.5529508104940697059603559591
0.5569703257251267789019761759
0.5569703257251267789019761759
0.5554186235602803957332215959
0.5554186235602803957332215959
0.5554186235602803957332215959
0.5549017167043579721435305621
0.5549017167043579721435305621
0.5573121970167651486375266021
0.5573121970167651486375266021
0.5573121970167651486375266021
0.5568724220623054308892728743
0.5568724220623054308892728743
0.5568724220623054308892728743
0.5593933445560587952132339417
0.5593933445560587952132339417
0.5608844577587950454882837748
0.5608844577587950454882837748
0.5608844577587950454882837748
0.5583856480944567784972791714
0.5583856480944567784972791714
0.5597850235151996952811033713
0.5597850235151996952811033713
0.5597850235151996952811033713
0.5583491015397899926854547491
0.5583491015397899926854547491
0.5580165082135056522042295335
0.5572188818671428627509926947
0.5572188818671428627509926947
0.5545500991762887939826994317
0.5545500991762887939826994317
0.5545500991762887939826994317
0.5549631567781878841591392430
0.5549631567781878841591392430
0.5575064481654336200323147939
0.5575064481654336200323147939
0.5575064481654336200323147939
0.5555743754450778099402016818
0.5555743754450778099402016818
0.5534516777783797260520985291
0.5534516777783797260520985291
0.5534516777783797260520985291
0.5515572189539178217062377349
0.5515572189539178217062377349
0.5503198314288432867284401896
0.5503198314288432867284401896
0.5503198314288432867284401896
0.5513032882496028719901398552
0.5513032882496028719901398552
0.5513032882496028719901398552
0.5510921124108393232748879305
0.5510921124108393232748879305
0.5496012818641911019378256767
0.5496012818641911019378256767
0.5496012818641911019378256767
0.5489310460037462122557901148
0.5489310460037462122557901148
0.5486066860646332735424949358
0.5486066860646332735424949358
0.5486066860646332735424949358
0.5530971216543639160394896897
0.5530971216543639160394896897
0.5501236765991572716748509122
0.5501236765991572716748509122
0.5501236765991572716748509122
0.5493221105671202966008132429
0.5493221105671202966008132429
0.5493221105671202966008132429
