7.376137895606590309753478227E-10
0.000005172355521060952325224784042
0.000005240742519522895858456139433
0.000005294071071086310100165911037
0.0007593582076964330908193046771
0.001212343921455321230978678320
0.001011430127850184983094073457
0.001299399867824518437378597370
0.001137783430167956853943710770
0.001012092659138020279706711291
0.0009114966456827099762081207644
0.0008291409484440670409968977611
0.001012345827498822125207773268
0.0009349129267594048061326331991
0.001084429523016766256590931611
0.001214005556395211012677294045
0.001327417570615687808075895348
0.001249724515464982355720579728
0.001180659236977563930483326056
0.001118826468950420416108742822
0.001214277904421593605072253661
0.001156744099211160071492301793
0.001379210920303406331049947949
0.001319442370211173602378957639
0.001264705837190408444117267240
0.001214361115737799513749961552
0.001167841826877562140452128486
0.001124801028921006506304622395
0.001084856340802080454507270167
0.001047627660034355084699966892
0.001012913603231767033342248942
0.0009804059726803030049754843631
0.0009499294389016144177335492790
0.0009212966347395120804055524277
0.0008943637634190359586463088536
0.0009553542431852152478304586215
0.0009289689043598978222648848664
0.0009857433099187689239069823007
0.001039486107138943652219238036
0.001090493237320528356162935444
0.001063379579634196440724541095
0.001037594914471899689435222490
0.001156995295843706689639609875
0.001130211754662418323158470978
0.001173364539777896263352544034
0.001214565283884265871142492963
0.001254000937554587738036781923
0.001291772464771769272645911101
0.001264976738689940387159421891
0.001239300637048110912268438299
0.001214616602974091801462419967
0.001190893202410666566472714232
0.001168097905006299211778821827
0.001203214722053449335382773421
0.001181026928707058575348756647
0.001159639164484318902461141602
0.001139018027976006159116341293
0.001119130293473060069185173637
0.001152047088000741985436539354
0.001183862208510234916849212992
0.001164221413912387687597315882
0.001145239477846824064438979615
0.001126866551028463820060004957
0.001157061610622780235416159892
0.001139072283073651424093681305
0.001168150655508430099854575060
0.001150534522977275036198411549
0.001133442199621744206792702428
0.001116853110289038796123453876
0.001100739488348069946351006039
0.001085088804418291975125346476
0.001069886994892411672250505092
0.001139088061840502654650479648
0.001123560234582391450033882322
0.001108453257393365976484444462
0.001174377382484920135526259059
0.001158998140417104299014507576
0.001222545185650571640276956772
0.001206938082594963802357032413
0.001191723728977439102468588549
0.001214698248042747666560264577
0.001199764848371991938693423852
0.001295825036008712112007544660
0.001280273018066165809486379112
0.001265089204983748962111232350
0.001250265704809012505569902586
0.001235793282681775916971168072
0.001221655625820261492269821121
0.001207835083152093429265684934
0.001228297363452011184614157176
0.001214706054535482032122631364
0.001234636128027560038578189026
0.001221272351184332358214750312
0.001208207615989817371394517426
0.001195409269313132130625361280
0.001182880334239247040792719327
0.001170611435875630095858245563
0.001158624051406507875007467236
0.001146854868734484349356909120
0.001135321576067632895640237124
0.001124021671887452686049664471
0.001142881877795620937172873932
0.001131727961109100462173856150
0.001120791145395735971369069972
0.001110059353207533458040790851
0.001128335848831292938891851415
0.001146269265528242492300763613
0.001135611365440814365423230613
0.001125150813581477880601672580
0.001142618233656881829164306176
0.001159770588577653352226173747
0.001176601553017502657383699892
0.001166144523753405241324148714
0.001155862838398743359467599986
0.001145770348662115124927523801
0.001135849385825010339196109384
0.001126101039223237428354018087
0.001116517750955698115076006821
0.001107099205333028112356754359
0.001123244426931415037881966862
0.001113921462457575181824176910
0.001104752576785122483057213762
0.001095744489024546920309772438
0.001086875422054536626222526552
0.001078146440096318789389000126
0.001069560039635067415762886894
0.001061114278434465365391512497
0.001052795028617122083064107273
0.001044618624899573887900023902
0.001036555496478646965525450226
0.001028613590705357009554751703
0.001020801309128268027084707064
0.001013103919834105039479260540
0.001028264020012721530157559489
0.001065759668837125614484640287
0.001057907446333129352405795903
0.001094636469885190294933141725
0.001086685093280935148274157591
0.001078846956493625045869614593
0.001092877139017363991286917566
0.001106706904941866402505113232
0.001120340518803079041726750821
0.001112486165161945058384973848
0.001104742933427594525135663698
0.001118107199325021905442978501
0.001131284229229559149191802232
0.001123570095328084428532095403
0.001136530074424678280651144337
0.001128881026063106133711789575
0.001121338941967153021460829129
0.001113896191733517665080710681
0.001106555651566346776789990332
0.001099312292314375939993865448
0.001131688780973353430331309126
0.001163646515207362212405697921
0.001156179868313432237932886793
0.001168191395295720403408689620
0.001160784977214693084943506736
0.001191744438798107877058741584
0.001184276146844017777692824537
0.001176909783360372219850294635
0.001188416143537505998348202250
0.001181114597289955624052225685
0.001173897581904001223533640818
0.001166768015326531012229725733
0.001159727081694692155883003037
0.001152766011941133282660572231
0.001182106758763740271259395430
0.001193102025398411781094047028
0.001203964140602972956446974897
0.001196913646304470070490593142
0.001189943468945358018780724750
0.001183056846429133414089775211
0.001176247295481911606260526710
0.001169518155862696472499554876
0.001162874215220507956359068519
0.001156307851325807089194502525
0.001149801267647173390519458780
0.001160358486743136107997450356
0.001153901458083534824957481700
0.001147518204565061802099527067
0.001141214077480438364855958023
0.001134972181716610153504592121
0.001145326333400874492726414893
0.001139121973119967294727603073
0.001132991115573098806281773741
0.001126926670382174869051231053
0.001137098130058771965910370116
0.001131078785618044289090002008
0.001125117323083506590406124919
0.001151054884651257549598565738
0.001145050782755026072007620603
0.001154861551715709711007732371
0.001164573506893200295792270296
0.001158597756884210603038406621
0.001152679538204175174587947501
0.001146827310746555844186142700
0.001141034424364425462967451876
0.001135297344284941363271452694
0.001144808818996586208344415218
0.001154231131762872531375137579
0.001148514933885625874427500331
0.001142853969728582577145593660
0.001137250578555244053287257610
0.001131700774875521959597753365
0.001126204219500028755528584990
0.001120759693304375210404182125
0.001115366885937373444015236743
0.001139115136353572773553046118
0.001148158965487575733576542289
0.001157117537746329122944851750
0.001151657690415637085962147552
0.001160511364064864192232581875
0.001155089425723218256709869024
0.001149713880594640704847980671
0.001144387912029703850777959085
0.001139112700590935125203985851
0.001133888885577619634659975044
0.001128712574610821759146518688
0.001137386780552899688185703719
0.001132238713047526826906005418
0.001127139303308558195388292851
0.001122083770661148111459875250
0.001117078502259016892896721772
0.001112117921979649714142172999
0.001107194111119537429466217095
0.001102318732874041485294777251
0.001110807553489719143130243751
0.001119220580559130501567266440
0.001114355753467421288975960771
0.001122675553235994084606312699
0.001130926493039798351920774520
0.001139107095651170462254318878
0.001134238471393362540594878743
0.001129414977545650716444222376
0.001124626691094315419515800748
0.001119884798643988551720704157
0.001127943094075942460422505443
0.001148639051774994688407209447
0.001156507154996070179200046851
0.001151708030458906400984837924
0.001159498438328599536123326109
0.001154728882092511780779561697
0.001174886153373961163549918399
0.001182484667347569020820993863
0.001177677453046540293609075215
0.001185204335803542279228409540
0.001180426233953753224114633636
0.001175687779690773080291371385
0.001183133073550675733384018112
0.001178421968958216743648212215
0.001173743660649283515555009237
0.001181107311843931941635102985
0.001176460797623666082751638403
0.001171849787979491922375092879
0.001167272069698071785334974640
0.001162734046280032984326951995
0.001169995497344340768305931480
0.001177205626949890435198194519
0.001172678632927280749974391854
0.001168191921795064696474849788
0.001163735769923719154659857087
0.001159313766178369153647807765
0.001166423263859691949249116210
0.001162027701807920289731869226
0.001157659665143927138954075280
0.001153328373447167760780614224
0.001149028496301527744091024161
0.001156042711012895053574506730
0.001151765397138002516439849066
0.001147521117623041245865024531
0.001143307483957545169134138116
0.001139121466595105157311715265
0.001134966785954246781319886153
0.001130841762213697473814520058
0.001126749399336211145600447933
0.001122685363930711091978422620
0.001118649348421658633330171077
0.001125522511151363000568850116
0.001121508211398219160142828315
0.001117521763635015537528489176
0.001124325237278097587907992373
0.001120355290514856532261970268
0.001116411781817880910985975128
0.001112498299023706540815371582
0.001108613563873168188115124266
0.001115330845778082535316153302
0.001111462992736181692955224612
0.001118118968663655766442291061
0.001124731416375814520709088921
0.001120872421211661787450317940
0.001117040576383099561184427344
0.001113232154781832108737372201
0.001119771324473202767161353573
0.001115979210907072117222792966
0.001112216656934664001777757626
0.001108474759313177721999510093
0.001104760215419338292631919985
0.001101070600961366586782309298
0.001097408113894917450330005808
0.001103844096803976634908240208
0.001100192169561256244542333754
0.001096566244757526054808241765
0.001092962138219512096855682894
0.001089382646129819052666111449
0.001085831012133129361907868886
0.001082299712643944547370925803
0.001078790601523765519007436025
0.001075304495841587513885034257
0.001091414386975127687950940436
0.001087907688721240316166989716
0.001084424717743442673670310447
0.001080962313131773051686849999
0.001077526711781791382536680708
0.001074110368412327224663840736
0.001080318974234554266742559375
0.001076916574460339351806222673
0.001073534952908981522898055809
0.001070172981508063678405164752
0.001066834382888730611618536354
0.001063517508171958383566708056
0.001060222598592362109460607794
0.001066338612609625789372837449
0.001072412224111469746034506001
0.001069117669286877708395228540
0.001065845252312477612460517151
0.001062590210284666677820625915
0.001077851385880074192869618741
0.001074579578919773727945273056
0.001080520868233583303199912419
0.001077262196662067840541082856
0.001074023767148636876471143189
0.001070805121219924550233690352
0.001067604814446134934608113733
0.001082530045240402531700607098
0.001079312919252308967681978520
0.001076116030777915021192514685
0.001072937300312576987851728087
0.001069775211754400873774531750
0.001066633668207143454963029411
0.001063514337181175362458595486
0.001069276175572879081537941173
0.001066165521184680375073436533
0.001089521545819483100954476135
0.001095161737814342005780255020
0.001091999389137031227977094243
0.001088858494114957948173712664
0.001085735437908351790056641008
0.001082630592386208229139828828
0.001079542227726577416786944196
0.001076473863846455481878058226
0.001073424808926966974771125948
0.001078981041403056796766073216
0.001075938889344162253745576489
0.001072915632573094840917909471
0.001069908634221792221759042697
0.001066919168215007030685846571
0.001063945299421659235257838987
0.001069437448300128174754730860
0.001066472111842203941841111437
0.001063526482422855970154026545
0.001060593440128021429684239904
0.001057677866534595003462176401
0.001071440375209494578889540221
0.001076817886064361649485440655
0.001073881717204818379406932525
0.001070962701147015149015131525
