3.337872968842908590164168731E-14
0.002999281492537555435295263135
0.001509879889055722715015980148
0.001009688223893227048047129001
0.0007590599286041139130852405434
0.0006085559530503908326319500886
0.0005082431226042927237522769168
0.0008679027802263893779472610817
0.0007601675273651442378636807798
0.001012051314474437765309875392
0.0009114483313805144851556989258
0.001103794789885626455050721137
0.001012308674632842106522128693
0.0009348434372121172437095201337
0.001084266983594131247700182552
0.001213853849768267645427832550
0.001327258194347760276088257370
0.001249509943769646199942463669
0.001180405758613841638598266572
0.001118595945699681010585694068
0.001062945725275024925641451649
0.001012588650863089273491324829
0.0009667949327356520281522219864
0.001187860486963105818995266037
0.001138588995972716201755827977
0.001093264966829477788067938443
0.001051436622877830378494589804
0.001012681799349624096666166973
0.0009767236057045749868020861574
0.0009432255002416327499173830114
0.001012709844979577467435710573
0.001077745234835300639008305163
0.001138714317593314495588039149
0.001104384671588004983875178553
0.001160960895518366558774681112
0.001214328652081730130558025924
0.001264689143962338546862054247
0.001230662685629960423622962135
0.001198432260641220929645292178
0.001245353161829397249224602591
0.001289956055527235065238313387
0.001258637553527319027057821809
0.001228829381968320192083472681
0.001200394818121924748462840154
0.001173258697155122249317993956
0.001147316143098621995236889809
0.001122524895710496521037215442
0.001098759415849330019967989359
0.001138975819161480426652820271
0.001115848230759616530625370177
0.001154108463297792453346178565
0.001131580238640575976133549847
0.001168067342193282174725889257
0.001146135517017865762040673533
0.001124999468478514250693777994
0.001159613027569936773433932385
0.001192987339293670801849416757
0.001172140095460611064907830336
0.001204198759582498547979223445
0.001183871191532096315273673600
0.001164218048546246517288965069
0.001145228666574847504085646657
0.001126844364729814603400444358
0.001109037788143463026497773198
0.001091780431176356747663706805
0.001075059621611442731179043145
0.001058859289729128698132973752
0.001043141111423257761205008474
0.001027879782845940727370952467
0.001013056936820713004683005847
0.0009986652155781986685321287220
0.0009846775506619056629722166603
0.0009710656673203807469673587856
0.0009578417053834287521075766033
0.0009858426213602304015701509200
0.0009727634254924570612484557474
0.001039593357045213781266846459
0.001026158091582622980151708626
0.001013061409168858992627539347
0.001000313624171498608639643937
0.0009878730534623727582401584367
0.0009757373591604294138482307400
0.0009638931578418205218055256343
0.0009523475557807581787505359546
0.0009410691907052899688759921281
0.0009300604740179095448679209264
0.0009193130657246961444970768230
0.0009088158504419282102985497750
0.0008985467814043497633511624686
0.0009224869074974000324108983454
0.0009122961650136736354591472519
0.0009355520746968061479175522923
0.0009254338841399556324543735810
0.0009480533908205259122464712787
0.0009380213774426453934792941506
0.0009282181515932596273644952417
0.0009815925022589401369478931829
0.001002698560654323596561944186
0.0009925184256558753484067188686
0.0009825457786091815486339831692
0.0009727734790877691338632759263
0.0009631937668094498480253943392
0.0009538027700145110365371776585
0.0009739465811781506447667348015
0.0009937065662561586111984897269
0.001013096276028120257474469119
0.001003588025247251432366281893
0.0009942547646059806382608194113
0.001013100877623040752931586145
0.001003856774078945685693543619
0.0009947782352521585549177945478
0.0009858698545382540337645958535
0.001004120031970060046412887893
0.001022033684725435091444471621
0.001013118243308602137665946319
0.001056937589254651995100325793
0.001047872613538755625108059147
0.001038960234156432034203490852
0.001030201734157508594581382193
0.001046993409103248765610349341
0.001038308857758663032767471476
0.001054760245070195260668431250
0.001046152445321241064512710557
0.001037684301427716032278688021
0.001029357894149206438334332258
0.001021161770354169891058736072
0.001037099359453988828346043439
0.001052785260448788600752939919
0.001044598205613167929981221408
0.001036540911257364039241624406
0.001028608271627067917400075053
0.001066964294260606715145556428
0.001058921458115700802235751727
0.001050995148251447105591122407
0.001043191425227367446899767522
0.001035498557592251371510370891
0.001050160732444791419722184497
0.001042530399733713005673713794
0.001035007557104081394528278478
0.001049349816972779405086143228
0.001041891613453487341060242403
0.001034539191604412196389503597
0.001048586030817124516089418523
0.001062432187945462619280974059
0.001055090006636454683569284713
0.001047857908876550385690083647
0.001040714522617851580931656036
0.001054241219444894210782088114
0.001047156797556426731957982684
0.001060461777558759553554247202
0.001093751450578652496058154164
0.001106571058606240092464714371
0.001099324328095509680513054698
0.001092171381932148178400338758
0.001085107759397922719834488731
0.001078142951221161604660148656
0.001090650575595206182312309043
0.001083745366035144887694770980
0.001076919676972038195430600840
0.001089198440059397600781897922
0.001082424559000542223464422116
0.001075734819883141314210983527
0.001069126533801127090926470328
0.001062600926455899714728946439
0.001056152189410846335141293292
0.001068109225854918807959525619
0.001061706808058109036327433368
0.001073487395925149604112212384
0.001067127785794421585209800442
0.001060852791611369680994987039
0.001072434290048276359700586164
0.001066199512180778357935359416
0.001077610477385714010639500026
0.001071408861785321459235238157
0.001065282206189101920557504661
0.001059220336989917163302124797
0.001053233588661028159998686451
0.001047308795382850490141962637
0.001058436638102190198548644882
0.001052554086707389624933572329
0.001046746699047580363390954589
0.001040992210168801129087897141
0.001035300953738974234690427834
0.001029673721995987003531791884
0.001024103843885637821777036044
0.001034941522246812209062717910
0.001045664148730800740237523075
0.001040101543452783035038745081
0.001050687464089303065277784633
0.001045157608238900905135279860
0.001039683087368738474136508340
0.001050095895737979186200941301
0.001044649341191757166647394791
0.001039263491868678691923217803
0.001049519578422225401245899391
0.001044164930136711359926636667
0.001038864918204282189852097388
0.001033617892015711121737318618
0.001028423292176075601051741957
0.001023277676663003064503401852
0.001018187634090627227431072682
0.001013141405796285423841383240
0.001008152386800858803356094856
0.001003213116476852375524570184
0.0009983225700250947826031264139
0.0009934801803584407362812960895
0.0009886825802093517324899011655
0.0009839337791843499042913909859
0.0009937679944945679999962925754
0.0009890426968389404759454939199
0.0009843571701607514652953941784
0.0009797199570700121941485778418
0.0009751243146629499576184510877
0.0009989632488930710724049025384
0.0009943176586715592660795951189
0.0009897185708998659352586911279
0.0009851626043246479284598734906
0.0009806473613292762878203565158
0.0009761697612123148781397976460
0.0009717384842257474646532705666
0.0009810859182801211321701781278
0.0009766701747694018027732439722
0.0009859153098761079655975410747
0.0009815165315029160969414021335
0.0009771560706011017646927862390
0.0009728353180964695463823539963
0.0009685565427520217777831589934
0.0009643113349568806953905625162
0.0009601101888068852507473172142
0.0009559413361654041229978053325
0.0009518071419256788861669668984
0.0009477095314834646566043765651
0.0009436452710473453038593573682
0.0009525933338637921503550597871
0.0009485445032431872395701422490
0.0009574002435291463625227087149
0.0009533694707864158789254215724
0.0009621289649195538990941226564
0.0009581084996520234775398229074
0.0009667733370077436947660020259
0.0009753644451870792673051529995
0.0009838888169523217710464232580
0.0009923393390677495430882632557
0.0009882772797706031552281246010
0.0009842466382576388546660587230
0.0009802511406369498076924256953
0.0009762881245293455291966971973
0.0009723553446228864868133615226
0.0009684593186998668342260639728
0.0009645928738242620436344936388
