0.000009153922607387927242365138120
0.003000629218145183175303707459
0.001510721888084119478211053137
0.002015011491352618676484161565
0.001513816169913867897215058535
0.001212662247460871303777044370
0.001514927134800672686573563394
0.001730901615407753978044810536
0.001515426197907922644949134081
0.001683414380985571991722357614
0.001515716689927921630752402674
0.001378673048436183340604996238
0.001264329005379918773277622479
0.001167492491013418776058076571
0.001300348159642376100500680352
0.001214033186967893962295149884
0.001138512281496348987115415753
0.001071897876385313332534094680
0.001012680963736431440554237415
0.0009597181996451786698462592946
0.0009120216146225179612945161374
0.0008688523413249676520087525421
0.0008295933030019580386089320931
0.0007937704985392640537082793651
0.0007609130745574222634313325327
0.0007307664260604777831338175510
0.0007028573836645810973526213106
0.0006769979598024130252161269322
0.0008689576190380436498611926869
0.0008391932295190433192661564902
0.0008114002689976205586147160746
0.0007854086801489114535723230697
0.0007610439223157838081892592043
0.0007381442824357904920695222060
0.0007165993505301465246336908359
0.0006962590623311118988292344336
0.0007610241712009788442894005857
0.0008223017786283799529008603475
0.0008008052324454411705270812055
0.0007804037526517308803424382307
0.0007610335326476170413915081350
0.0007426035039992054401411626991
0.0007250408460230217543360408158
0.0007083049382853459037694714118
0.0006923438798352601457976391422
0.0007442519275829164351365675157
0.0007281934451852398570305569172
0.0007128123231447411453417903361
0.0006980624091323818782684371262
0.0008073219511124271829694726462
0.0007912647816970371468925836529
0.0007758551240916760021257223958
0.0007610309901849937648292238560
0.0007467730582114577890696858398
0.0007890269940138969782950597717
0.0008297380465608702106915265126
0.0008690035632339595471033042967
0.0009068947950323925958550736309
0.0008913450144957966060217621465
0.0008763346641339892944120262367
0.0009122125391894654622137965392
0.0008973428928606764428872414371
0.0008829413441937309742068773511
0.0008690157994698959794178307137
0.0008555124902226084365415725529
0.0008424358649535563062985526253
0.0008297526701851605419325242139
0.0008174655951467482403910061639
0.0008055211903207245766235310003
0.0007939234814739798770780441343
0.0008690523629309111865702776478
0.0009420459034235048719725790327
0.0009710311612850373278031995859
0.0009577951346857152815644898784
0.0009449217386970416240022581675
0.0009323989068453923311814895250
0.0009997661951235607237216122659
0.0009868480980606328593513795024
0.0009742586379784612581468628953
0.0009619915388209934740219416042
0.0009500299335600177293187936952
0.0009383712312781448005816599190
0.0009269994002197799414074453370
0.0009158861195487837659177593573
0.0009050437120998860577618178912
0.0008944587745547974668619707321
0.0009192825167427207702079323376
0.0009087782883848641128102548719
0.0008985169262807090492067184577
0.0008884861330866937913973468926
0.0009458638646555886631161237511
0.0009355181785248978623236748439
0.0009254128338856419443147286468
0.0009155203145424413784544580092
0.0009058487547811382879466040156
0.0008963665406119201006657632221
0.0009185782014832793959802213733
0.0009091593145328496794108239880
0.0009307825274837855879305517416
0.0009519791204419324344877266522
0.0009425087965506015217229404010
0.0009332250792177021462863528615
0.0009241278645903643713002903442
0.0009739305801695793661354506067
0.0009646222120382301118414493943
0.0009554841575622429135910658014
0.0009750498239133579388390663466
0.0009659791262563636260450983805
0.0009570874039733330106655962402
0.0009760973885290833314753066636
0.0009672620317310268881907846878
0.0009858255021961422684901152959
0.001004068133566010635408836838
0.001021984675601271473341575580
0.001039590131090009589052728175
0.001030597967286561560472980682
0.001021764770307043835886284404
0.001013077081259604888254115156
0.001030162826608760646046305067
0.001021554415254412129188892202
0.001013082600876710663988333842
0.001004757612660258694820738604
0.0009965704278073884742905169773
0.0009885177115801754936422395326
0.0009805899917120230023741799669
0.0009727905698216947544307377586
0.0009891062156406190281542207484
0.0009813611177346402728789938737
0.0009973577596154789130734494774
0.0009896652236314195505563523975
0.0009820938147542041620425379994
0.0009746366200909097158567766300
0.0009672866350989916762316716537
0.0009600528931377372380025117021
0.0009529202793901562958906853854
0.0009459001054559921535448335183
0.0009389890996209598833765421410
0.0009321664023358428094806948069
0.0009254538516040776535479677132
0.0009188260272400223066157893288
0.0009122961459635865209012892015
0.0009273156005580103425354600738
0.0009208235903654359552078337230
0.0009355688901250848138673626718
0.0009291092069088927657974299139
0.0009227392463904627067546551893
0.0009164577927519418879328376070
0.0009102580599161749639574495089
0.0009245716773984031475734970232
0.0009183988609519761610993055869
0.0009324643256484503194354197860
0.0009263209979772430852663258751
0.0009202536824067124752710046629
0.0009142692628416221096873315992
0.0009083643390719276243640708220
0.0009220402495572429498581961151
0.0009161647354140791014620454016
0.0009296173439307084065475064429
0.0009237676665569508352322307234
0.0009179881101524242616254539482
0.0009122785074921840032283689894
0.0009066403942103644724556963518
0.0009010735778882444676799526307
0.0008955739381700275551904006840
0.0008901453112166506029813054466
0.0008847802227844626139525120478
0.0008794770140994300155893195386
0.0008742427928676790674110024160
0.0008690705581547828117473401768
0.0008818515299238212118637043684
0.0008766951657531248060149917146
0.0008716009994916134755665884673
0.0008665615214321055741135100296
0.0008615834742933198349118977932
0.0008566610652204807890526939808
0.0008690716284197429521665512445
0.0008641608207112093044070136913
0.0008593072770279934490006910169
0.0008545082653828392133265538706
0.0008497598020101934101381958108
0.0008450646055545071484140124254
0.0008404212869752275494659500425
0.0008358374321494822213255254255
0.0008478258347219415855610794033
0.0008596828782004159388478313564
0.0008714094000249808588432088093
0.0008667517241692856215268399817
0.0008944844875825531706572976568
0.0008897550853418491533695992649
0.0009010698514616376374160566494
0.0008963541273317141344375908747
0.0008916887389198892375650174802
0.0008870686094164638251587592964
0.0008824996735894172338707833739
0.0008779764216364854579711239647
0.0008735034817258187823880362330
0.0008999298218745015691401042483
0.0008953855814517633970675453002
0.0008908872394081282951396950770
0.0009016320227069949453717244958
0.0008971510921222047704619369912
0.0009077572315550776233876801483
0.0009332263855885144858634650418
0.0009435496139872543415797320580
0.0009389474841346052628747222514
0.0009343880183354466831997232013
0.0009298763703746848636818095272
0.0009254052170842136720101519931
0.0009355190451153474597293977770
0.0009310645534773117816934963954
0.0009266551539154193112283838460
0.0009222896618724219562794296294
0.0009179618982979669550396640125
0.0009136777773920404391206264058
0.0009094289877970389046636773861
0.0009052192938937391476549709167
0.0009010523913315817755600785380
0.0008969200951754866277718227202
0.0008928286476768423183995296638
0.0009163894163849703300572581229
0.0009122490916950131572643322381
0.0009218243385738188699274237609
0.0009176907212811051052868968839
0.0009135995099173636284649958944
0.0009095403310243705866603854163
0.0009055200794773667681291364788
0.0009015370300712066822274287987
0.0008975838246802099966216363367
0.0009069337364405060399529363002
0.0009029942868388896521031420056
0.0008990902869573082583140497026
0.0008952212744275732992963330232
0.0008913816690680619748427083656
0.0008875778728263120897738392232
0.0008967292475592743549802501748
0.0008929373027742489255204358453
0.0008891759400560420039198309856
0.0008854436140263280926060889460
0.0008817453428481190493742940473
0.0008907256218125892662619153253
0.0008870339235955625844290526128
0.0008959198603973731811030935243
0.0009047338753100970979243551006
0.0009010326941543927256822084178
0.0008973603478749960633870583476
0.0008937179798013485608743527554
0.0008901063392574615068732649218
0.0008865198651758459227366124574
0.0008829652655876652320660937591
0.0008794425234538139696737036914
