0.1029449742160851210672710133
0.1029449742160851210672710133
0.1029449742160851210672710133
0.1029449742160851210672710133
0.1029449742160851210672710133
0.09527581068121696182380301054
0.09527581068121696182380301054
0.09527581068121696182380301054
0.09527581068121696182380301054
0.09527581068121696182380301054
0.09407932689616097377985654926
0.09407932689616097377985654926
0.09407932689616097377985654926
0.09407932689616097377985654926
0.09407932689616097377985654926
0.09327216697804358329316089717
0.09327216697804358329316089717
0.09327216697804358329316089717
0.09327216697804358329316089717
0.09327216697804358329316089717
0.09481557249971119825963140283
0.09481557249971119825963140283
0.09481557249971119825963140283
0.09481557249971119825963140283
0.09481557249971119825963140283
0.09497188805540666878085833212
0.09497188805540666878085833212
0.09497188805540666878085833212
0.09497188805540666878085833212
0.09497188805540666878085833212
0.09511130954176477809506661286
0.09511130954176477809506661286
0.09511130954176477809506661286
0.09511130954176477809506661286
0.09511130954176477809506661286
0.09416224410874951387705213291
0.09416224410874951387705213291
0.09416224410874951387705213291
0.09416224410874951387705213291
0.09416224410874951387705213291
0.09358699769058289535470354693
0.09358699769058289535470354693
0.09358699769058289535470354693
0.09358699769058289535470354693
0.09358699769058289535470354693
0.09358699769058289535470354693
0.09275280038786606277150828354
0.09275280038786606277150828354
0.09275280038786606277150828354
0.09275280038786606277150828354
0.09275280038786606277150828354
