0.00005059952182827798016400038554
0.00005059952182827798016400038554
0.00005059952182827798016400038554
0.00005848587473104592905009749908
0.00005848587473104592905009749908
0.00005848587473104592905009749908
0.00005584580635237463750794384477
0.00005584580635237463750794384477
0.00005584580635237463750794384477
0.00005351580491517031948444064665
0.00005351580491517031948444064665
0.00005351580491517031948444064665
0.00005016275518303022077254371464
0.00005016275518303022077254371464
0.00005016275518303022077254371464
0.00005168135864518865454566910051
0.00005168135864518865454566910051
0.00005168135864518865454566910051
0.00005246243670121757469831055226
0.00005246243670121757469831055226
0.00005246243670121757469831055226
0.00005081478669472987401764032809
0.00005081478669472987401764032809
0.00005081478669472987401764032809
0.00004976533073324617491670980312
0.00004976533073324617491670980312
0.00004976533073324617491670980312
0.00004976533073324617491670980312
0.00004863689866181121890356122527
0.00004863689866181121890356122527
0.00004863689866181121890356122527
0.00004636779377230673879109665281
0.00004636779377230673879109665281
0.00004636779377230673879109665281
0.00004660158392232601128198667345
0.00004660158392232601128198667345
0.00004660158392232601128198667345
0.00004679246534155180986720432683
0.00004679246534155180986720432683
0.00004679246534155180986720432683
0.00004668823339148640981712962962
0.00004668823339148640981712962962
0.00004668823339148640981712962962
0.00004668772517926499025133676021
0.00004668772517926499025133676021
0.00004668772517926499025133676021
0.00004662849490791129066612472071
0.00004662849490791129066612472071
0.00004662849490791129066612472071
0.00004605101912764072546074671601
0.00004605101912764072546074671601
0.00004605101912764072546074671601
0.00004605101912764072546074671601
0.00004580163912811914807897995841
0.00004580163912811914807897995841
0.00004580163912811914807897995841
0.00004581877508461269294715240453
0.00004581877508461269294715240453
0.00004581877508461269294715240453
0.00004578639535929881521875244694
0.00004578639535929881521875244694
0.00004578639535929881521875244694
0.00004537969113246227095912045959
0.00004537969113246227095912045959
0.00004537969113246227095912045959
0.00004505646268610880468288349756
0.00004505646268610880468288349756
0.00004505646268610880468288349756
0.00004532514163263288476722946508
0.00004532514163263288476722946508
0.00004532514163263288476722946508
0.00004509226379787141626219609294
0.00004509226379787141626219609294
0.00004509226379787141626219609294
0.00004508840768173788979515829717
0.00004508840768173788979515829717
0.00004508840768173788979515829717
0.00004508840768173788979515829717
0.00004506921008383693117776756011
0.00004506921008383693117776756011
0.00004506921008383693117776756011
0.00004479208578587854197592255353
0.00004479208578587854197592255353
0.00004479208578587854197592255353
0.00004518808144953667985235981996
0.00004518808144953667985235981996
0.00004518808144953667985235981996
0.00004487461868002665007045247611
0.00004487461868002665007045247611
0.00004487461868002665007045247611
0.00004537419928573871465437104984
0.00004537419928573871465437104984
0.00004537419928573871465437104984
0.00004511920906491628832406851674
0.00004511920906491628832406851674
0.00004511920906491628832406851674
0.00004483462376820616946171531879
0.00004483462376820616946171531879
0.00004483462376820616946171531879
0.00004488431327264641055076554067
0.00004488431327264641055076554067
0.00004488431327264641055076554067
0.00004464938728950377466026047582
0.00004464938728950377466026047582
0.00004464938728950377466026047582
0.00004464938728950377466026047582
0.00004501928916174120676042683683
0.00004501928916174120676042683683
0.00004501928916174120676042683683
0.00004488103504125151233427233596
0.00004488103504125151233427233596
0.00004488103504125151233427233596
0.00004495613192120714928113124884
0.00004495613192120714928113124884
0.00004495613192120714928113124884
0.00004478670194842850368314566664
0.00004478670194842850368314566664
0.00004478670194842850368314566664
0.00004443760729932095239485741922
0.00004443760729932095239485741922
0.00004443760729932095239485741922
0.00004451527779668565773740588859
0.00004451527779668565773740588859
0.00004451527779668565773740588859
0.00004450430507848785281268364973
0.00004450430507848785281268364973
0.00004450430507848785281268364973
0.00004445230210919117516711232053
0.00004445230210919117516711232053
0.00004445230210919117516711232053
0.00004445230210919117516711232053
0.00004437683724646935798838021802
0.00004437683724646935798838021802
0.00004437683724646935798838021802
0.00004483353232047267135206198977
0.00004483353232047267135206198977
0.00004483353232047267135206198977
0.00004476551200341641720128049861
0.00004476551200341641720128049861
0.00004476551200341641720128049861
0.00004458114538676750067515336364
0.00004458114538676750067515336364
0.00004458114538676750067515336364
0.00004462974472484760918783739501
0.00004462974472484760918783739501
0.00004462974472484760918783739501
0.00004463540308958830586016063224
0.00004463540308958830586016063224
0.00004463540308958830586016063224
0.00004479110580861021263527209731
0.00004479110580861021263527209731
0.00004479110580861021263527209731
0.00004483553121117416725520367066
0.00004483553121117416725520367066
0.00004483553121117416725520367066
0.00004483553121117416725520367066
0.00004466994862672974865465220831
0.00004466994862672974865465220831
0.00004466994862672974865465220831
0.00004500540879963743584374041785
0.00004500540879963743584374041785
0.00004500540879963743584374041785
0.00004512837790977551997674974134
0.00004512837790977551997674974134
0.00004512837790977551997674974134
0.00004482084787850023471136404253
0.00004482084787850023471136404253
0.00004482084787850023471136404253
0.00004506355959018962517376011454
0.00004506355959018962517376011454
0.00004506355959018962517376011454
0.00004493156564911745664406586558
0.00004493156564911745664406586558
0.00004493156564911745664406586558
0.00004486896203700302918491951839
0.00004486896203700302918491951839
0.00004486896203700302918491951839
0.00004494322601408687093459539173
0.00004494322601408687093459539173
0.00004494322601408687093459539173
0.00004512554503785915071557267152
0.00004512554503785915071557267152
0.00004512554503785915071557267152
0.00004512554503785915071557267152
0.00004484968464795943233048344375
0.00004484968464795943233048344375
0.00004484968464795943233048344375
0.00004486566062033623428778329559
0.00004486566062033623428778329559
0.00004486566062033623428778329559
0.00004471662985343837695900309270
0.00004471662985343837695900309270
0.00004471662985343837695900309270
0.00004473372020543667161568398137
0.00004473372020543667161568398137
0.00004473372020543667161568398137
0.00004468714749190960495808821208
0.00004468714749190960495808821208
0.00004468714749190960495808821208
0.00004468714749190960495808821208
0.00004437360682391933578285519178
0.00004437360682391933578285519178
0.00004437360682391933578285519178
0.00004435375683058315027951787690
0.00004435375683058315027951787690
0.00004435375683058315027951787690
0.00004431236099195036798600099478
0.00004431236099195036798600099478
0.00004431236099195036798600099478
0.00004417427827538504092005170296
0.00004417427827538504092005170296
0.00004417427827538504092005170296
0.00004427625563572309336374216700
0.00004427625563572309336374216700
0.00004427625563572309336374216700
0.00004433800947044145604768390933
0.00004433800947044145604768390933
0.00004433800947044145604768390933
0.00004418101491110469603062390159
0.00004418101491110469603062390159
0.00004418101491110469603062390159
0.00004418434488618961204390858846
0.00004418434488618961204390858846
0.00004418434488618961204390858846
0.00004418434488618961204390858846
0.00004403038034750407470605688027
0.00004403038034750407470605688027
0.00004403038034750407470605688027
0.00004396933075508891755499516560
0.00004396933075508891755499516560
0.00004396933075508891755499516560
0.00004406217586863405149147055969
0.00004406217586863405149147055969
0.00004406217586863405149147055969
0.00004409063555008421681492638449
0.00004409063555008421681492638449
0.00004409063555008421681492638449
0.00004419005151117839955269272729
0.00004419005151117839955269272729
0.00004419005151117839955269272729
0.00004421302055383820188635056191
0.00004421302055383820188635056191
0.00004421302055383820188635056191
0.00004424435995073206888510584617
0.00004424435995073206888510584617
0.00004424435995073206888510584617
0.00004443625381629645980916499600
0.00004443625381629645980916499600
0.00004443625381629645980916499600
0.00004443625381629645980916499600
