0.00005208246225986212966998095677
0.00005208246225986212966998095677
0.00005208246225986212966998095677
0.00004762740897612129466644993081
0.00004762740897612129466644993081
0.00004762740897612129466644993081
0.00005013640276188149965762051731
0.00005013640276188149965762051731
0.00005013640276188149965762051731
0.00004934428723958581483433976933
0.00004934428723958581483433976933
0.00004934428723958581483433976933
0.00004518066586919779856151376927
0.00004518066586919779856151376927
0.00004518066586919779856151376927
0.00004252380869325755585094630162
0.00004252380869325755585094630162
0.00004252380869325755585094630162
0.00004286820590526792148103542202
0.00004286820590526792148103542202
0.00004286820590526792148103542202
0.00004387159563085643542729291913
0.00004387159563085643542729291913
0.00004387159563085643542729291913
0.00004360329651322599794040809683
0.00004360329651322599794040809683
0.00004360329651322599794040809683
0.00004360329651322599794040809683
0.00004329677824748329501963590412
0.00004329677824748329501963590412
0.00004329677824748329501963590412
0.00004323285634640810952431630874
0.00004323285634640810952431630874
0.00004323285634640810952431630874
0.00004201059693950084316376615220
0.00004201059693950084316376615220
0.00004201059693950084316376615220
0.00004329129302700431916669305314
0.00004329129302700431916669305314
0.00004329129302700431916669305314
0.00004261455705844927416206392232
0.00004261455705844927416206392232
0.00004261455705844927416206392232
0.00004333595422336716803282611651
0.00004333595422336716803282611651
0.00004333595422336716803282611651
0.00004497244586062950580426971353
0.00004497244586062950580426971353
0.00004497244586062950580426971353
0.00004553734677833684604373844611
0.00004553734677833684604373844611
0.00004553734677833684604373844611
0.00004553734677833684604373844611
0.00004485368027659274900076296695
0.00004485368027659274900076296695
0.00004485368027659274900076296695
0.00004431284006940699052268316824
0.00004431284006940699052268316824
0.00004431284006940699052268316824
0.00004397614631350312637563092348
0.00004397614631350312637563092348
0.00004397614631350312637563092348
0.00004375159942241685635105382823
0.00004375159942241685635105382823
0.00004375159942241685635105382823
0.00004439849238545402789732620962
0.00004439849238545402789732620962
0.00004439849238545402789732620962
0.00004466533799259339457576163809
0.00004466533799259339457576163809
0.00004466533799259339457576163809
0.00004426866244959583180225625189
0.00004426866244959583180225625189
0.00004426866244959583180225625189
0.00004433259511366598669455536451
0.00004433259511366598669455536451
0.00004433259511366598669455536451
0.00004433259511366598669455536451
0.00004411043027590335470420433301
0.00004411043027590335470420433301
0.00004411043027590335470420433301
0.00004413640209023992029926898862
0.00004413640209023992029926898862
0.00004413640209023992029926898862
0.00004374347766811599568786669108
0.00004374347766811599568786669108
0.00004374347766811599568786669108
0.00004364483012317121757902084023
0.00004364483012317121757902084023
0.00004364483012317121757902084023
0.00004408028849539135663001679969
0.00004408028849539135663001679969
0.00004408028849539135663001679969
0.00004403959065591751094464043000
0.00004403959065591751094464043000
0.00004403959065591751094464043000
0.00004432701074723117416706566829
0.00004432701074723117416706566829
0.00004432701074723117416706566829
0.00004443711521865786483330355012
0.00004443711521865786483330355012
0.00004443711521865786483330355012
0.00004460911166791193062666995873
0.00004460911166791193062666995873
0.00004460911166791193062666995873
0.00004460911166791193062666995873
0.00004524704044646495486766619145
0.00004524704044646495486766619145
0.00004524704044646495486766619145
0.00004494363396977708514447840400
0.00004494363396977708514447840400
0.00004494363396977708514447840400
0.00004531326424677424601424110889
0.00004531326424677424601424110889
0.00004531326424677424601424110889
0.00004527914201462934726286412319
0.00004527914201462934726286412319
0.00004527914201462934726286412319
0.00004513564434101846487674894147
0.00004513564434101846487674894147
0.00004513564434101846487674894147
0.00004525569500012975432102460680
0.00004525569500012975432102460680
0.00004525569500012975432102460680
0.00004510763627307212057591909363
0.00004510763627307212057591909363
0.00004510763627307212057591909363
0.00004515423534635672858675500856
0.00004515423534635672858675500856
0.00004515423534635672858675500856
0.00004515423534635672858675500856
0.00004523581497129093498499161568
0.00004523581497129093498499161568
0.00004523581497129093498499161568
0.00004505396979541615810014361313
0.00004505396979541615810014361313
0.00004505396979541615810014361313
0.00004511838959675631713098182870
0.00004511838959675631713098182870
0.00004511838959675631713098182870
0.00004500533958898919316767591858
0.00004500533958898919316767591858
0.00004500533958898919316767591858
0.00004500346735545439912669955446
0.00004500346735545439912669955446
0.00004500346735545439912669955446
0.00004466456912043407203891241394
0.00004466456912043407203891241394
0.00004466456912043407203891241394
0.00004502012702604500802430033954
0.00004502012702604500802430033954
0.00004502012702604500802430033954
0.00004476748227926245190636821670
0.00004476748227926245190636821670
0.00004476748227926245190636821670
0.00004476748227926245190636821670
0.00004515009522608803538153596063
0.00004515009522608803538153596063
0.00004515009522608803538153596063
0.00004502991964286149738153444661
0.00004502991964286149738153444661
0.00004502991964286149738153444661
0.00004518581369800342592935242414
0.00004518581369800342592935242414
0.00004518581369800342592935242414
0.00004528867500017023502765697427
0.00004528867500017023502765697427
0.00004528867500017023502765697427
0.00004512862400935403154534609369
0.00004512862400935403154534609369
0.00004512862400935403154534609369
0.00004503430900004046913729568808
0.00004503430900004046913729568808
0.00004503430900004046913729568808
0.00004509235161421533438957318981
0.00004509235161421533438957318981
0.00004509235161421533438957318981
0.00004512107877168683854732078382
0.00004512107877168683854732078382
0.00004512107877168683854732078382
0.00004485683104558789219217804523
0.00004485683104558789219217804523
0.00004485683104558789219217804523
0.00004485683104558789219217804523
0.00004468749948748328498115201872
0.00004468749948748328498115201872
0.00004468749948748328498115201872
0.00004474060136115074225414178692
0.00004474060136115074225414178692
0.00004474060136115074225414178692
0.00004466461548427393787811135834
0.00004466461548427393787811135834
0.00004466461548427393787811135834
0.00004446326981055898244163604027
0.00004446326981055898244163604027
0.00004446326981055898244163604027
0.00004459090452603496188929661820
0.00004459090452603496188929661820
0.00004459090452603496188929661820
0.00004477273403479465646034885053
0.00004477273403479465646034885053
0.00004477273403479465646034885053
0.00004461835100004952727505462705
0.00004461835100004952727505462705
0.00004461835100004952727505462705
0.00004457801039263148723304839390
0.00004458541965155824188342950375
0.00004458541965155824188342950375
0.00004458541965155824188342950375
0.00004457650280211138955494677904
0.00004457650280211138955494677904
0.00004457650280211138955494677904
0.00004462834725891448341986093526
0.00004462834725891448341986093526
0.00004462834725891448341986093526
0.00004463783004396084292449882072
0.00004463783004396084292449882072
0.00004463783004396084292449882072
0.00004458205045235919701813687864
0.00004458205045235919701813687864
0.00004458205045235919701813687864
0.00004455786541659329412672962065
0.00004455786541659329412672962065
0.00004455786541659329412672962065
0.00004455786541659329412672962065
0.00004466142445250477043414847754
0.00004466142445250477043414847754
0.00004466142445250477043414847754
0.00004465369112414296048092878771
0.00004465369112414296048092878771
0.00004465369112414296048092878771
0.00004470583617195143405814050242
0.00004470583617195143405814050242
0.00004470583617195143405814050242
0.00004465448640526598034196245738
0.00004465448640526598034196245738
0.00004465448640526598034196245738
0.00004452706423870671837772790797
0.00004452706423870671837772790797
0.00004452706423870671837772790797
0.00004444715429486446810506069499
0.00004444715429486446810506069499
0.00004444715429486446810506069499
0.00004429204297082987419456117172
0.00004429204297082987419456117172
0.00004429204297082987419456117172
0.00004438376296064120829947837231
0.00004438376296064120829947837231
0.00004438376296064120829947837231
0.00004438376296064120829947837231
0.00004422135657485510815865235636
0.00004422135657485510815865235636
0.00004422135657485510815865235636
0.00004429175541709792316571929885
0.00004429175541709792316571929885
0.00004429175541709792316571929885
0.00004411998562612491057623555805
0.00004411998562612491057623555805
0.00004411998562612491057623555805
