0.00005601389486290768604381964235
0.00005601389486290768604381964235
0.00005601389486290768604381964235
0.00004841297605666496819325510637
0.00004841297605666496819325510637
0.00004841297605666496819325510637
0.00005016105325872178839322292706
0.00005016105325872178839322292706
0.00005016105325872178839322292706
0.00004585055222607679203040570466
0.00004585055222607679203040570466
0.00004585055222607679203040570466
0.00004451802686187168861821508516
0.00004451802686187168861821508516
0.00004451802686187168861821508516
0.00004438434747698601958156591043
0.00004438434747698601958156591043
0.00004438434747698601958156591043
0.00004557366557894335811235475346
0.00004557366557894335811235475346
0.00004557366557894335811235475346
0.00004541581051301483915036051413
0.00004541581051301483915036051413
0.00004541581051301483915036051413
0.00004569587586615803822976345096
0.00004569587586615803822976345096
0.00004569587586615803822976345096
0.00004569587586615803822976345096
0.00004496534864911173014526532382
0.00004496534864911173014526532382
0.00004496534864911173014526532382
0.00004429557631511709814109122493
0.00004429557631511709814109122493
0.00004429557631511709814109122493
0.00004497534091827414224819094538
0.00004497534091827414224819094538
0.00004497534091827414224819094538
0.00004468174686330846390646518107
0.00004468174686330846390646518107
0.00004468174686330846390646518107
0.00004445824819145233429876370275
0.00004445824819145233429876370275
0.00004445824819145233429876370275
0.00004391753067584841468866308253
0.00004391753067584841468866308253
0.00004391753067584841468866308253
0.00004359133028093036189554108110
0.00004359133028093036189554108110
0.00004359133028093036189554108110
0.00004402983130811400508825600096
0.00004402983130811400508825600096
0.00004402983130811400508825600096
0.00004402983130811400508825600096
0.00004437425583736266855553456549
0.00004437425583736266855553456549
0.00004437425583736266855553456549
0.00004417352472130351098684838321
0.00004417352472130351098684838321
0.00004417352472130351098684838321
0.00004394703055559153246846572275
0.00004394703055559153246846572275
0.00004394703055559153246846572275
0.00004392520748116495094492059784
0.00004392520748116495094492059784
0.00004392520748116495094492059784
0.00004359333830582797178076933960
0.00004359333830582797178076933960
0.00004359333830582797178076933960
0.00004369471338762789396816018926
0.00004369471338762789396816018926
0.00004369471338762789396816018926
0.00004343541577032932349469066204
0.00004343541577032932349469066204
0.00004343541577032932349469066204
0.00004291081842173610337796635664
0.00004291081842173610337796635664
0.00004291081842173610337796635664
0.00004291081842173610337796635664
0.00004333028590676280948474009456
0.00004333028590676280948474009456
0.00004333028590676280948474009456
0.00004299744436076653616423446686
0.00004299744436076653616423446686
0.00004299744436076653616423446686
0.00004319896240853249661230887977
0.00004319896240853249661230887977
0.00004319896240853249661230887977
0.00004335370278022524225823232872
0.00004335370278022524225823232872
0.00004335370278022524225823232872
0.00004327471961088037662098751995
0.00004327471961088037662098751995
0.00004327471961088037662098751995
0.00004335854747679524732317496419
0.00004335854747679524732317496419
0.00004335854747679524732317496419
0.00004374845502501564032213778299
0.00004374845502501564032213778299
0.00004374845502501564032213778299
0.00004367104096430698443837485800
0.00004367104096430698443837485800
0.00004367104096430698443837485800
0.00004336295895814576379761401272
0.00004336295895814576379761401272
0.00004336295895814576379761401272
0.00004336295895814576379761401272
0.00004321611747075319006802088418
0.00004321611747075319006802088418
0.00004321611747075319006802088418
0.00004327964471967906223456322739
0.00004327964471967906223456322739
0.00004327964471967906223456322739
0.00004319573927219442239132673619
0.00004319573927219442239132673619
0.00004319573927219442239132673619
0.00004330638602242680653701070305
0.00004330638602242680653701070305
0.00004330638602242680653701070305
0.00004346499467787999157739844841
0.00004346499467787999157739844841
0.00004346499467787999157739844841
0.00004342159915004485664273896940
0.00004342159915004485664273896940
0.00004342159915004485664273896940
0.00004364354585047069609018167904
0.00004364354585047069609018167904
0.00004364354585047069609018167904
0.00004342061375446762050651287102
0.00004342061375446762050651287102
0.00004342061375446762050651287102
0.00004342061375446762050651287102
0.00004337671645542474120040037152
0.00004337671645542474120040037152
0.00004337671645542474120040037152
0.00004366799163052864415672991715
0.00004366799163052864415672991715
0.00004366799163052864415672991715
0.00004343499394423079199727956600
0.00004343499394423079199727956600
0.00004343499394423079199727956600
0.00004363694934906945206920932457
0.00004363694934906945206920932457
0.00004363694934906945206920932457
0.00004391130448563887500559859603
0.00004391130448563887500559859603
0.00004391130448563887500559859603
0.00004367337138572592241776956458
0.00004367337138572592241776956458
0.00004367337138572592241776956458
0.00004370937500833946821224813834
0.00004370937500833946821224813834
0.00004370937500833946821224813834
0.00004360326681577665565262600515
0.00004360326681577665565262600515
0.00004360326681577665565262600515
0.00004360326681577665565262600515
0.00004394934881284443116199836079
0.00004394934881284443116199836079
0.00004394934881284443116199836079
0.00004405043540554928707336807867
0.00004405043540554928707336807867
0.00004405043540554928707336807867
0.00004406260722279850436837668992
0.00004406260722279850436837668992
0.00004406260722279850436837668992
0.00004386545305552313617947954975
0.00004386545305552313617947954975
0.00004386545305552313617947954975
0.00004394188378868936638928670367
0.00004394188378868936638928670367
0.00004394188378868936638928670367
0.00004404108806904697144284399864
0.00004404108806904697144284399864
0.00004404108806904697144284399864
0.00004405498763045996372438868493
0.00004405498763045996372438868493
0.00004405498763045996372438868493
0.00004413414406313421355312714418
0.00004413414406313421355312714418
0.00004413414406313421355312714418
0.00004418299677636000696508182185
0.00004418299677636000696508182185
0.00004418299677636000696508182185
0.00004418299677636000696508182185
0.00004403158843080871133767405032
0.00004403158843080871133767405032
0.00004403158843080871133767405032
0.00004407047905518589114127778449
0.00004407047905518589114127778449
0.00004407047905518589114127778449
0.00004398042707739454238929245236
0.00004398042707739454238929245236
0.00004398042707739454238929245236
0.00004396866799067384581057128890
0.00004396866799067384581057128890
0.00004396866799067384581057128890
0.00004419537640433972100513511975
0.00004419537640433972100513511975
0.00004419537640433972100513511975
0.00004419537640433972100513511975
0.00004429363470444543175005209555
0.00004429363470444543175005209555
0.00004429363470444543175005209555
0.00004429007131542126525522041838
0.00004429007131542126525522041838
0.00004429007131542126525522041838
0.00004437689637846517195839945209
0.00004437689637846517195839945209
0.00004437689637846517195839945209
0.00004435660872681180338418641927
0.00004435660872681180338418641927
0.00004435660872681180338418641927
0.00004452256170667908707155350847
0.00004452256170667908707155350847
0.00004452256170667908707155350847
0.00004469127649368063805215047952
0.00004469127649368063805215047952
0.00004469127649368063805215047952
0.00004460034513366255858106600122
0.00004460034513366255858106600122
0.00004460034513366255858106600122
0.00004479183261248111574175734161
0.00004479183261248111574175734161
0.00004479183261248111574175734161
0.00004479183261248111574175734161
0.00004462806074664515204846218762
0.00004462806074664515204846218762
0.00004462806074664515204846218762
0.00004446594316676254325291602349
0.00004446594316676254325291602349
0.00004446594316676254325291602349
0.00004431778724615596342125893792
0.00004431778724615596342125893792
0.00004431778724615596342125893792
0.00004443836162658553824300155443
0.00004443836162658553824300155443
0.00004443836162658553824300155443
0.00004461368641852487794242688036
0.00004461368641852487794242688036
0.00004461368641852487794242688036
0.00004471747944570270293652001461
0.00004471747944570270293652001461
0.00004471747944570270293652001461
0.00004470028504797154684030197970
0.00004470028504797154684030197970
0.00004470028504797154684030197970
0.00004467823425569339063682240663
0.00004467823425569339063682240663
0.00004467823425569339063682240663
0.00004467823425569339063682240663
