1.938693995770859161393451301E-11
0.00002804122645001248075955235947
0.00003428760142346141128902147804
0.00004756231707998507422796853925
0.00005420783044377470014433320910
0.00005647414194153289667328330587
0.00005079816561342290262038426838
0.00004788809490574304364660371049
0.00004551474868946828607504096655
0.00004454243242811958441519840240
0.00004361578189968424811157974754
0.00004257350485575792854553008881
0.00004391663784209024292105275671
0.00004374026866133117812161750642
0.00004344272630070817565823273072
0.00004225905445048841293949175311
0.00004279244074136905023858719554
0.00004257359687273999850206797876
0.00004310305236238016794816367321
0.00004279245486112884211983600699
0.00004158634792667995629910232531
0.00004158482205961438953246480972
0.00004454000510024006861949755422
0.00004468021278511656911737206291
0.00004572716422713797892113504324
0.00004523072516398201125073331513
0.00004532113981742782297347299201
0.00004476042924690723123162028733
0.00004503354599215781399747739853
0.00004448190547635567062650141641
0.00004471893259020747820029400479
0.00004477134334509552144678368484
0.00004410255599231725246529232849
0.00004375044425181037620134447189
0.00004496231336132061573768568705
0.00004464132260462103415930694331
0.00004399850620227474925314523626
0.00004391350561544149490153313367
0.00004376987520139760224730092906
0.00004375506724060087119544141400
0.00004346521889455190982251160465
0.00004344651271171959241372028940
0.00004295677583640969164055957626
0.00004252842224094460845832537269
0.00004263976582592959558490181793
0.00004286741359465521161165163028
0.00004272871882404559466123549606
0.00004331597428902975949391769686
0.00004294098629633080967549336889
0.00004356619529592555174703161828
0.00004377281127431393914626305436
0.00004376036767804921024186845980
0.00004392552227931652697761501148
0.00004404651685808059051386780165
0.00004418160930442699574679027735
0.00004376962006642679152263205212
0.00004412211220546126274710672407
0.00004413800292375958045396780698
0.00004384672295641477931116849336
0.00004397095361038996889738648098
0.00004365243067357885938592803683
0.00004400908166554129908592581737
0.00004389859428178558894112495592
0.00004430790476873064772915143073
0.00004425419798462711468453085564
0.00004412224494694476038480107696
0.00004410028660431520259331978181
0.00004444688838603441426899987608
0.00004446818418773416496988695358
0.00004433701223578929268896680832
0.00004452107503846619504554232667
0.00004439894933379998467308867739
0.00004417937295677938888350399954
0.00004434176192235680723534292637
0.00004420793482832150794401047890
0.00004415342326094407157778576252
0.00004397874776588756467000006937
0.00004402427342481341244083853707
0.00004423219093486685368460722188
0.00004444498255051432395280306392
0.00004428539680469465803571583623
0.00004416597365124620027776692616
0.00004419343401422939998653273034
0.00004437865125368435852433122739
0.00004481103938746275072280073305
0.00004480333049050373228247560870
0.00004484896970596506563960308716
0.00004487270331740907460403462366
0.00004486955554828749465836919279
0.00004501885802018314097768660095
0.00004479752710221873472660610253
0.00004533746195147726490579438276
0.00004559272833622588452276484598
0.00004558368978763786975560686450
0.00004579856013915607382678646383
0.00004572667587497266304741934112
0.00004561543460136670470233287066
0.00004580698115711466196508520591
0.00004561069764879316729481722859
0.00004544985643696825098757090629
0.00004557810997593625289770330845
0.00004552472359624147732744975636
0.00004538482941880486580565147004
0.00004533892601818681678764137173
0.00004558717708530586011723802746
0.00004577738539068704039675663434
0.00004577537343301499345061946365
0.00004626418609243941468180082634
0.00004628284695287348225060376958
0.00004623850749196208965137084249
0.00004617996113327522472232052250
0.00004608677219036667784319968584
0.00004587760596715840124236145435
0.00004573345102808269787949526451
0.00004567567336705714358478576927
0.00004572338363488191978157398175
0.00004569651764356228206345009940
0.00004564310222379830544243002417
0.00004589874495104749639870098062
0.00004573907136636234404844415222
0.00004579843251717467512811041791
0.00004577182452176065202845311905
0.00004587308911131806195982114521
0.00004584294128160863105451206580
0.00004585819180981504212476454022
0.00004572848405623514791137820904
0.00004559451378905608496144399173
0.00004556901035069837302885023670
0.00004543133042603723055432013539
0.00004529592280157485842750140033
0.00004517965879694667903399430437
0.00004517061040068911165849906605
0.00004541562443593289649197050326
0.00004524928030795860422006702658
0.00004524665088671604200777411273
0.00004514114506654825138626608405
0.00004530812415551200993598850593
0.00004521847672618577410148178895
0.00004525264446655675040428690534
0.00004511947166106032591593261621
0.00004521374579628539864288160688
0.00004516382910312302241212292941
0.00004506259364223872998449236158
0.00004507732952743978332827149305
0.00004514013782739090642868848600
0.00004516394999948523134177994402
0.00004522960671766195580266516216
0.00004520899376616828360253475830
0.00004535470110824419307602765365
0.00004524534666744160867254943528
0.00004524999256489846231959533823
0.00004524853839805841959544883642
0.00004532844542160232002100691221
0.00004534461758264907733899658564
0.00004538057118691600490659868473
0.00004540760730724761288495575923
0.00004527871149839051589680757396
0.00004518428840695686564146888251
0.00004524710730569472418780127874
0.00004531713236715513473708834860
0.00004530812188308860649588295117
0.00004548814999980933304752127771
0.00004549945072567944776089832906
0.00004550063966472460821138916116
0.00004559530152587104293274252454
0.00004561848717217385459290682442
0.00004565402301852910302713164958
0.00004558020088277932861795764674
0.00004564187207437184527056470244
0.00004562343855259959263188345578
0.00004567293424946082043484210170
0.00004558667611081237899151283044
0.00004557320820595961515347620168
0.00004549123053189526686642934715
0.00004546968465196504898085112787
0.00004534339926107137315032161836
0.00004534102494580298874220798635
0.00004541909036838129127691965050
0.00004534581872674801487054205411
0.00004537638729700879450445722664
0.00004545137979748669263944799197
0.00004542555535984611006249294866
0.00004551618784123125650746496650
0.00004540661123906106778628627822
0.00004542093097924568523470112763
0.00004533457596774274396569064533
0.00004525193678811359398578294450
0.00004513724438081068571305179014
0.00004519629054139335215234419900
0.00004509888593998221039398899254
0.00004519969767172780430637798627
0.00004513061831388892858920193610
0.00004510978009503791805488048098
0.00004502923652439476184335087377
0.00004494352392420065994096350547
0.00004495581154543238922277397068
0.00004508647636443801985865397891
0.00004508638913682118092385106800
0.00004497204888919803422905789102
0.00004492271756324380526797950194
0.00004483777890571222849866321790
0.00004475595505095570308784768317
0.00004468437312889688955062170731
0.00004459575662671057264655837499
0.00004454452608310195224742105978
0.00004457655434629029399335477626
0.00004461645714803451471694699640
0.00004464121960633746517429499035
0.00004468993792692139320439262547
0.00004474503482326096418203229055
0.00004480406875690187205528896024
0.00004479555413258200355602339914
0.00004475914327972897027100164057
0.00004469705562512064302318346890
0.00004477172441315774857191952728
0.00004480819284733759123982125868
0.00004484156771165197405227925077
0.00004485235654945645191962995963
0.00004484149809299456889673554388
0.00004493258540993494995987030638
0.00004480563551867563830613532721
0.00004477031320005970194668039494
0.00004480195705139202213669172001
0.00004478771638445112599916187038
0.00004469239662648100767847530078
0.00004460726501659225291309293564
0.00004451990963886213087414721868
0.00004454493578716205930090325610
0.00004463104202190339769272966045
0.00004465578486953981347731677131
0.00004464440166284265313255233644
0.00004455267779796228726258859915
0.00004453596403693775585047001329
0.00004458113826146993804510912625
0.00004467126166385325894166822013
0.00004460452703954327116910935430
0.00004468057426481530276013934454
0.00004459395089044546826698888084
0.00004454636504532954560218186503
0.00004463561801093042278003723624
0.00004471231830607260140750262099
0.00004468900791648448003746859937
0.00004461549279974610689878663511
0.00004450842704750556805603929278
0.00004454534710496361994981248764
0.00004457157903768959740061356562
0.00004446357350268764122918280566
0.00004439242176651534245538286970
0.00004430694105091983786091412797
0.00004425320340214104980022241744
0.00004423989964635267566342056865
0.00004429017987786461190459346045
0.00004440753808630240413908645086
0.00004431857823530164775459505728
0.00004426505061869969530510761238
0.00004430764423668953086778156923
0.00004435907532901234003260308622
0.00004436266486955563337197770187
0.00004432533427339253769047615987
0.00004445197716682760560767350411
0.00004450882039039721834804392549
0.00004446142004950260076682707166
0.00004451481565156122394057126515
0.00004446807285647621364740138796
0.00004446198175367644863941637710
0.00004455088840536800327166913899
0.00004453883996708049406745941618
0.00004461471385253640037049059355
0.00004456057720796169777836860617
0.00004456467655581851685540267215
0.00004460494187898651191169239062
0.00004461647801501808621744872797
0.00004455602874649842494868188808
0.00004448131716131255987291342610
0.00004456180798933795235026892712
0.00004463572613068247190051282628
0.00004463474781215099503312984707
0.00004468266345734354942645786533
0.00004458482320852042748181568364
0.00004456429492652693021559100422
0.00004461958280483015223258639786
0.00004456167874636829872978055221
0.00004458085936198572941722247136
0.00004454046067078416028184796717
0.00004454069669574033170905186498
0.00004448969651400274138997650358
0.00004439618753925483383983240075
0.00004443605741676131983281396415
0.00004441616104482863433962921538
0.00004434976316786504644869775972
0.00004429658400636159592732871731
0.00004446359892524481965566599824
0.00004440419368015523038343453978
0.00004433930307037872467013202571
0.00004436502486031281040866777480
0.00004432146269229163398719756258
0.00004423763951786405518608304198
0.00004418630540378254632859475960
0.00004420305840909703151069959599
0.00004414806354168136199801820470
0.00004417157982859860103162139405
0.00004413615848783760897196106116
0.00004409079726885397999304592487
0.00004411795253792482203306823284
0.00004411020524543490636044388783
0.00004414173106768866543446904745
0.00004409258941356419294537752909
0.00004401907908361549624517712203
0.00004400188086187063071562809480
0.00004404218866230139735243967753
0.00004398193087532534615256778050
0.00004399479903758582117540810704
0.00004395757620270220765200641828
0.00004391130332244804703070027822
0.00004394990228188841282667275486
0.00004402840153249334979448842889
0.00004406616712165447064905622867
0.00004402026889624355119901011851
0.00004396294816805537221740624251
0.00004396093871118543035828244100
0.00004391528478409904235101203222
0.00004398786996817565495273204030
0.00004396657300198193843729858792
0.00004392683569972940798707405554
0.00004392147570939687977392173016
0.00004390030922024988044425863210
0.00004398200555250450436594305817
0.00004400659369918594044354765512
0.00004394002091248882499416291607
0.00004391272981126105817084989079
0.00004383025964837260848919793088
0.00004374249518682421100836444345
0.00004376122464452165585060799354
0.00004367987022877790940546920885
0.00004363657291295115506027660438
0.00004367771440045131820294097638
0.00004367526030111227744654432983
0.00004375707373475624869582259510
0.00004375189383706230386568508625
0.00004373071588023062416536322012
0.00004369207865732389622932232863
0.00004376338283359702957767440635
0.00004385203121771428631489439747
0.00004391734633048932786172889339
0.00004393459150991214925375037383
0.00004411552675201817076911867913
0.00004418210648777419663635659552
0.00004417261775351006973835140007
0.00004411157919118638242759259597
0.00004408200603463634244664388109
0.00004405600145076669871368909495
0.00004407392685252989256509561579
0.00004410129001101913710008760962
0.00004406618134672977324827549039
0.00004403685830919601662408264407
0.00004405949913353850911881032959
0.00004402750445664401887052687696
0.00004400277709654365419470395403
0.00004395834031317892872425797027
0.00004399063223629434158132813509
0.00004399938636293269025962688875
0.00004405682044547232013078808338
0.00004406208058991412376688452914
0.00004402636409375948447595055435
0.00004400422895505189345819503633
0.00004396015087683507692384449270
0.00004391606481189397895175979652
0.00004393186984465246443527193321
0.00004388115754446724383551478714
0.00004388034901591425550150339070
0.00004385544742588799370739936839
0.00004380300896259703019879192916
0.00004375588368245270417610155399
0.00004376299495618359587517368220
0.00004380322924018380291411454281
0.00004377892936540519003815942989
0.00004372422258206564919039010662
0.00004377965278118041125747274700
0.00004378130688804721410158328276
0.00004373663078636427733581713373
0.00004367032836246096265115349122
0.00004366054206110207941140462257
0.00004364536831424721352993514714
0.00004360165171788533828633308454
0.00004354957381339354588152858611
0.00004357716422710093591122902688
0.00004352702197298996534578955293
0.00004353983321960360737586604064
0.00004356165528957332473932792824
0.00004354753848964267343820710960
0.00004352293474894653662547615131
0.00004346811501435211257294870013
0.00004343490881445959855210362243
0.00004342735192997905281355317870
0.00004345741644952777056274219384
0.00004348034055410080175996317287
0.00004343204281226639323103225020
0.00004348221583693953575749258926
0.00004344793038064500253839938703
0.00004350509931573074964073466720
0.00004350809285081344040390372693
0.00004348130670359369048223306139
0.00004349872801453161873219441311
0.00004354688559686658747655895724
0.00004352555004742055018809228227
0.00004351856329619488796437696086
0.00004355393623972511727847715310
0.00004352469360436199106356537520
0.00004354611075712780507052489600
0.00004352526157949455385183866940
0.00004351476183062666420246463163
0.00004350684183993864004451595193
0.00004352267394995931180458067240
0.00004350865154007608674589719923
0.00004349338600075771637665199374
0.00004357526210230381789871951932
0.00004362454537880539889910414012
0.00004362320061462431516333430029
0.00004357677814871557194670489373
0.00004356406359885161286802165740
0.00004361869156875939441569537127
0.00004355722821823413568267482980
0.00004351761553170677776376899556
0.00004352432377351411050083588598
0.00004350290482195490587842270734
0.00004349930754288175685752341897
0.00004350380823059974891157793520
0.00004346627384631402505760773150
0.00004351286112704583264116181498
0.00004346114262061036331356786918
0.00004347505458150361173499344802
0.00004345136819942729459223352493
0.00004345008491567588156704009472
0.00004346191608143023100035177935
0.00004346493498083737166588183788
0.00004344275421750924667615918215
0.00004345261016265956404873657849
0.00004341320800918958851232808493
0.00004342430544865518717149169537
0.00004347144259275198073833464231
0.00004348570541250521575632498112
0.00004345109815522334093604863804
0.00004341066223303532926627981997
0.00004343396530267082369199747256
0.00004337293266274247741116655142
0.00004335497419839730603434884885
0.00004339284976890907087022244261
0.00004335679151766037211778034948
0.00004331008841714096686090397063
0.00004326271391276585850744955109
0.00004320381254065323666371324951
0.00004323913085415638758276095081
0.00004328091717869230481376150918
0.00004325358136689215270950818955
0.00004331465424650363727569644973
0.00004330997260511625136083024565
0.00004329052335048327458948889277
0.00004330867089355728370571246406
0.00004331734117701702185753916706
0.00004330974886504730687347382686
0.00004330553033612905727479849249
0.00004331799743151325002940580974
0.00004328641876796344973543853573
0.00004329603461355320857202166995
0.00004331030823932970992884996085
0.00004337115584794845064155753477
0.00004334684128007649916693784503
0.00004332845355715059914099986231
0.00004331173724787709119093813528
0.00004329641132943097843075471673
0.00004327907694066879092100757485
0.00004330309703996054651453446958
0.00004329294881432788510997255803
0.00004331523374724371710029141451
0.00004331841098855806147254227194
0.00004331273852023644735929461341
0.00004332071083185721286021601809
0.00004328741184759539627690821658
0.00004326608851220875777207632844
0.00004328017569660704544624751357
0.00004332084414085419629817574991
0.00004328680019309553551469249105
0.00004325414410816007397708819837
0.00004326286900918459188246572993
0.00004322335261963260164235569541
0.00004326477540308967515995046059
0.00004324518820634800596420859879
0.00004321786717196230674909723282
0.00004323436069141742051230445865
0.00004323295353092300184401287796
0.00004321305039887444397963786106
0.00004316566152291188368411456652
0.00004317066376665290713601242452
0.00004319853643364874741425224375
0.00004321768749290752282884037137
0.00004323079609147741888137073886
0.00004327708988914623577591836784
0.00004325552487932849348589856184
0.00004330827345228753776989949020
0.00004330398977031277389313153314
