0.00001976193221391300708883842075
0.00002446021610374136211899700505
0.00002855855499466514491744723035
0.00002612601949239944274018237841
0.00002829011860113256787971060346
0.00003880215406283514167627896016
0.00003978498549516273297503309921
0.00004131831911361992224984462817
0.00004215255281661855474688224605
0.00004553140230262497934453510143
0.00004609312044248239458322210061
0.00004604802051818769071778075202
0.00004739990233403104418148948497
0.00004967192076104823938498948954
0.00005019885598126464812106017728
0.00005062708803088529695821431683
0.00005035753991788185908267924784
0.00004984156988096757244445926079
0.00004762120354597671150616792394
0.00004632842527678239776690444658
0.00004649969924903541708481819182
0.00004693501351657031988723718749
0.00004594892180904795679408995219
0.00004512518646268307602934147303
0.00004457131742968439057386417762
0.00004444978711873969580312511821
0.00004374474986111895316114093400
0.00004317420012332505055711186447
0.00004348532421865623043887851687
0.00004468932218055979779009431783
0.00004619142664067481127409331551
0.00004555392881164831264761687866
0.00004536392739223907004453529944
0.00004509871712309694278021052442
0.00004489287616909466324670989570
0.00004557452781668265847967081366
0.00004557255714816757726559919721
0.00004530632843582200900773850063
0.00004493408941886475362173553207
0.00004477728413172756474338616063
0.00004496137842192169941517182684
0.00004537843354177604109463096646
0.00004471984257601448430136946864
0.00004418096145153989215749104243
0.00004479441590075306615067412948
0.00004544888192955071302936244111
0.00004554461491983352029333654537
0.00004567157918908417168577778494
0.00004644848223492833128718777153
0.00004650593704388573659244425733
0.00004639690928175627632208906978
0.00004579701187973186536381414576
0.00004563321163041724579409657524
0.00004551498030126240526830007234
0.00004535618515691474283692565647
0.00004552949757504009672486117398
0.00004563301517708565281849499433
0.00004538647191695471591583066792
0.00004512795935292983789438293656
0.00004507781713336036149013269793
0.00004538469243024990743094345755
0.00004532389163064041227225813490
0.00004514777246277638789239167099
0.00004496933386967236325477516972
0.00004514513142519662753229168415
0.00004490970156835912729143662082
0.00004509794257929922487845588082
0.00004510917221266705801079044759
0.00004513771511445399776012270777
0.00004487644616695203283197111166
0.00004469337863873337234904952600
0.00004472988735408606498168410322
0.00004481313522262891971096534822
0.00004459784251307244986080804008
0.00004445507346140173810235722412
0.00004430993440052328228076210342
0.00004429381605206351541042611382
0.00004409690558435316670033972367
0.00004386325620156249639088091106
0.00004385360498683509909411841237
0.00004384107074283297413471274411
0.00004389610998809409349012517048
0.00004417288262286244989411841515
0.00004406833053085429021836796366
0.00004409132793792668098598226166
0.00004382308914113208790098646613
0.00004362592327593950699025039393
0.00004370642832397851333024922104
0.00004365708884762273495199466502
0.00004369435102561157091653994118
0.00004387974481861167270228793179
0.00004399909430646579089606087751
0.00004392094161415292836282986569
0.00004374800396316860617241964081
0.00004367976011537227969608814051
0.00004379886309666500823798367374
0.00004381776779432341586798098889
0.00004371651043676080164675956538
0.00004345502558559180381472217200
0.00004337058675613710383940610019
0.00004346938913752028616369557436
0.00004356305464874178329955437502
0.00004347545849944799754690510286
0.00004350932609395409656725168589
0.00004337098468971681802182206350
0.00004342719055284027653148196107
0.00004332679878519993039482159974
0.00004321849333486179846312876273
0.00004305700475643289924444960870
0.00004288844554757473034673406252
0.00004298340283016694766613126980
0.00004306565784839406713824758218
0.00004288437673824330100147045566
0.00004292319278726803288400703204
0.00004298346794015329845362358781
0.00004302106220812683622526225495
0.00004302762744785729157870238685
0.00004302556673534344977983549904
0.00004284085888235019718418398758
0.00004280572600689134509668217307
0.00004278847868017084837242930235
0.00004265602561082105612391684274
0.00004259411044052776609212945455
0.00004246601818574858262016326548
0.00004249548994423463732123747986
0.00004256723728304244207955916248
0.00004255286341423144521814251876
0.00004264642019273710467584507747
0.00004258453428573217181967820001
0.00004248342233607714742739864864
0.00004248861775374758278064416228
0.00004242038232017298289125360494
0.00004244557541822190731321684842
0.00004267413165103115404283805485
0.00004270264860301375737434603303
0.00004255596410118204815843110768
0.00004251609025150311669932963783
0.00004255872268773640200370999076
0.00004265649401491436596271431751
0.00004261369637159298305503104363
0.00004283339724432817349626101951
0.00004273680470948451544947178952
0.00004287244705073844811466502291
0.00004284784645958637131284402099
0.00004278990211557097414370012667
0.00004277997163539670756426673636
0.00004277995480814475157217694672
0.00004272993024506564831777479649
0.00004277273514435846414734206624
0.00004286836196574653824901325198
0.00004302259216416009305172775956
0.00004302961926482106715913624628
0.00004315423141478519658059964783
0.00004318075492546344744464014528
0.00004319150448046688822185771181
0.00004320605028839011743791840336
0.00004331616132203532874854201369
0.00004318923624549662954038207846
0.00004326642359258799616782332777
0.00004322193051991221151249860534
0.00004323980997851441461522107960
0.00004321577552417886621106098629
0.00004302906405407396800445347650
0.00004294553227915766079706072035
0.00004292558425353200187154125699
0.00004285318280655778194254042410
0.00004290743445946448415666026239
0.00004277155873625793489948183692
0.00004281138277934954046985249099
0.00004289316271384726666803650397
0.00004289613019333755895238558606
0.00004279669539355046880968172149
0.00004275050360510405298149195111
0.00004267666818028466983368417551
0.00004282785842850281446592747524
0.00004321061618643601676057853589
0.00004347058942369403658957594886
0.00004338237768974318586544143234
0.00004356521532374243813245413990
0.00004362035616174161573356493482
0.00004381351482221344211740258999
0.00004375808549109027878691461758
0.00004384096472338069940423150151
0.00004374017473651895390263482877
0.00004368708953605502971388507996
0.00004366502789766879433437430910
0.00004358812564252079458149991940
0.00004356312690664861950059065745
0.00004351788102512006924373483777
0.00004360929736118805337418377447
0.00004361161880118036338723181597
0.00004354101929725456396591937984
0.00004352988757862170639917088333
0.00004350859694354391918632237436
0.00004342439111239784643863938951
0.00004342528335576105159907976282
0.00004339824860944868363339010958
0.00004335974680860419662809195190
0.00004329455829000237662535513311
0.00004328219824433009874321857568
0.00004332722944834309038393111425
0.00004323376562473242755803304454
0.00004326515399778276738559065756
0.00004319126854402296589789356827
0.00004317996120319845555562444099
0.00004309408829990275073692121353
0.00004319647474573321176821028720
0.00004314959728742699627342310164
0.00004316587497334021765517014493
0.00004319426998809274574310797116
0.00004320868700605677845868775071
0.00004343047512336388676620069241
0.00004344966289971077722235624098
0.00004347709440889240425585640228
0.00004357077937110940846733399060
0.00004370447962012658608489004897
0.00004381201437136321554863852074
0.00004386830156077859071019868204
0.00004382345895856314505692352579
0.00004379853096382281662572576994
0.00004383546888818694497867806215
0.00004374167706013109528544095572
0.00004366139050194418231417182337
0.00004362577519577947456993993976
0.00004371500883137444261322544042
0.00004365888107893309333058917862
0.00004372376337375282610804174452
0.00004368723725335209846370538388
0.00004366598887769685936120293864
0.00004361402242570298099226258744
0.00004352413633483012958220481854
0.00004353309064706322425452374131
0.00004363655508601604640223101511
0.00004366403211838179307730843589
0.00004369962166463287840675461517
0.00004362312612576991752573734272
0.00004372388522961028835683729035
0.00004367983415022751871303769966
0.00004366649475504747515614386516
0.00004360899422953425356737660542
0.00004351311321629801095224189968
0.00004361732565893523735213525422
0.00004352751149291566470341852952
0.00004349929046117598568043713155
0.00004348321995205133637406700254
0.00004341309753923182644589778242
0.00004331726013699586524874924501
0.00004328718969491487640950633296
0.00004326348350818352051019900780
0.00004328638033789367143886110966
0.00004334049664238932408802047350
0.00004329216093400580998165757251
0.00004339442209310754660206844749
0.00004342819635633216576237075088
0.00004336022576999063838801887750
0.00004326773021268288909699825986
0.00004327444445417672645766157630
0.00004325373319154098520540082416
0.00004321123426034643836631212755
0.00004325672622958502938335788094
0.00004318824705355829021140453051
0.00004331117926831518126789204013
0.00004330227362266620914063368304
0.00004320495458435426737905576252
0.00004322482259371882913224061797
0.00004337614783169752971012938585
0.00004342045581982608970593179889
0.00004344665015496270318388099976
0.00004345485064006960545141819995
0.00004338878725886063274835579412
0.00004334666295232130639814245182
0.00004326257165861428605339818715
0.00004336865301616134789530374926
0.00004331994008821297143705160754
0.00004333231899409435131562338518
0.00004341107694414489641203371336
0.00004341845861005000792888487531
0.00004339516135636873663415416728
0.00004333932161245625761710624154
0.00004339080773336747726790761449
0.00004338078632132879326140605120
0.00004336591490726902279019591914
0.00004336269519277977265487063952
0.00004335559715501620464745149777
0.00004333368891702123668706374650
0.00004346797974855628798419612297
0.00004341211413089390429740829422
0.00004337526468597613856452558444
0.00004333260123502044357018605500
0.00004326603219254261064801898013
0.00004332231370697009229264283593
0.00004337931263051880822296190688
0.00004356127902148546401102203727
0.00004355503502469684434696931113
0.00004350313217934332064661041712
0.00004344707335130278629126572509
0.00004348688606624158039670071618
0.00004347339423261742287005352102
0.00004343578319818903465284849411
0.00004363293387162039592812500136
0.00004356159311734958602373080613
0.00004351849347664005302594139687
0.00004360176698270509596271538910
0.00004352521457745467690169284110
0.00004356937550736651815707236632
0.00004360027225058757517411663412
0.00004355381959046174791603328076
0.00004351826093190177274389376608
0.00004352382825369204421461740895
0.00004354650233641615742605565077
0.00004353342852288133451874073182
0.00004350904768904240868163142726
0.00004354743365613445116969075115
0.00004352074431667983992198512199
0.00004346054367424607312984172809
0.00004341999535798978737550693747
0.00004344237740366617235665016449
0.00004346768083340813237360445507
0.00004342612148444316051712469033
0.00004339362574568540156333544202
0.00004339065664132756788266264781
0.00004337394110462207736279722092
0.00004332573490572732698302026394
0.00004333540172031687884013886759
0.00004328090340256565375311075369
0.00004320947272402692640760174627
0.00004320365363641306560000459546
0.00004322456654073627925597848389
0.00004324359871852468364831876420
0.00004320753449711616824696875023
0.00004320910095940461319081349902
0.00004316536562753722799070038408
0.00004315088199590584655618524213
0.00004307388176761779412058987466
0.00004307642799437298314891878870
0.00004317430151968068585696272518
0.00004310133685851979457671882185
0.00004308328372669910658944108041
0.00004305101216627948705511394054
0.00004301462960223039756496526476
0.00004299038567860092546202974361
0.00004299204224773662114019796976
0.00004293378456646841867917543918
0.00004287662108961580119163395545
0.00004288705884186934396784303180
0.00004290051909796995077908772693
0.00004288368504806245426418599633
0.00004284209407399053016885871387
0.00004281290861907369183477903310
0.00004282854043978893920454157245
0.00004284482118567422956234849655
0.00004280402513019586766998016170
0.00004280187602091164663902712236
0.00004281780271140212904530628323
0.00004284365895413068557470220794
0.00004277360610167936694922065175
0.00004271954985088069891838057410
0.00004267131037914178769258542901
0.00004263293699852225718614056149
0.00004260746444992292198230433233
0.00004269225395741111530950222928
0.00004266534446196219287083221781
0.00004263781027706712655750773984
0.00004257460130739425566915099265
0.00004258969828782407583072022544
0.00004259378526170099257759573320
0.00004256434859250629819192486556
0.00004251286022777332200740572458
0.00004252028929541104304476118902
0.00004255650210249229202022012062
0.00004261127107268507064548314891
0.00004261244926828678681135549154
0.00004272862504767986083123127663
0.00004274522044006042754637077445
0.00004271481082921951243158529148
0.00004272047250913816490279032197
0.00004271297275783914867876187358
0.00004273382520072706282812768058
0.00004277078809452474298873831559
0.00004272621466715885538220531956
0.00004272422672373290889988764288
0.00004269681279875231708397630620
0.00004270335248388660474184064920
0.00004264030252583357659370787687
0.00004264821394504733716176105864
0.00004267407574039133255865147730
0.00004266918624613704710454172814
0.00004263359013655559828906817014
0.00004264359602941671464424939066
0.00004261192909985646056861566280
0.00004260948006264796641919141609
0.00004255863682748577500016447136
0.00004254206445422818833665631829
0.00004252220341078072064601136564
0.00004256477180522563377012928036
0.00004258741840232424373833209746
0.00004259597154195283381722816509
0.00004261742302761770825493091474
0.00004260401157006405971772907197
0.00004257253450878478153005353600
0.00004260678659840015902334544032
0.00004263030243859445140362722270
0.00004259629269615238021047628605
0.00004265149248292077880750791850
0.00004269471856639886184784943406
0.00004272373415081870162241034822
0.00004275911167275431582397835083
0.00004275778447925732174088101111
0.00004273448407322739752640471077
0.00004273358627098843140256385219
0.00004270880787006973738171188622
0.00004271899650201528519392934422
0.00004276555051942396477265815557
0.00004282277089640514096183389394
0.00004285855821782816051855578992
0.00004282756247514751207100882547
0.00004277565662635937640677547429
0.00004274909672817090677219672088
0.00004273070133497529152765848442
0.00004270928383123981944732818950
0.00004269359058265072991865843071
0.00004265601723963749684990652537
0.00004261383914957660827128886243
0.00004267080743937475870440729703
0.00004269992378749502932820644572
0.00004274237089874171887579985771
0.00004275793203407601447598084627
0.00004282869622449295756473954482
0.00004284361988924003121683285901
0.00004279814407172792847694530525
0.00004281726701279725086287262837
0.00004286743549297174527237635826
0.00004284046883342234032750859801
0.00004281899117171993236897059893
0.00004282740916124201605485279948
0.00004291739177257236244858711992
0.00004297727776687510139921199927
0.00004294490464727857882858139119
0.00004291232372942434847704991312
0.00004294772803834357529080963870
0.00004292296624606768495458529412
0.00004288623132993454183483466608
0.00004288284474009521091434249262
0.00004286850218516191038613843218
0.00004289851321954251949878765027
0.00004287454724391569788736900441
0.00004291831921213857109977262825
0.00004291637609957720161585209816
0.00004287861103869595358436796113
0.00004289150664740116387044860499
0.00004286449345385780299703240593
0.00004289077151715489257644795811
0.00004290904280501585200465909215
0.00004293768123312496793369320067
0.00004296870869284146925426814737
0.00004295164852325617630128991879
0.00004302435523122145937330630480
0.00004300717371115620058652756913
0.00004302413396709579441729889344
0.00004299617335967373890098048009
0.00004300510965867025699015039613
0.00004299658778415902576298597481
0.00004301369697754567816087985793
0.00004298513200090793793480032559
0.00004294002879450422875841234620
0.00004294417007712123436012366255
0.00004288708589046664801221996254
0.00004286050529561443055877071003
0.00004281697835950830954410522426
0.00004282829674339165998823662944
0.00004284741261344079919108198969
0.00004284595406364148966281594811
0.00004285088759433963465048197471
0.00004284682035849854520547835070
0.00004281691502188183235119828688
0.00004280207907319980307090166836
0.00004282682778478059865756881597
0.00004280196128397216811057187105
0.00004276214318142443830149176229
0.00004280587059614672940073864124
0.00004276691500278401616864761128
0.00004276859383463175338857049383
0.00004279610798022793099001447075
0.00004279077969926025676538574784
0.00004280273298136779973328776457
0.00004278464403939155213446776581
0.00004281422021941596951980884030
0.00004285390343719180932957230247
0.00004281515160550433992594366741
0.00004276110531351126548565470579
0.00004276050854952766252049080038
0.00004273614382356455318181426225
0.00004271631568695842349600671573
0.00004268086658284954766672034101
0.00004265853917869761581528876720
0.00004273594651928738949590845865
0.00004276809819683178547127957967
0.00004277216572122168759403809539
0.00004279985487523934329837880862
0.00004278789230824335818278164400
