0.00001976193221391300708883842075
0.00006287590364292792779194083335
0.00005426050122831695048037402579
0.00005241601420977041564092227886
0.00005202021906375283874956243932
0.00004827534423679529186843659129
0.00004682124210916441455101805133
0.00004477897159269828512934335591
0.00004562072395782069599511228725
0.00004298361053657157496915800710
0.00004407787238538816972370716172
0.00004456123731445848629849663440
0.00004546616393429843336984472046
0.00004808788946308673044640118835
0.00004797942576842575416451265571
0.00004740042361456852695850164277
0.00004807865652108362623189185234
0.00004737579906000601328661754347
0.00004675688909270752829621436756
0.00004598791085145537661475466416
0.00004549532579660512972702541268
0.00004495584063019833277003342590
0.00004418810875363087952523913245
0.00004457961276446856816691245110
0.00004444394885323866553866720204
0.00004401889161627068746119530859
0.00004356325059295468552887364097
0.00004361355287540244245010075746
0.00004287218827478024143676509795
0.00004249285020621581437205784611
0.00004237617318679301813172882740
0.00004261413375516773177459206730
0.00004255149392413862230128506891
0.00004240994856877531747653269828
0.00004249354516569051851847461626
0.00004366201831465498120251670597
0.00004294105249435233460603248829
0.00004296403265985825309105072767
0.00004345632059203614101678900898
0.00004358255841400393427806616155
0.00004394868981751130800453038646
0.00004373674129623088105360199680
0.00004406662487914840403476478443
0.00004372172479675207947840955647
0.00004324381320877039215523695542
0.00004311830959228354565941778457
0.00004286231040314069113250412261
0.00004231267767596212694749353615
0.00004308343581455024705651263224
0.00004274113587069402737900059577
0.00004269892022016703947502051991
0.00004249198885984229502794399936
0.00004238898047615862563815774485
0.00004258958257833636391957681272
0.00004249426050735924641166026790
0.00004249159216746915807177753189
0.00004255707050980797997013351457
0.00004262410848537206699696142141
0.00004235226099489022191806332586
0.00004202398570356056363843502167
0.00004197600336891397306638644296
0.00004220875752495726497771445909
0.00004215659913099882575047036066
0.00004241202655111052600953744860
0.00004276160439962362076531181076
0.00004275850557670805853450766590
0.00004284504866363391609024566545
0.00004261308658253330425555263109
0.00004266279112501734852246749298
0.00004292078506293803151660538960
0.00004271878092109158273795909755
0.00004276673913399940310367480220
0.00004318132423631652079870001474
0.00004298693004572088487930228372
0.00004273797970039387949608275371
0.00004256592938233906861525303274
0.00004265992363412429888435105529
0.00004272413449363874600973784089
0.00004293801685963975280240076935
0.00004277111031677250859213225486
0.00004263870536470836625209247783
0.00004294825680088631886470136945
0.00004335509946311961163726609358
0.00004312414130603671802054187693
0.00004305007815009680922794101158
0.00004299121884080574098382193172
0.00004306194736859633626887819374
0.00004284876167266679102910335119
0.00004292325918227228358846135186
0.00004286458173870465502740235223
0.00004268485892825561017356986856
0.00004263805286545059595492137303
0.00004257891770643766379157631496
0.00004269337019432267511013066009
0.00004256014415826917108045667683
0.00004279790601755249990880208391
0.00004304239242896261553891925243
0.00004306834289848514066419244322
0.00004316301501682208687070284386
0.00004302405528546167085067347242
0.00004310844231103831914635899644
0.00004294308663702106719500005142
0.00004283316665532102470407087541
0.00004301778891594795528787596490
0.00004312355675942312516040641441
0.00004299685304839347336401152595
0.00004290759398428663280839505252
0.00004295612655337117469255643048
0.00004315137791429491883921804173
0.00004309278141265955680303320267
0.00004301065356997788222188935832
0.00004325152665784058431971464840
0.00004312114180336437783212654788
0.00004302598005986622256470621662
0.00004314337331641165330343933455
0.00004298071073335232974488245046
0.00004323379734028788051961559854
0.00004326503332999129133554302473
0.00004327123490340461063380665746
0.00004311239526868716510777739062
0.00004312968577452149298167552906
0.00004337477463261851375750660444
0.00004349923886497599830535059248
0.00004351209651221297749316626619
0.00004347007535023244912808387590
0.00004331870270969347155625513460
0.00004325370246837617612736192990
0.00004341365155092819405774809249
0.00004344246333675654754616217673
0.00004363355665613142040141085775
0.00004363426512116625752242521147
0.00004359124583772088782485883679
0.00004367536651091007870974547331
0.00004377212125901297876816081176
0.00004373973842883276415576350770
0.00004370075880947275122161992836
0.00004353594599582721763382432287
0.00004380339430366501960955716061
0.00004382639939023406489469728999
0.00004391304181915761074196438656
0.00004384700492418734214830269222
0.00004380414909557120935687361142
0.00004380104490112735534386270797
0.00004371482871929654922093571631
0.00004375846114947377031351104276
0.00004367247447962598890075721595
0.00004370329019554190187540858810
0.00004392129002754535984329255700
0.00004384962153646069815624736779
0.00004375080129403413416200924717
0.00004358308120157473414704963330
0.00004351686409541092548905630822
0.00004340984361692861247196124745
0.00004338361678573880659303382260
0.00004339585595888032590157417214
0.00004350824727595825840354291005
0.00004350819841811917720032401333
0.00004354354584915268261148859335
0.00004395693402457110852730271727
0.00004397283930148360792497581413
0.00004398011725921219257052758005
0.00004408994525487282337138489074
0.00004402687177025620501689213700
0.00004396577136886768101577175498
0.00004403261431607350221768315725
0.00004385231462500895860233461256
0.00004374114113748326739211127700
0.00004373498762549387585963137395
0.00004375689316478538714195784951
0.00004396039938169689676743608252
0.00004386960130014391177744154925
0.00004377619013105225473946477208
0.00004372938527892186826752830586
0.00004372415491072847512557402840
0.00004363430277643493309057038905
0.00004370375694834224826996032916
0.00004363043647971355213956366418
0.00004371439358453710437948755543
0.00004374021186304918176263597374
0.00004379520256108283479205147292
0.00004382544560130072621266735234
0.00004391256421324969441611694062
0.00004395221660181944156410996876
0.00004390819443089724103549080336
0.00004385583129446885244786880207
0.00004390097152044175760654562376
0.00004389906530595198473315058566
0.00004399071272935534813815549515
0.00004407949852582773428023381928
0.00004401370108891470069707199169
0.00004404113714757370993458157318
0.00004417658842430912560314493992
0.00004417806940527470448791000710
0.00004407809795675344320736806595
0.00004402287084598855165695438688
0.00004395543893513891358688708749
0.00004398619934316480261234526451
0.00004398854234231997151638874199
0.00004396716841837744515702204720
0.00004414871285929423136392307643
0.00004408231360024840907440513837
0.00004401836744884016001856465856
0.00004394435904403513207034939845
0.00004392086490152269865716635721
0.00004384260136742732527139736413
0.00004377160088156001641119128836
0.00004381821315347312596207610329
0.00004394184105362561916435639179
0.00004401115869863611369215297552
0.00004394909256138557949011273235
0.00004393068219052147010182389641
0.00004392852353986777009200120725
0.00004388289837516905976722459839
0.00004382967162475389861301924782
0.00004380367586714495199699632247
0.00004380905177666400167090953440
0.00004385062524329948608667957643
0.00004385236093144886365596122065
0.00004383040251357725657142607560
0.00004390729260897238262854568378
0.00004393565579352958409021532658
0.00004392678362370967401332745527
0.00004409443482301762581890201573
0.00004407208944487148590353605341
0.00004406674634371842335699184608
0.00004407844918713352488662136905
0.00004413033449382706389903343958
0.00004403618000582663861636287269
0.00004394987049706348865380834435
0.00004400737534065980863096186253
0.00004401188113644521989645296382
0.00004401171771350981341826336991
0.00004404137967001798549216421409
0.00004402920875278755889730714420
0.00004411022912113780015169481243
0.00004408544393279588201609772062
0.00004414376207593419919220022345
0.00004410615035017765365609841809
0.00004421033577660579846993893326
0.00004424813472583864613313027324
0.00004431311020933735484184509695
0.00004437773216087697654113970537
0.00004447581649019049923564974578
0.00004440501143791871327253497887
0.00004446743581891796946176181407
0.00004443222533503606696702347026
0.00004440062366261727805575843857
0.00004445810621693159779551405543
0.00004443184568688611676433590834
0.00004447903195477104485544403723
0.00004460417276051935694333711728
0.00004462025275205642478127070941
0.00004456700340144527592401579178
0.00004448124991293785156090451984
0.00004440187509565823892303325447
0.00004433070763757640111578486559
0.00004427773584959830591692602617
0.00004418792019476156247693489927
0.00004408504283709917236447598282
0.00004405211132256103079249380704
0.00004411336981957019917322866643
0.00004414541994563340912263783341
0.00004409539307648639208831312628
0.00004403696856397426078124260528
0.00004395272791415974590095544923
0.00004402454200251158251514996608
0.00004393610115723604439009748489
0.00004396671492494072170821147510
0.00004401878642723192070454004400
0.00004408210666271931456072311610
0.00004407480799685330390777819606
0.00004401860353516872601038826529
0.00004410002650088684339123973080
0.00004415799370225547036796603725
0.00004410807745236728166113926629
0.00004409014391630999364842293230
0.00004406458960752075034729042038
0.00004411180106420222828142972511
0.00004425468997909194325479588472
0.00004421766373735935301091425336
0.00004426833199188183472889792285
0.00004424112104826581909335985621
0.00004424301923982025455873883540
0.00004421054364083137755979549642
0.00004417582249219474233478154134
0.00004416539320621902031620515938
0.00004416764198295250776664574266
0.00004411569035504520018665152127
0.00004412326865146155456795106246
0.00004411049721336296738115002068
0.00004404333679764498537786433349
0.00004402734916396200553076636535
0.00004406323272531865415857437088
0.00004402648004655820516718904186
0.00004412185380330560836106477468
0.00004405088259708370433147289434
0.00004407236224574159793064633305
0.00004405678311374645075790064908
0.00004408465791945907894333747577
0.00004408298780379211207624167972
0.00004408174312317587877021933411
0.00004406911127021698935579060687
0.00004408197631743214910322531127
0.00004409432310660374273113643547
0.00004405034420076043756549625895
0.00004404709307069852309811228202
0.00004405963630232213595909799589
0.00004400559426475981357630033294
0.00004402052875828734967958973368
0.00004396240688338397251595972443
0.00004400363594272941607443822639
0.00004394352189844524843608539698
0.00004389173890484448405195666959
0.00004385053576602609444162084261
0.00004384999565258331364536571036
0.00004394344169830035188830910601
0.00004388733572875782983768153479
0.00004391622040328353852392028817
0.00004386057024749519047830722603
0.00004383205935971277559041785019
0.00004377837372008004864558665542
0.00004375766650750003200135559242
0.00004373015330841818658564626516
0.00004368421068594455082032043509
0.00004368392558085950296872840108
0.00004370440370815414828704013742
0.00004371396336494063783173908723
0.00004367454003000350497308368331
0.00004365045114033785021638922739
0.00004372194158630464477311703507
0.00004380137476238211285163951185
0.00004378415319725367032874731643
0.00004373048443057919199482698865
0.00004371829397362982812204518011
0.00004377243540730127620190509452
0.00004376572041907951201135644604
0.00004379816372876935314152826825
0.00004376981096327233872465556268
0.00004368763500988196684959050042
0.00004370000130181535333725748243
0.00004375877355101308174515662109
0.00004372918506840131960982944819
0.00004371206689563466198862713958
0.00004365078553552832508644681009
0.00004366752518818407086814497341
0.00004368878762879311024235938906
0.00004367000604669663013918698519
0.00004364179927487611355446370896
0.00004356597174701835030387055728
0.00004359734554103866024530029449
0.00004361160186638105307534872051
0.00004360029125470485089545757545
0.00004366837227066460449247214138
0.00004369832469161081523614464274
0.00004373709314596002647007319860
0.00004375210189500972753008255193
0.00004372213336815205280683080345
0.00004372083384465891052190446690
0.00004368943028067567186389613857
0.00004369149884983488516476112198
0.00004364344659244106515912687735
0.00004357170704335939019251530719
0.00004355049943253737479065332455
0.00004354781909597698072960909110
0.00004353616064958357156719851502
0.00004359237861714800452295924257
0.00004355630343682171265255401660
0.00004363664808141935254445480512
0.00004361552537338298343329500291
0.00004359695251337787698538647433
0.00004356885168181025691013827625
0.00004358898651856933507802832798
0.00004355738438563118719995335488
0.00004353362170182363969873173313
0.00004351526396149155944116062297
0.00004351863121706547265816682601
0.00004357730172304329018281788025
0.00004352747454796307000638265253
0.00004362514926935370848899361448
0.00004357521706759058475976199173
0.00004362353397867655658821856476
0.00004367927579193509213165975764
0.00004367650759192644937555264014
0.00004363560318278255993998690745
0.00004360491247414597454993933602
0.00004365435803566201714822400900
0.00004362849201378320723472934261
0.00004365306168763133515581601027
0.00004360715523878341301487189659
0.00004357314379836117355590803088
0.00004356009334961352832746942074
0.00004352681707169801302868917605
0.00004351770778948753872777228530
0.00004351800044627046425380219706
0.00004359252585125311481653269535
0.00004356612472376451329946866058
0.00004356824247344383708600016667
0.00004357053628297870614419025859
0.00004353624083841539121442279707
0.00004363672157069691215022132679
0.00004363681175372065074559761978
0.00004361910760576608196255808112
0.00004365178127215459357407947185
0.00004360898793652984711763842708
0.00004362952155021553204158829964
0.00004368979997301401697400610229
0.00004363247722116474972316800473
0.00004362093157917500605223166805
0.00004363266761100982174094636794
0.00004357624257861469961346220850
0.00004353484788397194490795363431
0.00004350193624581124503260026500
0.00004355768118998170883251266514
0.00004355766921782232662108889782
0.00004360218235103341277468360753
0.00004359035857991686372907470621
0.00004361965082679119337875162655
0.00004360277629478659596624867684
0.00004358310273081810397551719827
0.00004355320163329751209187144318
0.00004355239061699279800147360332
0.00004353327778663435546135360503
0.00004347121939946952031328429233
0.00004346660030740449890863279906
0.00004344529461710034258637833974
0.00004343515837300394816558320318
0.00004345028391531796136053753280
0.00004352767719148378959789090662
0.00004349544736515900479960717163
0.00004346573886543792266464080174
0.00004345871229277273814882955343
0.00004345905231148680238692949372
0.00004349622329242842073981040678
0.00004350591264001388115480566236
0.00004344278564423532766913309504
0.00004339823230970991737077995048
0.00004340171258108935080273960811
0.00004340759203164113026399457887
0.00004337979919130875416950611236
0.00004343756921236375908547990555
0.00004344841678268167745051486101
0.00004345433313463699011021676469
0.00004347808820693572529960218532
0.00004343216446500887873677585528
0.00004342860010618048120951439170
0.00004339794024077611505380979421
0.00004335686387719260338998274937
0.00004337850620782647859803077887
0.00004341049295273564259535206118
0.00004337401118135095911160029326
0.00004338903962735121461240284712
0.00004336413426146814246450098621
0.00004335402010701093119082089765
0.00004336140225180272824071224109
0.00004335345747012127205628889829
0.00004344224584688538821404522501
0.00004348078399570738788303381522
0.00004344806377792226463414094397
0.00004342066856726418728888755471
0.00004344702605821880317328652553
0.00004345804564888213331954999707
0.00004342733842191634882328335573
0.00004344051484268188797059623186
0.00004340599090718473688769263373
0.00004346478913577795451713178926
0.00004344307386504735450402602473
0.00004343722838472579865835678442
0.00004345183641575344516920029305
0.00004345726073277549900725991771
0.00004344102737492747529691649222
0.00004342278894118928723983915989
0.00004340586615078087003443145110
0.00004335316235831856754292091380
0.00004338511284625277937708649454
0.00004338082308850324729244452385
0.00004335648105775097346387720540
0.00004335100322017624913389145233
0.00004333775110737847123171537153
0.00004331574198918927002623986654
0.00004339650171516407681457948344
0.00004341948740147747462240986371
0.00004344200317896039473145539773
0.00004343668685625683491203916571
0.00004340893985008380975643570456
0.00004338216299101196745790154747
0.00004334418223218940832210038279
0.00004336892546608816511236160928
0.00004335566827675751695644513401
0.00004332292288043587179236627146
0.00004334039059147706258822980373
0.00004329423979212909628350023070
0.00004326742058414490855859456824
0.00004326791892611109729812080173
0.00004326012138016339914320516849
0.00004323920081819043444717379961
0.00004331141168285901271944250870
0.00004330895576381069231463614590
0.00004337109076347656125925707969
0.00004338598831611826942196468198
0.00004335918891781737402622672338
