2.028965540354262877731127345E-7
0.2790939052488471239441501394
0.2654615236467112894160945315
0.2561196518554486334723018719
0.2523341401628234109971803753
0.2456529421145513332989107908
0.2510045473882325895275799806
0.2454945284334902639178505653
0.2398660872392257256151482428
0.2478758121031036897914208795
0.2474085913250706116226958195
0.2500621772053439410424353072
0.2477392270343179064783420045
0.2469445312491355681295840733
0.2427857663694766302958515422
0.2424713809228286757685475516
0.2457770699077117496823557264
0.2469366329813800334402367046
0.2486636680715854837294541235
0.2485498354689675705326414732
0.2478342454663705984984698070
0.2453881334511512781658651940
0.2450833045086479739117737104
0.2456528040126844038543313704
0.2461585726747327941251650615
0.2467019482353580954858758897
0.2457846950877143714555572808
0.2461115384241017452525811681
0.2473332297061869112648551246
0.2478098089617184185447503641
0.2494555480150004157883068400
0.2497220339212640313298270671
0.2515354813638729178409849478
0.2515004342805732787594977954
0.2513579853946918695332914672
0.2512310223280034596826007474
0.2502967170416602416620709056
0.2514456831811279442997051960
0.2507956023129147845181684738
0.2500637686989800055125990844
0.2503688333608286750596577833
0.2508879653401654787588314334
0.2515391717359412617648269217
0.2519621789644031333119792437
0.2518703227424974290541188518
0.2519861954416585147209907235
0.2513930628540082398837423334
0.2514642087365074425328997940
0.2506729382163373600291956743
0.2505451878089077667755306088
0.2507855651191775753046729652
0.2506898325666909397928717785
0.2495451564955371777244095197
0.2500858718716134709979674048
0.2497718320034743463261434693
0.2499653929226785723263266545
0.2496688643628629949973302983
0.2497625406512838579878240301
0.2493681932973789361359886891
0.2494352562641159236591567586
0.2489915286121989031368213594
0.2490634825090957202616164271
0.2494487191845782105236407697
0.2485804714885579609340302396
0.2488187865595117631256080356
0.2481478190363768347564366541
0.2481863571905061111554547791
0.2480108562643898033550970174
0.2472474423306534069049097589
0.2467486303994140159038488807
0.2467187596899147942569617089
0.2463475506861246480976342619
0.2466300958378175621647516958
0.2460251611064451124264000015
0.2453320564175549421227119864
0.2451743268440736847533065372
0.2452667613737216489626258955
0.2460733104430066568386552324
0.2460013984686451414242650003
0.2459769618399160709667907562
0.2467404352193038110610317709
0.2461977920422676408630693757
0.2469514087963047659283453954
0.2474407845740011542483360938
0.2473690359621422735618513153
0.2473653264563076576708898361
0.2471270880685903794590460016
0.2470979439898848102410866267
0.2470914021416916967798761731
0.2468208435239142001282105072
0.2475819057835402126891863694
0.2480281684860352434837105505
0.2479433673595171748976056942
0.2483837356428280947620520515
0.2484203244651796447519267350
0.2483604809796607365806895196
0.2484838522734262558298478538
0.2484812832415433941618635015
0.2479089418037461165830275846
0.2479023170298477416675439791
0.2475307158296921964455991002
0.2481016774676262124521092355
0.2484307959339885249645512362
0.2484503648462435379131673206
0.2485163514997194292127876312
0.2480997458699681055568424072
0.2485302060631490401475498506
0.2479818819719718227870996678
0.2483531999379492179804714229
0.2477888797388398612646755479
0.2482836104446280018880694120
0.2484148895649544302418433059
0.2488564235828121556489995208
0.2486304163663709358984642736
0.2490107121903575460145294335
0.2488921721127995881537554556
0.2488799491751665301735359233
0.2489258134092461989869272666
0.2491489310003741600798214951
0.2492831587127366621010725783
0.2492251507162977102581171208
0.2496180113128571273322992952
0.2491454837310786357121663885
0.2492642448457583159561610486
0.2491726294062213978857908341
0.2489011033800208857504887177
0.2492106015565788830974063373
0.2492861539272840111112855695
0.2494278857736654347313461582
0.2493121588477672663742708762
0.2494253736582822894078104830
0.2494079951257945442183421100
0.2489589017588606385865306744
0.2487856078167774574583381496
0.2491679513738404318495929077
0.2491784380607624737238400124
0.2490929359301203515124271745
0.2490499290512333018037410111
0.2488746906918368926553745037
0.2489479962585524917441106919
0.2489883757489872567893836177
0.2489010992076409927695330975
0.2489248266123945753352587205
0.2489923959972791895870289702
0.2487327097045891475462209734
0.2488112927805373477764903904
0.2485086570185305567220792576
0.2481663078009766481223809719
0.2481829627670663347930889234
0.2483532826761773272798486026
0.2486274364569294446282484442
0.2490462578436483640058414474
0.2488532246840066993359978453
0.2490886567190947432790813418
0.2491819966073309987833935276
0.2491863898643929862340175777
0.2489817670993983904869211234
0.2487234196998006332523122858
0.2485882120886843108485052381
0.2484673531431625683367961034
0.2486620834176721976325693292
0.2487031435297842768393138172
0.2489370004396566969073711733
0.2488043644007764435659648098
0.2488238102412615936992783210
0.2488298581358883323279422148
0.2489926750264378524287024293
0.2492227687054596717937285459
0.2491538675038705429121757723
0.2492155413266568290956601795
0.2493286747825803042205024025
0.2493831857125916303087163735
0.2493729998063983665537571889
0.2493032203108578209820901683
0.2493466370766595699947756191
0.2494692654969528127472557632
0.2494501977312970246463763600
0.2499234246545308214136746008
0.2500384288421190977219833844
0.2501650864569690500008949839
0.2502280475716949470531967919
0.2505311277756126313306333576
0.2505465692935018903597535506
0.2508266210980961907167024329
0.2506006507906388035117855659
0.2506165576550520860554273292
0.2508261145370145918600322911
0.2507200239234082056364209715
0.2507741524441558070083764684
0.2505851417084288569791905258
0.2504622834880427093202645343
0.2503517505725070480136240959
0.2504150355818553100118809511
0.2505593407025222059305096759
0.2506853270712135871659288395
0.2507272908970579796947017455
0.2507621870163048982506196972
0.2505220997190617462988422975
0.2507826250693868528829056305
0.2509002193155732150773150750
0.2510989732122993075785216427
0.2512057728261351716808750274
0.2513372408161159340498024305
0.2515525644931151661392220836
0.2515056189657942010111325993
0.2514564041854716009199033236
0.2517826688133290437616888473
0.2519387692026921004985875174
0.2518839781025209277931475516
0.2520319353010211810104256315
0.2517759126676854166847979856
0.2515764127506757540406183328
0.2514862779960718805985369510
0.2515127236034398107460389096
0.2517206981700821663315477672
0.2515932585029918193618011183
0.2514559149787349902866767377
0.2513670613573401786628427333
0.2515286374657865263428228045
0.2517765241956083378203573991
0.2516570183437145337263567691
0.2515286908953209970443223993
0.2516055412133432786536922405
0.2518791208821871449580351133
0.2518774412050771206266081587
0.2517248586322613837155291370
0.2517489304504597309001964324
0.2515996454343188424107456550
0.2517111227408786000799084532
0.2516396888111070769850658428
0.2517735098945769799077496352
0.2518226372088957349935360584
0.2517493846659766353582366671
0.2517746544016293580597979260
0.2517044063334527331969881552
0.2517356017066688290598966748
0.2518617893434849694279384725
0.2519893374874400737159939260
0.2520656751718084748988828644
0.2520972410959811252570668251
0.2520519042788100284905979411
0.2523877257512119067680730772
0.2523791129427158817456549960
0.2524564183179738791418105416
0.2522703467466435944606309753
0.2524218265754769997838901769
0.2523042235782866560882667432
0.2522740885390599921471337154
0.2519954749454878192044854219
0.2520057123878021349531220732
0.2522237767111025767287073150
0.2521103757426206117572513833
0.2521012680586281072027558034
0.2523302213367384939561502570
0.2523979503947925483981763542
0.2524068451455277538123440135
0.2524154759687206181171982245
0.2525407787217067128502285826
0.2524903908964715838437751465
0.2525234467940848567884091716
0.2525394772048225127251462207
0.2526364479889834980621421472
0.2525893992215556417277747508
0.2526814133791968989607793767
0.2527426811915731471446063165
0.2525682308588649637615455461
0.2525687315935636511791510341
0.2524580048554036025646398044
0.2525291138853129793110924848
0.2528319936633321284164042142
0.2528520525528921019442888806
0.2529951061294207440663734991
0.2529667478193853246427746178
0.2529529353163678977157444153
0.2528755623346011855218149198
0.2530106467690456148697208324
0.2532883338640573853391090204
0.2533637813509728739126050831
0.2532944050383062634624302128
0.2532553279498823266856601419
0.2531329607393231351285746031
0.2530590285999145723366918605
0.2528831037250377481222331181
0.2529192957582556217698989510
0.2529993184909823068447640572
0.2529217139260955299757296823
0.2530264210363256555890715764
0.2529230697042831535165207783
0.2529775962815370460344323714
0.2530449688112719820474175386
0.2530609166056349915951576121
0.2530550377202478696627116698
0.2530156783273203401644197651
0.2529965322414034706828654966
0.2531388658360655882793955863
0.2531375220075308140966686483
0.2532743299849322265720487948
0.2533413258983322235210320904
0.2532947470091010817798632845
0.2532809084918854073725636899
0.2532922578125690083590962061
0.2533117620191308616502535766
0.2531111384046793644223571674
0.2532485760768492343572498472
0.2531208168178028677225568890
0.2529872471520481592527532571
0.2531145341446897258069415645
0.2530081097457177570230234183
0.2528984531663746674383355374
0.2529775967114706776288891168
0.2528817277947695135933214136
0.2529123079532984208563622129
0.2528693537582637878775145327
0.2529888390822113890130008613
0.2529093992524311435436946961
0.2530164072361118513362905425
0.2529360985734682951316706749
0.2530203943160148031490649077
0.2529919872027632187731851610
0.2531100051260273760056065906
0.2531039681406007867617707301
0.2531088487630477367836627952
0.2529130694831033091648312325
0.2527936834758757297107466913
0.2528539613987808162677866449
0.2527491343716328697466936793
0.2526980425885380134200778524
0.2527787720819924904398879130
0.2527124823070936715328832953
0.2527186822673447782467927008
0.2526796732540664694882913304
0.2525752054047095540994052344
0.2526706009130503276506745984
0.2526626503906331766091889799
0.2526368403152080082964131942
0.2527414218543593786249262766
0.2527234305832449431056591723
0.2527245184744573970252526755
0.2526705615245449984349500516
0.2525035604984926320759799141
0.2525257637234584122718543881
0.2525933943930332191495997495
0.2526231500307292335208495109
0.2525173294967012163169143446
0.2525913202991468288106600745
0.2524939288639092993647503844
0.2524335749979772778594465014
0.2524173230550189377616546351
0.2524036622110452671817313548
0.2524031347521545022936160879
0.2523557241004581924004090838
0.2523144202585816788492077198
0.2523198153556948297458475510
0.2522957476442870619248817971
0.2522364473810539127042485009
0.2523193965012146630709674531
0.2524009821982045775959597740
0.2525978097687201398512978789
0.2524630415127654102389716302
0.2524864195889530497782343865
0.2526375250339972608145963111
0.2526298856291795398684595281
0.2526780131094128447125369748
0.2526518205501227906225256902
0.2526526964752430274601865720
0.2525518710804131546090001486
0.2525413378810531224678132120
0.2525354485178410934398441141
0.2526540338055695141377760741
0.2527016652120256208159935137
0.2526363415890570836565387018
0.2525956580168340774494743704
0.2526807734118386821334259809
0.2526497940126180826066909761
0.2526355650039564713862330060
0.2525956084268228982270599617
0.2524483190417523758080191297
0.2523635849434748925343609660
0.2524180553957403365773958495
0.2523292562132354249513174009
0.2522493900314337807276388963
0.2524022906973923550919035206
0.2523603244694050968930837651
0.2523145675413320340698158168
0.2521899050916230391094202778
0.2521041154972505618594554228
0.2521621204363172241303656899
0.2521829901635569453480924290
0.2522159783007360760789019409
0.2522998273874954710716902563
0.2523992260616132526796727394
0.2524334028878099020840909026
0.2525334097177862800369099438
0.2526825675989571009485287675
0.2526154445282153381289817522
0.2526669399473105568714514807
0.2526288580437326608318668279
0.2525792339619293277612356000
0.2525082709503901106763133796
0.2525083993622267764296309037
0.2524212526861268819680689882
0.2524778000892691811604773150
0.2524984161255793034406187393
0.2523971796652079938581390843
0.2522438639072948572351184944
0.2523109263433629911691317532
0.2523670508799157115279330565
0.2524239733108289135151508594
0.2524013061207257542534461307
0.2523780909694893794782265206
0.2523577817595464304109390181
0.2524022404460269523370893397
0.2523509754152362580132929493
0.2522659029103274192011117996
0.2522518183652533516883705479
0.2520614222996639280255015520
0.2520490839954375644831965586
0.2520661827184757596952512663
0.2520470516830725020509026761
0.2519609164562074348558371454
0.2518346747551308336328224234
0.2518461674894125866300197114
0.2517908264892062907851866241
0.2517599027497866022655934730
0.2517492556253276304568965634
0.2517425202399653508200514844
0.2517893927386166512599822242
0.2517227504072893271428942265
0.2516903075728412451789925935
0.2516094428056870134979190759
0.2516932787195414912314342910
0.2517961504750455552158483057
0.2517401383358615273606793926
0.2517862427826255287526508527
0.2518839803666963782032406602
0.2518108573277734094108822213
0.2518106078765139999901261332
0.2517095940691865052928636271
0.2517216594435932562530489595
0.2517170989620937997667428718
0.2516760208425583564086195425
0.2516096647583172409712233185
0.2515975310895639143840067969
0.2515918269599317426397229091
0.2516278146251018398394779717
0.2515419503127346760769425720
0.2516459908265965372234421607
0.2516679084895002728934317482
0.2517223849594180521257807975
0.2517549571466850146202201937
0.2518912925869691522038503786
0.2520004163823651475796254435
0.2520823070451884356432791175
0.2521535315677671257070033263
0.2520553672110705196691727965
0.2520899832216265896221195654
0.2520823852991918824283191308
0.2520586580019169008569859447
0.2521594984043526813529073495
0.2522418718513322880082526790
0.2523152123717513672065984380
0.2523700159735906553906972367
0.2523157497009943680408157416
0.2523010672183158814151157506
0.2523815304378437830398757666
0.2524322957460741390329462870
0.2524022102716414205754567805
0.2523942071696144572699069936
0.2524367069433025805361478245
0.2523540794842710578402776874
0.2523922009724412269404433557
0.2523774635461814286495338397
0.2523697892070742728199002037
0.2524126616195606750656880014
0.2525321668550556174312151573
0.2525632983631240141797742919
0.2525104400347185028910594300
0.2524430359373640644268602692
0.2524738995980148745332115290
0.2524519280118738571617533574
0.2525574326989125695521736855
0.2524622534578625094880370803
0.2524577597630670302783947649
0.2524145632156295254124916191
0.2523360871038330976983117745
0.2524127881016890269112437483
0.2523833263253757107970649088
0.2523694091974685291109585182
0.2524719514982950058095276540
0.2526077468598785294285318748
0.2525659293413233983877665669
0.2526219902323349138811663399
0.2525866435314937479340155465
0.2525742513487205197995196306
0.2526544830381364263040677976
0.2527193988895277172150601016
0.2527003203957918578626625353
0.2527020101912783860644004737
0.2526357235730564983853488838
0.2527114389376594407180570614
