0.00002914046462949938058201346833
0.3003537753234310041492797607
0.2741495715196148035347158900
0.2586026934181184485234335325
0.2512392199637326066971114697
0.2574940328861814848665125959
0.2612229206457099745074391336
0.2592616039384171895344471504
0.2574940966600181534515358853
0.2542142754630709015844452151
0.2535591360206063824220435443
0.2557352305280887216545670804
0.2487840322113265505675310687
0.2510023993029775920409903489
0.2487773111573993178025534024
0.2472909838398856997109821785
0.2483813470161962603599110333
0.2522827619149466992562804555
0.2513304743546085085993933468
0.2518319326291679800709273164
0.2523271593486363961898591308
0.2523692864047536250701852900
0.2529935755656159047840173249
0.2526076104312323024445435419
0.2512526606036442327712907320
0.2521832529899431103498747092
0.2490842154231464180205510204
0.2490881065013392314090175177
0.2494124044114518542113421585
0.2486066068691246309287557769
0.2500424225042659211889084858
0.2514413250789537482850895522
0.2515660080628236524938968631
0.2500381567403631328505450750
0.2487769304166212005406755197
0.2495294744908680331354413039
0.2505753603291458518479547032
0.2505512458862004260872516088
0.2504045341814391547457790744
0.2510236640692912988350291004
0.2501306700364182258739986034
0.2507891941042911284349790541
0.2504630940219125595323144432
0.2504463775788069457063667039
0.2494060588967293813076175886
0.2490698484809492064426134002
0.2500073411601002453250284666
0.2498190676418462306471530795
0.2502799001508761191544828551
0.2497984586139647909324447178
0.2495208794523123022482238790
0.2498706867628061272857891976
0.2492937642299618396602654652
0.2498039894561867813813390872
0.2494465658895879127914728097
0.2497363340972832520496415206
0.2500894081198983576843049599
0.2506028400968966711977062728
0.2500858975085968250798644437
0.2498677864376949209612619576
0.2495174604871369845509637185
0.2503148003852827549792445625
0.2509310576386229410013065691
0.2513581570541271573123853790
0.2506645522245466087854183771
0.2508289091969307987550399785
0.2507534258525492370007942709
0.2505844752687223772394436418
0.2500849705211377710518134317
0.2501099733744071108630805801
0.2499877181599865493466133212
0.2493310033786842758662003783
0.2493709551234973382092333646
0.2505201996777765620154415712
0.2493057013283206961432450022
0.2502701673523632363768901123
0.2511561067430961628845277146
0.2512559602471361378229055752
0.2516314088513811932392462482
0.2523237755512564561600095218
0.2522282858885440107840777178
0.2528737978468343490586836493
0.2527643732882047967994122162
0.2530092073699430335054814913
0.2530168534012551085951136046
0.2532524020265300363265876850
0.2528452703116522196163867280
0.2524196821187669232021668106
0.2525316254029840454062953787
0.2524198547775568908751805944
0.2517985403751150965729600802
0.2512894973922528143528647092
0.2511029443246989221742408518
0.2509596662963549720275144205
0.2514225708709977274684289591
0.2510185958399171204663564113
0.2508790795576023209355329717
0.2510050851278935320242369258
0.2504489616041764043816648990
0.2500250178388581019318668233
0.2495147349963338232921100949
0.2491983774411121168300081369
0.2491988887629096473139287776
0.2492681829067943170124884077
0.2492125352486337830031517828
0.2491145415618871553294907994
0.2496306105442306155756930381
0.2494076660811675774480621456
0.2497381826334843038163498799
0.2498032395543407613080660512
0.2500489227777781152941067071
0.2501755653561975542881777266
0.2502784671029197793786548236
0.2502872597333033144395133831
0.2503020036917184331237136760
0.2501059014939267713841117855
0.2502184788931095492620119520
0.2496562424802779023394235971
0.2501265525323107674534281829
0.2505623115416832389711668313
0.2507373495241543994644898440
0.2506549296419215683883535144
0.2505013281641402207602330828
0.2502107950774112533089849097
0.2499460057706617585666821964
0.2498416561426629655189805778
0.2498395032273952022242700509
0.2500925880106067117754805306
0.2505593788492809929919786489
0.2505131942078471121793686591
0.2506331330236155385575807215
0.2507892655820268992264096722
0.2508940237068485964224233128
0.2511520856200701658209036113
0.2514765980528844283199245528
0.2516315121401216549522570345
0.2517756115881784951476320251
0.2517643221604932224590984023
0.2517272505082667233508259871
0.2512702279902201218897415839
0.2512113461161090799585940227
0.2508807519581489763729686671
0.2508031151285487539120123600
0.2508285454582197144153695615
0.2509817346957615871581935961
0.2514300881076640844904919349
0.2514397423034190845971203097
0.2513287429026304052747049617
0.2512789673120505927447202070
0.2513375227584514902039922746
0.2516185072315869369837234446
0.2517455702652013095357952420
0.2516121467558996550928275942
0.2514757277900125471721437211
0.2518390096071328061096924115
0.2517652173251272739896447316
0.2514041959693232544393373490
0.2516522760779324221284986668
0.2519262237252413664259347080
0.2516543937326229095665045976
0.2514823349174980195261733610
0.2515091651309700366914051739
0.2514117198133375734147566920
0.2514730936292195050912235837
0.2514755919353215065671219649
0.2517358694048224940883865832
0.2516006650141779048584537370
0.2517343751135400138925726163
0.2518110162628434396462614396
0.2519893645784328873305026088
0.2523634791003910573859390837
0.2526153055561922249923551045
0.2523775243165976424858142059
0.2524888018734747787210894859
0.2523739961057663733820886116
0.2524485232796694696132553258
0.2523568222780168740351777263
0.2524462795278626625672773431
0.2524756434954703379091048672
0.2524965535835724267605331288
0.2529763622608504009350452667
0.2529779474111962273429304757
0.2529748207834394829761060445
0.2529597530408092258744045574
0.2531628749395422892618250380
0.2529566058597043904361511143
0.2529940476245860462155247535
0.2530872038274712399714539678
0.2530447162507456642449490923
0.2530539691023499030844161512
0.2534212037103177275706467136
0.2536052679939276341747440478
0.2534356212609924160672100997
0.2534535179113017997585679896
0.2532823922492354609662076678
0.2532663865998825467912840300
0.2534985805043161082598115640
0.2535532292892446867495699985
0.2532351189224110643023051538
0.2532446150892785310806239926
0.2533891061412120466726712074
0.2535126004738194106340587657
0.2534938478737326800980684730
0.2536617110525838780171422131
0.2537678573763424063196476122
0.2538700103966819822825365972
0.2536682141470806904711407256
0.2537457197243680530702194118
0.2537467493044847369521665301
0.2539260588982546817734069384
0.2540195237646050910251714639
0.2541160326471097486664627869
0.2544746776952472907127680992
0.2545488500773802640930386123
0.2546164330936763446062377578
0.2545332569702860943441141120
0.2545197369626606739918999164
0.2543793633694659678455432100
0.2544180789549291220025233245
0.2543599815903901164750857684
0.2544326526987886491196470572
0.2543150442084413543828594885
0.2542649974002267626369690307
0.2542741476699078190494098547
0.2539751341725092128194283730
0.2538057976383919470223181283
0.2536778202359576382650276998
0.2536268121803307623168595513
0.2537233450454862212087756550
0.2535673189576494950920303934
0.2537348696473972564443489726
0.2538729657781507606843131603
0.2542778030322933800151557274
0.2544129844005963005087626184
0.2543377208475332870743739840
0.2546009283295126508806234335
0.2545648829303225035535356485
0.2548086985060371799055714957
0.2548798369920725766947544002
0.2548091070435706816394074775
0.2547165557965459281388514778
0.2545332892868376810041418716
0.2546540783777097306948485926
0.2546766329630006932385631589
0.2546335385017372509439981138
0.2547281347389864251126876664
0.2549884642691161631092462148
0.2550295815909622472991902222
0.2550131875334810708749903846
0.2550293640485301076034730734
0.2550567712953083465306586005
0.2549540200514901226067736068
0.2550383161142499544265831275
0.2549510340171970594327147339
0.2549720359186930243147785766
0.2551028361995538143254106808
0.2550592490461704055093376346
0.2550629411809439621747210445
0.2547709654972458644685535169
0.2545174186223479159626552927
0.2544760573331516709481815737
0.2546346886722705883940520800
0.2546199210171091631664706357
0.2545141378376206913168712042
0.2546482195924917334931303109
0.2546846179334970426957980259
0.2548481774833810770755447720
0.2547927775757881414976680420
0.2548568520845602903286466738
0.2547115561206326622997081029
0.2548271865716160976659468503
0.2550116274823236674884564438
0.2548137701194754098142676652
0.2546784842536336571325189729
0.2546354916308906082211663494
0.2544758932390667018861272549
0.2545967567623747461341759155
0.2543474658160236506856425220
0.2543363718581299281552124661
0.2541265638661777902654958750
0.2540560357776369774525543962
0.2540975865544554397776109806
0.2541518249377754120702261802
0.2541002830139074154508701383
0.2540922873251018229586380128
0.2540580910160675902027843525
0.2540678642651956664528386896
0.2540714128215667728741582101
0.2538625950454307658752209631
0.2537491613620602110299235792
0.2535908299510045985271834620
0.2535243836990825738360649900
0.2534869452689187132836588397
0.2534012272274041804986476309
0.2532865844967244176898237499
0.2533013316008412908379341220
0.2534081086621078723961693447
0.2534548305932704641477889952
0.2534320069720032602781298415
0.2534059434674886808040385523
0.2535129992678340211772977474
0.2532387990897460629045406282
0.2532703402096296621447456076
0.2531053903239009115089427530
0.2533387980551797442012324787
0.2533741735213873212589131554
0.2534455715437261055808673887
0.2531931685710162131920033022
0.2530164554143425268084697277
0.2531960895688548056804299155
0.2531653186231017676396224330
0.2532924323476391640543089433
0.2531932748688084968906441442
0.2532459157987307610297547580
0.2533303165650159599670463724
0.2533609406778908027079335141
0.2532853155832012989321602492
0.2532962539944077749642731017
0.2535422293340428559967896107
0.2535153220189664880148158848
0.2537186327056717470383707131
0.2537788291986868144382782600
0.2539323350663691185362811318
0.2539304650087174984932354085
0.2538700167386608727217383801
0.2537288861246884800648136537
0.2536607002349073930392286255
0.2537858054787106710066274786
0.2535895431552644419251950085
0.2536013710077748012864528781
0.2537687859453537741277164804
0.2537333375819096912076177152
0.2537631371136638742159418575
0.2537277099694353493029403324
0.2537353187592610676663326426
0.2538033237418169607079058302
0.2537615979921913167133351073
0.2536449505616207847246019528
0.2537068582408814351174018943
0.2540581606599257763677649139
0.2541117053995309031629589567
0.2540009090670945897146126665
0.2539943729526849746516703696
0.2540282239864222285153784229
0.2540781483950888434634161585
0.2542552499718704102674620424
0.2542499182117736187691423985
0.2545010299383609116530866387
0.2544369681563500185614287263
0.2544070478854957132640050541
0.2545583257995284611177564650
0.2544294898017950831970865711
0.2544228351685215449393455946
0.2544700829294937119024140799
0.2546027308660314039330591960
0.2547387349237499343816632813
0.2547364955306489559046536726
0.2547815825996418778207509146
0.2546269811539697809069812189
0.2544776360023887744147786210
0.2544310771627068157878110147
0.2543485332992509249707531025
0.2544576617106287620996331589
0.2544105875343966297831962820
0.2544513200666531253957871901
0.2544430763069049167963115381
0.2543900158730295736214251273
0.2543489995497447071784271039
0.2543735921772474920167386081
0.2544897952090675268350466169
0.2545956838315936857715310280
0.2547054413394256585073973344
0.2545128139411388624199798591
0.2544386999701943290217486323
0.2544455669097890532426524376
0.2543398093448901295492032079
0.2542437419640409715424057828
0.2541447136552596185782683451
0.2541980562604925022703814120
0.2542393273331058934488296376
0.2544155246311482479689893286
0.2543636158080938804300261717
0.2543892424860150473432464699
0.2544568337586221373381910814
0.2544040177759038981618658136
0.2544318862094949705622033310
0.2545316591115074341574921306
0.2543919580661334708803176121
0.2543800844168836433196224555
0.2543570396051481875548409198
0.2543791305681987719788525901
0.2544237496176978181362745225
0.2544925758672521824712295926
0.2543951281662324865984031707
0.2542359979913426693937200967
0.2541301642651157315246221976
0.2540365921744708500716390539
0.2539953625618952192922176809
0.2542065262694643587466128916
0.2543337901093909842443515809
0.2542750261053841064278547022
0.2542802499379646429741557226
0.2542522590999688844517186516
0.2543512055249214456735468461
0.2543727444732720622030888981
0.2541670432966402214824039213
0.2541200911136854651883344268
0.2541987204763450891454717905
0.2541480561058552379586766366
0.2541249491870010944158360262
0.2541813253848486286509475922
0.2542560624699426781179565450
0.2542890365205571214141033297
0.2541305996729720219322327188
0.2541924595787811448386715031
0.2541574025730434400655666823
0.2540182688262250562589366321
0.2540216552877617218607239507
0.2540179841492066936330440061
0.2539138817803095425450069654
0.2538618029492813834901766896
0.2539331720078251052305680325
0.2538586524876895317489731135
0.2538019264730169238804553262
0.2538107359851250479917123049
0.2537251726933929456703281908
0.2537785450862386509079615346
0.2537583523325933803003263840
0.2537895356988688417590176442
0.2538166159057283305287487131
0.2538082182850885376483958952
0.2537600366805358905196742961
0.2538794669043597701458003278
0.2537427329810955379882856423
0.2537349929810165778061884868
0.2536924170108589388524054916
0.2538097729623761124909354196
0.2538910613083640924775409101
0.2539241360020154939556822285
0.2537245286956619108606988988
0.2536358301387818036377243081
0.2536427644245583705504632342
0.2537828059866617083270704804
0.2537403778382321839222838313
0.2536780164319245915212855226
0.2537934035176395517757408842
0.2537057520768212518897646329
0.2537111978525348160311322549
0.2538004044354116790559637532
0.2538849443075706992444787354
0.2538925204915660983185218131
0.2538566988810264372524325226
0.2537566819671697872086771733
0.2538149904243952787598042024
0.2537926816736561614836054257
0.2538168553307746639404918113
0.2538382776818970566091323945
0.2538068046119463517179971148
0.2536991287899119104262947116
0.2537031147372135652539180202
0.2536895979593528643468590307
0.2538205893251253196724901849
0.2537747046471212414221158143
0.2537385918149019242624825132
0.2537818395124579734529396795
0.2538328612098409356111779141
0.2537971740303424363003982193
0.2538280513110342725680792880
0.2537520206154139031559184990
0.2537734832533215594169317740
0.2538911690692012729262604403
0.2538610100101175883293331856
0.2537514047750374936987611163
0.2537070856877133619731056385
0.2538800879043611906935602979
0.2537557470806832564947761503
0.2537137190622447716280709508
0.2537295158155949330965480488
0.2536832354762737275770735949
0.2537043310510884549846842113
0.2537957087011130296938238104
0.2538810289309864432745210271
0.2538345248896269642069429685
0.2537403355785805188343718146
0.2535994927080018637476690677
0.2535968221830144544428834887
0.2535673336153012904893223584
0.2536676513753254567152016719
0.2535851770670671164740136310
0.2535521590026400237232424930
0.2535277494229521658268602121
0.2534831873739831486271522137
0.2535040590710345384310331121
0.2535594146158776052628961673
0.2535248837094449004939535560
0.2534910266287277792564476204
0.2535323391449712425073319498
0.2534892017829501953306615823
0.2535156563571176371723713273
0.2535626015455905188514862875
