0.8995719974496806416538508321
0.2760733918574359915194336978
0.2582714602022536978310264347
0.2619122579536873035177076315
0.2634544008553078237785773963
0.2612775525101224593516858693
0.2588487459162586306581877832
0.2651509546197854109382118752
0.2616305705263309375407014712
0.2589685110637288589204701191
0.2646469701524280540208316590
0.2596970539758927491515510195
0.2579487617088705807845930668
0.2606557508182980873989100116
0.2594754561948606948380324470
0.2616593091619674173146426732
0.2624127045515178923478405272
0.2605546330498997454220158116
0.2594307956663416686921131292
0.2559816592432532626674245440
0.2523067988369263856862602098
0.2529820817385068960225597364
0.2539658366643286626085586783
0.2542926653321967845087128935
0.2556969573090414150935077305
0.2583619651888460022725350677
0.2582904356623309675102324440
0.2587671597283646271750351737
0.2573437277854194961140630578
0.2566619347933835144464714723
0.2586437881505654258184418121
0.2576557974004830966942623350
0.2592776135873323316909776597
0.2587248938041199135225460111
0.2588594005432610009708345148
0.2607153020528492756537529397
0.2596337970530814948261645603
0.2594381522868824729431240278
0.2589832697427243792989467614
0.2584681780611441421911104251
0.2590547793730967514420629532
0.2602534894094746833163504953
0.2606447521582224294332232045
0.2594747291127415310959609177
0.2588900214125000647189938717
0.2584466102683532341695238631
0.2578407635779299592490221163
0.2586427209963734134388426097
0.2569744135323926289199989306
0.2562202272693465263455744007
0.2573527920091899698670812270
0.2577324130928709529567095543
0.2586528095013409941953492096
0.2585628198207848071696054847
0.2572632727577131315620340591
0.2564965129823730162274785517
0.2571790389190579804985959572
0.2564995464084881526187022273
0.2568682242639875410414512338
0.2555626044844775171911783701
0.2564170012185398735711876112
0.2562805767283284113924362766
0.2569754662500319358135197812
0.2572308347055461626084072114
0.2575654142843235204322165670
0.2581998543842313000555666697
0.2572643543551128469740366810
0.2561786535199339770316468472
0.2563488975883382434033027297
0.2569120689040535052939909253
0.2573921146500052854692636086
0.2572693559736168587362375109
0.2564687080821256636709549612
0.2564121920620497596255998940
0.2570867716176230883279000402
0.2566986470854046114636073158
0.2563982410891638820018346035
0.2565743625110569124961510814
0.2565114507745131842952310581
0.2557992560477954853268440929
0.2559995133278136077073059621
0.2559619774587261344988815582
0.2559165474828113188954774729
0.2563522962524815546751059666
0.2563120544227811916765987774
0.2570554322684273093683730799
0.2573791902078863060391557401
0.2572741481818356487499112967
0.2570959192820151798693020921
0.2564967649617876844015893324
0.2563425657990313300297507924
0.2563611303127437581817804053
0.2559028958317945389421881385
0.2559349359455345018863670762
0.2557778582596794314969864828
0.2561328312038886494566421322
0.2561934622862984158719694093
0.2566222799493047778148376194
0.2570620605687575574472573593
0.2567949843619047124142372322
0.2567417054013680302983484831
0.2567527111807408859289771799
0.2565819183200039938541040188
0.2566951674376959226124881197
0.2560315660687903974676468244
0.2557717166527204672388276567
0.2557281183383961523241045636
0.2559328751603088906856254836
0.2562410656752906962808605593
0.2564944386951739408984240012
0.2567987258742586414860696184
0.2567115522401016477775849043
0.2565810543731104809047836917
0.2568569597283599656523139697
0.2567561523735413237697036649
0.2569738659047476382004695379
0.2570818679962041377555019532
0.2567661473876027361319222986
0.2573742819520351133291484722
0.2576248442607564091227374564
0.2573121159274807577713382932
0.2573520676146458910127772514
0.2573712539176064372849308611
0.2576077362583196746354336560
0.2578498282685795125992052928
0.2579255417935553158323147057
0.2575778975195819941634860136
0.2580241671104513074688647195
0.2584925530396028508528724868
0.2580878255597787113797526859
0.2574988276123378783625532179
0.2577283887198766853400836788
0.2574878961222863476405943075
0.2579881962253906415269723799
0.2579973000819095476765234603
0.2578801488860203663147634704
0.2580959359662632069694698500
0.2579258737681094466887700327
0.2575224274203822565600201575
0.2576421760688902211051930504
0.2577600516382671572361556428
0.2575726766578516309245394857
0.2575451120566930098631336288
0.2572453783612858378964387268
0.2572798490192502509830306463
0.2574081913190937530897571539
0.2575734062960806476452001394
0.2576275491880557177813803196
0.2577942118886780477169558103
0.2579149939233526293306031702
0.2577226915195109948685701689
0.2576865975613991770997229552
0.2578280886736246988689602429
0.2581126311794837366612766052
0.2578586385591156103244944369
0.2580171468465788146190113676
0.2577586521807953115773514390
0.2575297537847741126038645913
0.2577158975341555215346455327
0.2577185047938514195881218330
0.2573088961787530733531129902
0.2573308451735694442658021297
0.2575966446671624777598897375
0.2572245100000093048680179097
0.2571156431282388617101812855
0.2570207304774316110897475018
0.2572502050622516260526977235
0.2572942011825626440738926491
0.2574720984499135204991798142
0.2573194678808427311093701510
0.2572154151429292419393660430
0.2571818833215461432698822722
0.2571833174238254266673007123
0.2570437728033516721094380217
0.2572126510810649959731216110
0.2573123180907233616521302585
0.2571400545680937105735213303
0.2572883077232097380033463353
0.2572704601949275188538855428
0.2573359946156434152786895251
0.2573670076033819229957622357
0.2573808857010721799792313973
0.2571794002251037077370816356
0.2574723858588677810030584268
0.2575459614048231101475005466
0.2575740463763542368307778714
0.2576573264428262606683131458
0.2575845668760506030679803899
0.2575716968315467971866253735
0.2575492967378304849355278562
0.2576247398288020002022668502
0.2578098738238775848513460135
0.2576847901055077635314977993
0.2578734725122330987820805728
0.2579057369140973889835249563
0.2582497971946560892903335893
0.2579043662796596447709764003
0.2580254204468932673343298502
0.2580997061293513410416157823
0.2578204850471556085736565523
0.2578796163194953707849366653
0.2576793302384308857879123905
0.2574750669991813091151340940
0.2573587322174138387048833947
0.2571501115408006641588526462
0.2569655746073283572707888812
0.2568290842770651259557198651
0.2567220161917605936936008523
0.2569394279001410220365709517
0.2566870394651141305023638054
0.2566088434819849046548285956
0.2564393752462842033328299885
0.2562550659570757808196484752
0.2564505357916412453138839822
0.2562073616548952021119805137
0.2559792641636351703069863070
0.2561595865336153718442504077
0.2560854048677654696928781102
0.2560697013375353054228923585
0.2559597738377922170247238067
0.2558737777894427666527513390
0.2560308083082066273283382495
0.2560105766284305788085929143
0.2560817706959450538771336260
0.2561701272915728759869534003
0.2559723143103783463155919796
0.2560534788307592371742516685
0.2560178924168938333243079037
0.2560141958470915526561533510
0.2559045109014306412739350845
0.2557850216861753232734528611
0.2557601217453177807757460548
0.2559689360711781502785470573
0.2557349148468169026690413711
0.2557149884461437451616815891
0.2557296289324660218093400096
0.2557230863356965246082305017
0.2558123937081770975242667466
0.2558655586453088559106808512
0.2559217498949406562606375736
0.2559368916541812321009265177
0.2560733011650590949294661966
0.2558583418414376436031857011
0.2558526105561756034710481230
0.2559626068489738646796813062
0.2558393694672595202483867613
0.2556666354134453886176568430
0.2556579614580265074152343761
0.2555896617260499788122164192
0.2556474516553780632660979354
0.2555714349603455376811268793
0.2554502403001776111276389722
0.2557387712428664809325125379
0.2557150734070622873595941309
0.2559112642829095894919094435
0.2560368097831843424812083630
0.2559686095865555886710359049
0.2559704767244230373307357405
0.2557514679957886368370761986
0.2557650947639518300059218331
0.2556509865558313271211260625
0.2555905937245767601741071972
0.2557560354435847137311456524
0.2556604962371119365634266441
0.2556022245591455868869718069
0.2554871158116078363495423047
0.2555504388871613044074668294
0.2555569497302495513239412234
0.2555568718691162944055614748
0.2556020609486857193970862785
0.2555320443313468731656418924
0.2553496871777646159565789371
0.2552442398854438369571813746
0.2552813893226126238027199674
0.2553180633956284157364786377
0.2552933913774450713550770616
0.2551490588570346464182300669
0.2550108252293287939342122107
0.2552029100776453946866886222
0.2549813394629099886959610538
0.2550910315179966240448822322
0.2549518214907249591348585887
0.2551257280952530041771567114
0.2550650690931446414276290597
0.2550871245739172893007425921
0.2551133001954155081942522706
0.2550757485257087465703670619
0.2552102261843260520457914631
0.2551555636044458137666196852
0.2553357854148640324650430731
0.2554778490479283716342867984
0.2557473161540595140450664295
0.2557053973067687205054382772
0.2557901806743401416605671896
0.2557143127377355387570601920
0.2557001147783569045590549719
0.2556791189572809857740888923
0.2556819911530863776057713577
0.2554957465466252405280199491
0.2555363441760209690376892742
0.2555734143506261006248956555
0.2554650996650706444992471062
0.2556560510909117371079429040
0.2555104275581923190009080127
0.2555098130129781280687100539
0.2554677022570940552426328932
0.2556208580008228324978817401
0.2554667836702213738507488246
0.2554990168705297560846355175
0.2554691318937198159509349622
0.2555358507756454120048225575
0.2555155586440419372197555933
0.2554728452497882618876291441
0.2554237557488717707565356826
0.2552668795356581516156573427
0.2553085195420781185743724270
0.2551600687479685726353775124
0.2550124872840383011683655718
0.2549971869469808367193949208
0.2550668255212857425681384462
0.2549482863321124762148339041
0.2548998353168504364739600223
0.2549612178230690523190597391
0.2549402308426659222310669602
0.2549057298752354192841921420
0.2549775700938526616031822303
0.2550312161613632670887971849
0.2548786221864532288040739316
0.2547084220602360203684122941
0.2546884279149269705346272028
0.2549154848200274891789400585
0.2547941327413956109883991742
0.2547108044909722527512540771
0.2547814408486244842347053746
0.2548925620865447191109230445
0.2549206097050523587279418572
0.2549751191729864705934641078
0.2549835139204856758366513772
0.2550780163896099328640901049
0.2550951007777440663427065438
0.2550260588020247591896205035
0.2551577831833670241818213142
0.2552425270417720566734401218
0.2552228849401852992318776347
0.2552069881777194208724459666
0.2553202862341301854784029435
0.2551875685681301421676632749
0.2550958627821946769399964055
0.2550712160052728632587312881
0.2551618558923762605800419547
0.2550267509012536509707982797
0.2550137151781181520927237769
0.2551059281214637041719369153
0.2551070896354709077411442966
0.2549988520055566178250672608
0.2548708921512195126520981036
0.2548321132761128187237696736
0.2548066193066598359370250254
0.2546647193325420193041572314
0.2546739969186575747434741092
0.2545361283825363838193592136
0.2544813640674726868586338596
0.2544128408391680917803476675
0.2544874178461670149999695256
0.2543354745790838163540487811
0.2543057687543328081831041038
0.2544690901480988351825679285
0.2544802452020810746209172477
0.2546370011383957613189845974
0.2545369044175045009891200944
0.2544862433473085403888284578
0.2546159640366003113981847173
0.2546041030673132454504327073
0.2546555675363457061438228484
0.2547099193703982155020872476
0.2549248346920708284124409095
0.2550994467355095583318536703
0.2551710953115972492396187416
0.2550498566496061975306506095
0.2551384699489649447982478854
0.2551826434147013668712483840
0.2551061281021229685141053050
0.2552407007321289660884341571
0.2554243781328515007492201026
0.2554748933671114585688309750
0.2554047662224367447726810743
0.2554493988131273767578512977
0.2555428219662536371884545057
0.2555443578377435156574579758
0.2556203452861275663744371848
0.2557104464331442611322944901
0.2558471935764957109528383317
0.2559202712342775435201727651
0.2558658391771912328643138979
0.2558797217683257395603078249
0.2557969078518465743942770486
0.2558791765998963591676534533
0.2557959889141807346190739221
0.2557702271815737079889430571
0.2558157029638303136480196008
0.2558257813214725287286684294
0.2557488878571711012440147175
0.2557017532310489655915964924
0.2557123665210394459578271908
0.2557726124479777478093109416
0.2557740876850476439567622841
0.2557308325301664019718583795
0.2556857364565979474623341857
0.2557138829968758283917147430
0.2556971684460179368891968133
0.2557722646452688786480771006
0.2557745579385845972352271301
0.2558140341984648971676967622
0.2558957199900093112639887911
0.2557546654887573849979776017
0.2558134351359486118360443839
0.2556777460398028247404050399
0.2556713988925576954227559918
0.2557138482099782071452078988
0.2557362119711056989594765424
0.2556277390286658254105228898
0.2555658353331691184424224194
0.2556135200303400400252282805
0.2555250038044857279491302513
0.2555061071846092719825887289
0.2556365063907777685623479999
0.2556080470093071573362362936
0.2555049770683237004678547237
0.2554121352747087716613941507
0.2553717317121749624281010974
0.2552681000425508820587952125
0.2552403425499887421139132671
0.2551878483747966911030953287
0.2551287761892996217096836236
0.2550812979468919406117518328
0.2552080860404078138036903546
0.2553067197001538068666102963
0.2553973159697405523778953938
0.2555755156424869433092495021
0.2554124936913496623107786657
0.2554277450481906981331143234
0.2554187586986550041861093113
0.2554926333495918078024077883
0.2555207132021767642437258249
0.2555211319791555158949020398
0.2556500400413563173806691830
0.2556582428799564726780080425
0.2555679472672391642933755867
0.2554409719346916182126680711
0.2553967674612852217868954680
0.2554626386621388077818349002
0.2554735453279291735580378661
0.2555560985790373391741570826
0.2555311693560481520972704043
0.2554842705567789286018757426
0.2556156853993997596672730164
0.2555437195024836162252031753
0.2556042351075450020324762246
0.2556744096002433350205787699
0.2557555776428493661411266999
0.2558158077656936574854847935
0.2557281450345197511701086493
0.2557765575602285271413672878
0.2557214518770169539010127724
0.2557575228940167683631461945
0.2557202817592169418924623605
0.2556213869287986648934893731
0.2555735552997191005613104185
0.2556198998106077011381406498
0.2556033008742491177526330362
0.2556148129387171224788506340
0.2555467679088138223718167851
0.2555432240479132225244499824
0.2556098926099508691098195147
0.2554622256987532198630676936
0.2554746032441983793805004398
0.2556769786539569105751673217
0.2556580709594647315884435429
0.2556726714452058661724063603
0.2556675975593287669468479718
0.2556604337496601492232118592
0.2557491756307267975362080847
0.2557427398818960038992194935
0.2557551891290864662800766370
0.2557926911245246759838328621
0.2557965372274664112884385831
0.2557314249540128315242210396
0.2557603730862878468434724096
0.2557402308753486363809861177
0.2557220267085660858465003523
0.2558586160934312337206713997
0.2559403390433349028675184656
0.2559851718407111519712027482
0.2560632694999894348578153059
0.2560886438707957696877440034
0.2559896406534756690461920957
0.2561281854289968398462858015
0.2560585785020374775186447749
0.2560229434463845832864550554
0.2561489327843576406867640053
