0.00004693924823356998910396889070
0.00004693924823356998910396889070
0.00004693924823356998910396889070
0.00003880854772125863264711634777
0.00003880854772125863264711634777
0.00003880854772125863264711634777
0.00004014120538830854354364660482
0.00004014120538830854354364660482
0.00004014120538830854354364660482
0.00004095969650123703902611673369
0.00004095969650123703902611673369
0.00004095969650123703902611673369
0.00004128716432476854968557364270
0.00004128716432476854968557364270
0.00004128716432476854968557364270
0.00004204303391173643201815164076
0.00004204303391173643201815164076
0.00004204303391173643201815164076
0.00004220499104989820741803393783
0.00004220499104989820741803393783
0.00004220499104989820741803393783
0.00004284602700351958559530301182
0.00004284602700351958559530301182
0.00004284602700351958559530301182
0.00004347260024091342043080974403
0.00004347260024091342043080974403
0.00004347260024091342043080974403
0.00004347260024091342043080974403
0.00004398883457590833844375456837
0.00004398883457590833844375456837
0.00004398883457590833844375456837
0.00004388485931238240299820376143
0.00004388485931238240299820376143
0.00004388485931238240299820376143
0.00004339420674480757075410020164
0.00004339420674480757075410020164
0.00004339420674480757075410020164
0.00004337010552271547114979090783
0.00004337010552271547114979090783
0.00004337010552271547114979090783
0.00004355067614325970933418759765
0.00004355067614325970933418759765
0.00004355067614325970933418759765
0.00004277794466325642691267708607
0.00004277794466325642691267708607
0.00004277794466325642691267708607
0.00004202650801625156711174945075
0.00004202650801625156711174945075
0.00004202650801625156711174945075
0.00004250083658512618298904076653
0.00004250083658512618298904076653
0.00004250083658512618298904076653
0.00004250083658512618298904076653
0.00004360995378131237302984396543
0.00004360995378131237302984396543
0.00004360995378131237302984396543
0.00004355736898381200901169238398
0.00004355736898381200901169238398
0.00004355736898381200901169238398
0.00004323961304265297161199229309
0.00004323961304265297161199229309
0.00004323961304265297161199229309
0.00004328101133920524454253474177
0.00004328101133920524454253474177
0.00004328101133920524454253474177
0.00004365638575081509459351744209
0.00004365638575081509459351744209
0.00004365638575081509459351744209
0.00004388420249211433307057333477
0.00004388420249211433307057333477
0.00004388420249211433307057333477
0.00004480349079082328452948000089
0.00004480349079082328452948000089
0.00004480349079082328452948000089
0.00004447861902792849374558094891
0.00004447861902792849374558094891
0.00004447861902792849374558094891
0.00004447861902792849374558094891
0.00004478676461709770614315102782
0.00004478676461709770614315102782
0.00004478676461709770614315102782
0.00004568755470783945851165440994
0.00004568755470783945851165440994
0.00004568755470783945851165440994
0.00004517831094483463331558157380
0.00004517831094483463331558157380
0.00004517831094483463331558157380
0.00004501387467683289584618767288
0.00004501387467683289584618767288
0.00004501387467683289584618767288
0.00004478710020708205702854058249
0.00004478710020708205702854058249
0.00004478710020708205702854058249
0.00004452785955007082923436275454
0.00004452785955007082923436275454
0.00004452785955007082923436275454
0.00004464534396898529766189752980
0.00004464534396898529766189752980
0.00004464534396898529766189752980
0.00004481393652799136552466588410
0.00004481393652799136552466588410
0.00004481393652799136552466588410
0.00004449913783548200360573292808
0.00004449913783548200360573292808
0.00004449913783548200360573292808
0.00004449913783548200360573292808
0.00004428083300506921984258628730
0.00004428083300506921984258628730
0.00004428083300506921984258628730
0.00004398339922083519674092211048
0.00004398339922083519674092211048
0.00004398339922083519674092211048
0.00004400032425629304276344870104
0.00004400032425629304276344870104
0.00004400032425629304276344870104
0.00004370413079754131785548782747
0.00004370413079754131785548782747
0.00004370413079754131785548782747
0.00004359913061828919776706755221
0.00004359913061828919776706755221
0.00004359913061828919776706755221
0.00004393542349330337817015395721
0.00004393542349330337817015395721
0.00004393542349330337817015395721
0.00004382067931663349713912516713
0.00004382067931663349713912516713
0.00004382067931663349713912516713
0.00004374399132913745631993580478
0.00004374399132913745631993580478
0.00004374399132913745631993580478
0.00004374399132913745631993580478
0.00004364758343832445319880457195
0.00004364758343832445319880457195
0.00004364758343832445319880457195
0.00004394934150133445392126642720
0.00004394934150133445392126642720
0.00004394934150133445392126642720
0.00004373401828849327654201557224
0.00004373401828849327654201557224
0.00004373401828849327654201557224
0.00004379943754607670550147398806
0.00004379943754607670550147398806
0.00004379943754607670550147398806
0.00004350015576796178076221098465
0.00004350015576796178076221098465
0.00004350015576796178076221098465
0.00004343145549296984006722854899
0.00004343145549296984006722854899
0.00004343145549296984006722854899
0.00004340011273145067745219031851
0.00004340011273145067745219031851
0.00004340011273145067745219031851
0.00004335071198694627270590487584
0.00004335071198694627270590487584
0.00004335071198694627270590487584
0.00004335071198694627270590487584
0.00004311307574567558575493243849
0.00004311307574567558575493243849
0.00004311307574567558575493243849
0.00004322664798730906051546223103
0.00004322664798730906051546223103
0.00004322664798730906051546223103
0.00004347212255064185394842549661
0.00004347212255064185394842549661
0.00004347212255064185394842549661
0.00004341103908027260106829120236
0.00004341103908027260106829120236
0.00004341103908027260106829120236
0.00004342623740069436542153945494
0.00004342623740069436542153945494
0.00004342623740069436542153945494
0.00004335823561411348651435576811
0.00004335823561411348651435576811
0.00004335823561411348651435576811
0.00004345468975918888211081833082
0.00004345468975918888211081833082
0.00004345468975918888211081833082
0.00004320449445682149332580342077
0.00004320449445682149332580342077
0.00004320449445682149332580342077
0.00004302973250414805886853064615
0.00004302973250414805886853064615
0.00004302973250414805886853064615
0.00004302973250414805886853064615
0.00004295593266426898613090276670
0.00004295593266426898613090276670
0.00004295593266426898613090276670
0.00004308928438429938805450635554
0.00004308928438429938805450635554
0.00004308928438429938805450635554
0.00004318849955404363417179160721
0.00004318849955404363417179160721
0.00004318849955404363417179160721
0.00004313497412425090107677539880
0.00004313497412425090107677539880
0.00004313497412425090107677539880
0.00004315772358254089766428072419
0.00004315772358254089766428072419
0.00004315772358254089766428072419
0.00004317336212323632009152564644
0.00004325483227615537745281190905
0.00004325483227615537745281190905
0.00004325483227615537745281190905
0.00004325481938704414261739508894
0.00004325481938704414261739508894
0.00004325481938704414261739508894
0.00004318791044239083644818535451
0.00004318791044239083644818535451
0.00004318791044239083644818535451
0.00004323902753551493795612632531
0.00004323902753551493795612632531
0.00004323902753551493795612632531
0.00004317237431950062151067535744
0.00004317237431950062151067535744
0.00004317237431950062151067535744
0.00004299947298175239386390779487
0.00004299947298175239386390779487
0.00004299947298175239386390779487
0.00004296843090343113963741812661
0.00004296843090343113963741812661
0.00004296843090343113963741812661
0.00004296286360081570916451786251
0.00004296286360081570916451786251
0.00004296286360081570916451786251
0.00004296286360081570916451786251
0.00004295635800707568540852958557
0.00004295635800707568540852958557
0.00004295635800707568540852958557
0.00004289782713215758522073367728
0.00004289782713215758522073367728
0.00004289782713215758522073367728
0.00004296212826345748076263625007
0.00004296212826345748076263625007
0.00004296212826345748076263625007
0.00004286063542162313819042081810
0.00004286063542162313819042081810
0.00004286063542162313819042081810
0.00004298592629389709995161763250
0.00004298592629389709995161763250
0.00004298592629389709995161763250
0.00004303113251336951283245170656
0.00004303113251336951283245170656
0.00004303113251336951283245170656
0.00004306462237437981907282286527
0.00004306462237437981907282286527
0.00004306462237437981907282286527
0.00004299912010283225940411923528
0.00004299912010283225940411923528
0.00004299912010283225940411923528
0.00004299912010283225940411923528
0.00004287105386067600181927694189
0.00004287105386067600181927694189
0.00004287105386067600181927694189
0.00004300405539124384457596502797
0.00004300405539124384457596502797
0.00004300405539124384457596502797
0.00004307143091606691787797049268
0.00004307143091606691787797049268
0.00004307143091606691787797049268
0.00004316563613512007901523033862
0.00004316563613512007901523033862
0.00004316563613512007901523033862
0.00004315592802440267695724556855
0.00004315592802440267695724556855
0.00004315592802440267695724556855
0.00004326316489557167395511387804
0.00004326316489557167395511387804
0.00004326316489557167395511387804
0.00004311356471209726892360697758
0.00004311356471209726892360697758
0.00004311356471209726892360697758
0.00004321869397263367226905595887
0.00004321869397263367226905595887
0.00004321869397263367226905595887
0.00004309850919208032036455402092
0.00004309850919208032036455402092
0.00004309850919208032036455402092
0.00004309850919208032036455402092
0.00004306467421272497693567300020
0.00004306467421272497693567300020
0.00004306467421272497693567300020
0.00004320692599092510823330756670
0.00004320692599092510823330756670
0.00004320692599092510823330756670
0.00004301481583044237505502899598
0.00004301481583044237505502899598
0.00004301481583044237505502899598
0.00004300236264406500755207185049
0.00004300236264406500755207185049
0.00004300236264406500755207185049
0.00004316266137767766553652004275
0.00004316266137767766553652004275
0.00004316266137767766553652004275
0.00004302460679226634948749205710
0.00004302460679226634948749205710
0.00004302460679226634948749205710
0.00004308524702514286034606474290
0.00004308524702514286034606474290
0.00004308524702514286034606474290
0.00004311505395472094648266548526
0.00004311505395472094648266548526
0.00004311505395472094648266548526
0.00004311505395472094648266548526
0.00004320267729543955318206269876
0.00004320267729543955318206269876
0.00004320267729543955318206269876
0.00004327435223702011696025214299
0.00004327435223702011696025214299
0.00004327435223702011696025214299
0.00004327131298802961279318073282
0.00004327131298802961279318073282
0.00004327131298802961279318073282
0.00004333323625180019448287564177
0.00004333323625180019448287564177
0.00004333323625180019448287564177
0.00004332157232925488074365820601
0.00004332157232925488074365820601
0.00004332157232925488074365820601
0.00004326912105835685931486802036
0.00004326912105835685931486802036
0.00004326912105835685931486802036
0.00004337555665780379626875729767
0.00004337555665780379626875729767
0.00004337555665780379626875729767
0.00004331741664114339408140066305
0.00004331741664114339408140066305
0.00004331741664114339408140066305
0.00004331741664114339408140066305
0.00004336105531459558931179266611
0.00004336105531459558931179266611
0.00004336105531459558931179266611
0.00004333429877127055472183322812
0.00004333429877127055472183322812
0.00004333429877127055472183322812
0.00004323734946861511720553887549
0.00004323734946861511720553887549
0.00004323734946861511720553887549
0.00004321981575277798012754762081
0.00004321981575277798012754762081
0.00004321981575277798012754762081
0.00004322727292118011600992453351
0.00004322727292118011600992453351
0.00004322727292118011600992453351
0.00004324881152139557292228858991
0.00004324881152139557292228858991
0.00004324881152139557292228858991
0.00004311036663205616076957287594
0.00004311036663205616076957287594
0.00004311036663205616076957287594
0.00004320619224289792835064503871
0.00004320619224289792835064503871
0.00004320619224289792835064503871
0.00004327568938602363779407878076
0.00004327568938602363779407878076
0.00004327568938602363779407878076
0.00004327568938602363779407878076
0.00004335497812179900985927218757
0.00004335497812179900985927218757
0.00004335497812179900985927218757
0.00004326089002770375415587613718
0.00004326089002770375415587613718
0.00004326089002770375415587613718
0.00004325639425462029207898557406
0.00004325639425462029207898557406
0.00004325639425462029207898557406
0.00004328520277793127688419285230
0.00004328520277793127688419285230
0.00004328520277793127688419285230
0.00004352472412897051217121221797
0.00004352472412897051217121221797
0.00004352472412897051217121221797
0.00004357380388079090103290747744
0.00004357380388079090103290747744
0.00004357380388079090103290747744
0.00004369790220823784104719695893
0.00004369790220823784104719695893
0.00004369790220823784104719695893
0.00004374075620068021399146659148
0.00004374075620068021399146659148
0.00004374075620068021399146659148
0.00004374075620068021399146659148
0.00004377582091422191316747770842
0.00004377582091422191316747770842
0.00004377582091422191316747770842
0.00004382074735516467507176579053
0.00004382074735516467507176579053
0.00004382074735516467507176579053
0.00004370165189419017228338777139
0.00004370165189419017228338777139
0.00004370165189419017228338777139
0.00004393401942993990895722926932
0.00004393401942993990895722926932
0.00004393401942993990895722926932
0.00004395334366669051457987405299
0.00004395334366669051457987405299
0.00004395334366669051457987405299
0.00004393516378791659457995559346
0.00004393516378791659457995559346
0.00004393516378791659457995559346
0.00004384541964026170836278907070
0.00004384541964026170836278907070
0.00004384541964026170836278907070
0.00004383753840191053225271394554
0.00004383753840191053225271394554
0.00004383753840191053225271394554
0.00004383753840191053225271394554
0.00004377661940247640653281952755
0.00004377661940247640653281952755
0.00004377661940247640653281952755
0.00004379757133825534864111084163
0.00004379757133825534864111084163
0.00004379757133825534864111084163
0.00004376873994695083687125115007
0.00004376873994695083687125115007
0.00004376873994695083687125115007
0.00004365381358677396910272738953
0.00004365381358677396910272738953
0.00004365381358677396910272738953
0.00004367615082142450588071688054
0.00004367615082142450588071688054
0.00004367615082142450588071688054
0.00004371927856330049437575851282
0.00004371927856330049437575851282
0.00004371927856330049437575851282
0.00004363922017020005978023284977
0.00004363922017020005978023284977
0.00004363922017020005978023284977
0.00004369855162714032737581918318
0.00004369855162714032737581918318
0.00004369855162714032737581918318
0.00004373195141171656172903134230
0.00004373195141171656172903134230
0.00004373195141171656172903134230
0.00004373195141171656172903134230
0.00004368696821647873037512217143
0.00004368696821647873037512217143
0.00004368696821647873037512217143
0.00004366472126516056337482464680
0.00004366472126516056337482464680
0.00004366472126516056337482464680
0.00004359147504547348770080240117
0.00004359147504547348770080240117
0.00004359147504547348770080240117
0.00004361984743960817534920363063
0.00004361984743960817534920363063
0.00004361984743960817534920363063
0.00004373079947807108834218944325
0.00004373079947807108834218944325
0.00004373079947807108834218944325
0.00004373079947807108834218944325
0.00004375703488455380116235321185
0.00004375703488455380116235321185
0.00004375703488455380116235321185
0.00004390492230396646298809189951
0.00004390492230396646298809189951
0.00004390492230396646298809189951
0.00004385787690407161447302784272
0.00004385787690407161447302784272
0.00004385787690407161447302784272
0.00004390098851464271225015122541
0.00004390098851464271225015122541
0.00004390098851464271225015122541
0.00004381868848940562680444436334
0.00004381868848940562680444436334
0.00004381868848940562680444436334
0.00004389700409637244018116597738
0.00004389700409637244018116597738
0.00004389700409637244018116597738
0.00004386827683598275116259281903
0.00004386827683598275116259281903
0.00004386827683598275116259281903
0.00004380996646981230927380900853
0.00004380996646981230927380900853
0.00004380996646981230927380900853
0.00004380996646981230927380900853
0.00004370833727044250078946437312
0.00004370833727044250078946437312
0.00004370833727044250078946437312
0.00004372558366734569476185232858
0.00004372558366734569476185232858
0.00004372558366734569476185232858
0.00004374750265612918912580837218
0.00004374750265612918912580837218
0.00004374750265612918912580837218
0.00004383794133783701246672304122
0.00004383794133783701246672304122
0.00004383794133783701246672304122
0.00004393882495304867274912950556
0.00004393882495304867274912950556
0.00004393882495304867274912950556
0.00004394907536979535231736722706
0.00004394907536979535231736722706
0.00004394907536979535231736722706
0.00004403963965820876485199030657
0.00004403963965820876485199030657
0.00004403963965820876485199030657
0.00004406108062607617415329215571
0.00004406108062607617415329215571
0.00004406108062607617415329215571
0.00004406108062607617415329215571
0.00004412575950108182251868197855
0.00004412575950108182251868197855
0.00004412575950108182251868197855
0.00004416310883579851058652761922
0.00004416310883579851058652761922
0.00004416310883579851058652761922
0.00004421124159063140355547558513
0.00004421124159063140355547558513
0.00004421124159063140355547558513
0.00004415462348745437329105658470
0.00004415462348745437329105658470
0.00004415462348745437329105658470
0.00004407842876510008357417723466
0.00004407842876510008357417723466
0.00004407842876510008357417723466
0.00004415330845365504717257979416
0.00004415330845365504717257979416
0.00004415330845365504717257979416
0.00004414398769139722627545973334
0.00004414398769139722627545973334
0.00004414398769139722627545973334
0.00004413391013732817110987540559
0.00004413391013732817110987540559
0.00004413391013732817110987540559
0.00004417752407177459875335199956
0.00004417752407177459875335199956
0.00004417752407177459875335199956
0.00004417752407177459875335199956
0.00004412842302785974450024300129
0.00004412842302785974450024300129
0.00004412842302785974450024300129
0.00004418866861536232379118092043
0.00004418866861536232379118092043
0.00004418866861536232379118092043
0.00004416248914226229717560768266
0.00004416248914226229717560768266
0.00004416248914226229717560768266
0.00004422188452748530401426592434
0.00004422188452748530401426592434
0.00004422188452748530401426592434
0.00004425548372548135735890268020
0.00004425548372548135735890268020
0.00004425548372548135735890268020
0.00004418991608952259335180570430
0.00004418991608952259335180570430
0.00004418991608952259335180570430
0.00004416616475705068108772637851
0.00004416616475705068108772637851
0.00004416616475705068108772637851
0.00004426405670143380963831957851
0.00004426405670143380963831957851
0.00004426405670143380963831957851
0.00004426405670143380963831957851
0.00004419980934796951567920799686
0.00004419980934796951567920799686
0.00004419980934796951567920799686
0.00004425632227584930369842206878
0.00004425632227584930369842206878
0.00004425632227584930369842206878
0.00004438513346751898163752911920
0.00004438513346751898163752911920
0.00004438513346751898163752911920
0.00004436239479788619262505039045
0.00004436239479788619262505039045
0.00004436239479788619262505039045
0.00004433875209488644431162580159
0.00004433875209488644431162580159
0.00004433875209488644431162580159
0.00004428546338978328255605264479
0.00004428546338978328255605264479
0.00004428546338978328255605264479
0.00004427871806514902967537078278
0.00004427871806514902967537078278
0.00004427871806514902967537078278
0.00004425068233938202802059421750
0.00004425068233938202802059421750
0.00004425068233938202802059421750
0.00004425068233938202802059421750
0.00004424944064771449771303803783
0.00004424944064771449771303803783
0.00004424944064771449771303803783
0.00004424290661672485190415376465
0.00004424290661672485190415376465
0.00004424290661672485190415376465
0.00004432230886903013750804100632
0.00004432230886903013750804100632
0.00004432230886903013750804100632
0.00004434935150320427295616906721
0.00004434935150320427295616906721
0.00004434935150320427295616906721
0.00004435974646314278801099657626
0.00004435974646314278801099657626
0.00004435974646314278801099657626
0.00004437357303167923551976238559
0.00004437357303167923551976238559
0.00004437357303167923551976238559
0.00004437485753411760458406162843
0.00004437485753411760458406162843
0.00004437485753411760458406162843
0.00004436773302494332364701339060
0.00004436773302494332364701339060
0.00004436773302494332364701339060
0.00004435096197215858198512918125
0.00004435096197215858198512918125
0.00004435096197215858198512918125
0.00004435096197215858198512918125
0.00004444136807086969112329636879
0.00004444136807086969112329636879
0.00004444136807086969112329636879
0.00004443062956112824173404483933
0.00004443062956112824173404483933
0.00004443062956112824173404483933
0.00004442229108087372226379426572
0.00004442229108087372226379426572
0.00004442229108087372226379426572
0.00004441334677999331097607787240
0.00004441334677999331097607787240
0.00004441334677999331097607787240
0.00004438839696837179390016818756
0.00004438839696837179390016818756
0.00004438839696837179390016818756
0.00004445636998157705753418258401
0.00004445636998157705753418258401
0.00004445636998157705753418258401
0.00004442141607205521735552734145
0.00004442141607205521735552734145
0.00004442141607205521735552734145
0.00004439245327399617727956250728
0.00004439245327399617727956250728
0.00004439245327399617727956250728
0.00004439245327399617727956250728
0.00004437797727327477131903360851
0.00004437797727327477131903360851
0.00004437797727327477131903360851
0.00004443892097503327225075611101
0.00004443892097503327225075611101
0.00004443892097503327225075611101
0.00004441277254379835893147072151
0.00004441277254379835893147072151
0.00004441277254379835893147072151
0.00004438694848396640237717128137
0.00004438694848396640237717128137
0.00004438694848396640237717128137
0.00004440366222992753482250787644
0.00004440366222992753482250787644
0.00004440366222992753482250787644
0.00004439018939518650618821024945
0.00004439018939518650618821024945
0.00004439018939518650618821024945
0.00004443543358232997838141117219
0.00004443543358232997838141117219
0.00004443543358232997838141117219
0.00004444552257387074239054470846
0.00004444552257387074239054470846
0.00004444552257387074239054470846
0.00004444552257387074239054470846
0.00004451281962613606536259578443
0.00004451281962613606536259578443
0.00004451281962613606536259578443
0.00004454770134270549380890232784
0.00004454770134270549380890232784
0.00004454770134270549380890232784
0.00004453336288400644923047953576
0.00004453336288400644923047953576
0.00004453336288400644923047953576
0.00004455771320800626984717195332
0.00004455771320800626984717195332
0.00004455771320800626984717195332
0.00004458951919093613910598798263
0.00004458951919093613910598798263
0.00004458951919093613910598798263
0.00004468450130142723999935097626
0.00004468450130142723999935097626
0.00004468450130142723999935097626
0.00004467418102153314356079188177
0.00004467418102153314356079188177
0.00004467418102153314356079188177
0.00004473657804519891203215793562
0.00004473657804519891203215793562
0.00004473657804519891203215793562
0.00004474614128542495652510786510
0.00004474614128542495652510786510
0.00004474614128542495652510786510
0.00004474614128542495652510786510
0.00004469433655166029282882392730
0.00004469433655166029282882392730
0.00004469433655166029282882392730
0.00004467267997459090779272633181
0.00004467267997459090779272633181
0.00004467267997459090779272633181
0.00004476773375250944398604521521
0.00004476773375250944398604521521
0.00004476773375250944398604521521
0.00004476192526491127421154297307
0.00004476192526491127421154297307
0.00004476192526491127421154297307
0.00004472945317124623178998376602
0.00004472945317124623178998376602
0.00004472945317124623178998376602
0.00004472945317124623178998376602
0.00004474181431149508967732347170
0.00004474181431149508967732347170
0.00004474181431149508967732347170
0.00004472083942479576304478954482
0.00004472083942479576304478954482
0.00004472083942479576304478954482
0.00004473888324144758080361135528
0.00004473888324144758080361135528
0.00004473888324144758080361135528
0.00004465740892505347724149127440
0.00004465740892505347724149127440
0.00004465740892505347724149127440
0.00004467217717490523910027799806
0.00004467217717490523910027799806
0.00004467217717490523910027799806
0.00004473643566477732009751568699
0.00004473643566477732009751568699
0.00004473643566477732009751568699
0.00004472697292640062578500604317
0.00004472697292640062578500604317
0.00004472697292640062578500604317
0.00004470613846907282981431915042
0.00004470613846907282981431915042
0.00004470613846907282981431915042
0.00004470613846907282981431915042
0.00004470012249181009736790013630
0.00004470012249181009736790013630
0.00004470012249181009736790013630
0.00004466853926947646791623195675
0.00004466853926947646791623195675
0.00004466853926947646791623195675
0.00004465168059088280233275993540
0.00004465168059088280233275993540
0.00004465168059088280233275993540
0.00004464916009509860421679936861
0.00004464916009509860421679936861
0.00004464916009509860421679936861
0.00004461995026991436055307387097
0.00004461995026991436055307387097
0.00004461995026991436055307387097
0.00004463118854061086221399925252
0.00004463118854061086221399925252
0.00004463118854061086221399925252
0.00004464808243068368812486265867
0.00004464808243068368812486265867
0.00004464808243068368812486265867
0.00004461417090207067558790913144
0.00004461417090207067558790913144
0.00004461417090207067558790913144
0.00004461417090207067558790913144
