0.00003655303507704290914062802959
0.00003655303507704290914062802959
0.00003655303507704290914062802959
0.00003997506376583078297395099028
0.00003997506376583078297395099028
0.00003997506376583078297395099028
0.00004197541284486731133653165129
0.00004197541284486731133653165129
0.00004197541284486731133653165129
0.00004170054018521707278108735644
0.00004170054018521707278108735644
0.00004170054018521707278108735644
0.00004233009408363955793999767828
0.00004233009408363955793999767828
0.00004233009408363955793999767828
0.00004521864732705148206321046885
0.00004521864732705148206321046885
0.00004521864732705148206321046885
0.00004746973468229113646263124410
0.00004746973468229113646263124410
0.00004746973468229113646263124410
0.00004725030462568062333616865761
0.00004725030462568062333616865761
0.00004725030462568062333616865761
0.00004760170911041006930109787488
0.00004760170911041006930109787488
0.00004760170911041006930109787488
0.00004760170911041006930109787488
0.00004687714071414861228073519393
0.00004687714071414861228073519393
0.00004687714071414861228073519393
0.00004706028273616886322882381324
0.00004706028273616886322882381324
0.00004706028273616886322882381324
0.00004747213523713008691432356534
0.00004747213523713008691432356534
0.00004747213523713008691432356534
0.00004684911428041762824062247733
0.00004684911428041762824062247733
0.00004684911428041762824062247733
0.00004686220208371838629666208305
0.00004686220208371838629666208305
0.00004686220208371838629666208305
0.00004661318687798033455181351262
0.00004661318687798033455181351262
0.00004661318687798033455181351262
0.00004665232100230306584154264820
0.00004665232100230306584154264820
0.00004665232100230306584154264820
0.00004617197236887210359972232916
0.00004617197236887210359972232916
0.00004617197236887210359972232916
0.00004617197236887210359972232916
0.00004527863441964271172424783934
0.00004527863441964271172424783934
0.00004527863441964271172424783934
0.00004561396863700915100355154456
0.00004561396863700915100355154456
0.00004561396863700915100355154456
0.00004551847702701576730094283586
0.00004551847702701576730094283586
0.00004551847702701576730094283586
0.00004588648903101471301703748013
0.00004588648903101471301703748013
0.00004588648903101471301703748013
0.00004571377300357247388055970476
0.00004571377300357247388055970476
0.00004571377300357247388055970476
0.00004589330620706220168284825522
0.00004589330620706220168284825522
0.00004589330620706220168284825522
0.00004579411458802251946040570765
0.00004579411458802251946040570765
0.00004579411458802251946040570765
0.00004606584914664770519889291884
0.00004606584914664770519889291884
0.00004606584914664770519889291884
0.00004606584914664770519889291884
0.00004666214063388823774533501855
0.00004666214063388823774533501855
0.00004666214063388823774533501855
0.00004690367144992463517584506293
0.00004690367144992463517584506293
0.00004690367144992463517584506293
0.00004673031672879710574615111232
0.00004673031672879710574615111232
0.00004673031672879710574615111232
0.00004667608481034084829697811749
0.00004667608481034084829697811749
0.00004667608481034084829697811749
0.00004677838208163562096638052756
0.00004677838208163562096638052756
0.00004677838208163562096638052756
0.00004762825640391447695047383203
0.00004762825640391447695047383203
0.00004762825640391447695047383203
0.00004764417656855541199026488781
0.00004764417656855541199026488781
0.00004764417656855541199026488781
0.00004739347898411545317157977651
0.00004739347898411545317157977651
0.00004739347898411545317157977651
0.00004795231531043479874541191476
0.00004795231531043479874541191476
0.00004795231531043479874541191476
0.00004795231531043479874541191476
0.00004807307464554391021613114387
0.00004807307464554391021613114387
0.00004807307464554391021613114387
0.00004811731558384980349922335887
0.00004811731558384980349922335887
0.00004811731558384980349922335887
0.00004821663368170904642585180527
0.00004821663368170904642585180527
0.00004821663368170904642585180527
0.00004846318192818789333803032748
0.00004846318192818789333803032748
0.00004846318192818789333803032748
0.00004827767897838348700129796297
0.00004827767897838348700129796297
0.00004827767897838348700129796297
0.00004807794163785542819178589573
0.00004807794163785542819178589573
0.00004807794163785542819178589573
0.00004782451688649396713470526023
0.00004782451688649396713470526023
0.00004782451688649396713470526023
0.00004793697917238275484515613678
0.00004793697917238275484515613678
0.00004793697917238275484515613678
0.00004793697917238275484515613678
0.00004764956995790956859826707873
0.00004764956995790956859826707873
0.00004764956995790956859826707873
0.00004767816944254652011034084609
0.00004767816944254652011034084609
0.00004767816944254652011034084609
0.00004746741367039654022667515211
0.00004746741367039654022667515211
0.00004746741367039654022667515211
0.00004727584324033261938061006625
0.00004727584324033261938061006625
0.00004727584324033261938061006625
0.00004707782763022057408302330836
0.00004707782763022057408302330836
0.00004707782763022057408302330836
0.00004709507069020643677115508338
0.00004709507069020643677115508338
0.00004709507069020643677115508338
0.00004695464116950405988387434432
0.00004695464116950405988387434432
0.00004695464116950405988387434432
0.00004667029424183476004664218470
0.00004667029424183476004664218470
0.00004667029424183476004664218470
0.00004667029424183476004664218470
0.00004640680867415894207673905091
0.00004640680867415894207673905091
0.00004640680867415894207673905091
0.00004655457577495930452219173559
0.00004655457577495930452219173559
0.00004655457577495930452219173559
0.00004679283790993843589141863931
0.00004679283790993843589141863931
0.00004679283790993843589141863931
0.00004659996588218327254914436661
0.00004659996588218327254914436661
0.00004659996588218327254914436661
0.00004673658190670730282193755063
0.00004673658190670730282193755063
0.00004673658190670730282193755063
0.00004662366952419065960088072754
0.00004662366952419065960088072754
0.00004662366952419065960088072754
0.00004665459618076978881217176413
0.00004665459618076978881217176413
0.00004665459618076978881217176413
0.00004659046416657726161140948402
0.00004659046416657726161140948402
0.00004659046416657726161140948402
0.00004641628488914081331863875207
0.00004641628488914081331863875207
0.00004641628488914081331863875207
0.00004641628488914081331863875207
0.00004631427957515494185693386148
0.00004631427957515494185693386148
0.00004631427957515494185693386148
0.00004610474272421620303836882315
0.00004610474272421620303836882315
0.00004610474272421620303836882315
0.00004599746273823203294663893016
0.00004599746273823203294663893016
0.00004599746273823203294663893016
0.00004595636714801388368388390261
0.00004595636714801388368388390261
0.00004595636714801388368388390261
0.00004573338625428634809826108605
0.00004573338625428634809826108605
0.00004573338625428634809826108605
0.00004573338625428634809826108605
0.00004584038125174769073604960503
0.00004584038125174769073604960503
0.00004584038125174769073604960503
0.00004602000522236341317649965849
0.00004602000522236341317649965849
0.00004602000522236341317649965849
0.00004597139234285105705325368713
0.00004597139234285105705325368713
0.00004597139234285105705325368713
0.00004600755524330420964706281748
0.00004600755524330420964706281748
0.00004600755524330420964706281748
0.00004587505114876696260119850441
0.00004587505114876696260119850441
0.00004587505114876696260119850441
0.00004586151409832284661910380914
0.00004586151409832284661910380914
0.00004586151409832284661910380914
0.00004593128910294226043251633328
0.00004593128910294226043251633328
0.00004593128910294226043251633328
0.00004590714669239834568122214036
0.00004590714669239834568122214036
0.00004590714669239834568122214036
0.00004590714669239834568122214036
0.00004589865699953487694558019868
0.00004589865699953487694558019868
0.00004589865699953487694558019868
0.00004578266646510800948913254155
0.00004578266646510800948913254155
0.00004578266646510800948913254155
0.00004580404821053736589792066471
0.00004580404821053736589792066471
0.00004580404821053736589792066471
0.00004573436503935052027215313982
0.00004573436503935052027215313982
0.00004573436503935052027215313982
0.00004599792391566981325674839298
0.00004599792391566981325674839298
0.00004599792391566981325674839298
0.00004599830418377251835864524298
0.00004599830418377251835864524298
0.00004599830418377251835864524298
0.00004605499329080764617733428971
0.00004605499329080764617733428971
0.00004605499329080764617733428971
0.00004615813160686254988647937033
0.00004615813160686254988647937033
0.00004615813160686254988647937033
0.00004615813160686254988647937033
0.00004622136971760645621511727664
0.00004622136971760645621511727664
0.00004622136971760645621511727664
0.00004605135751554132140512448340
0.00004605135751554132140512448340
0.00004605135751554132140512448340
0.00004609735128439049381590235168
0.00004609735128439049381590235168
0.00004609735128439049381590235168
0.00004613965325904531464298278160
0.00004613965325904531464298278160
0.00004613965325904531464298278160
0.00004597755871866472746933276042
0.00004597755871866472746933276042
0.00004597755871866472746933276042
0.00004596529230954827023349040955
0.00004596529230954827023349040955
0.00004596529230954827023349040955
0.00004572474463325029595070266256
0.00004572474463325029595070266256
0.00004572474463325029595070266256
0.00004581728882997267093501781043
0.00004581728882997267093501781043
0.00004581728882997267093501781043
0.00004583032086024608179969679634
0.00004583032086024608179969679634
0.00004583032086024608179969679634
0.00004583032086024608179969679634
0.00004576143786934841161756233454
0.00004576143786934841161756233454
0.00004576143786934841161756233454
0.00004552742439978082254536236888
0.00004552742439978082254536236888
0.00004552742439978082254536236888
0.00004538036709378373038584180085
0.00004538036709378373038584180085
0.00004538036709378373038584180085
0.00004535888108903376692110579001
0.00004535888108903376692110579001
0.00004535888108903376692110579001
0.00004529523930497821818294421610
0.00004529523930497821818294421610
0.00004529523930497821818294421610
0.00004523776147049144465319322080
0.00004523776147049144465319322080
0.00004523776147049144465319322080
0.00004517634063209416715788124816
0.00004517634063209416715788124816
0.00004517634063209416715788124816
0.00004505503180515067777794675328
0.00004505503180515067777794675328
0.00004505503180515067777794675328
0.00004505503180515067777794675328
0.00004516644227917607126950875429
0.00004516644227917607126950875429
0.00004516644227917607126950875429
0.00004514999250832281115922130275
0.00004514999250832281115922130275
0.00004514999250832281115922130275
0.00004515327763929849650893680876
0.00004515327763929849650893680876
0.00004515327763929849650893680876
0.00004520162861524657836846507086
0.00004520162861524657836846507086
0.00004520162861524657836846507086
0.00004530649299047680004301861419
0.00004530649299047680004301861419
0.00004530649299047680004301861419
0.00004540375966791993774386675708
0.00004540375966791993774386675708
0.00004540375966791993774386675708
0.00004538916039466805880597567153
0.00004538916039466805880597567153
0.00004538916039466805880597567153
0.00004535143579734005376769989333
0.00004535143579734005376769989333
0.00004535143579734005376769989333
0.00004535143579734005376769989333
0.00004532997308389990209464014099
0.00004532997308389990209464014099
0.00004532997308389990209464014099
0.00004526418168963152799948532251
0.00004526418168963152799948532251
0.00004526418168963152799948532251
0.00004525142382368155898317805248
0.00004525142382368155898317805248
0.00004525142382368155898317805248
0.00004522190420646400783782621296
0.00004522190420646400783782621296
0.00004522190420646400783782621296
0.00004517219787918724224965040594
0.00004517219787918724224965040594
0.00004517219787918724224965040594
0.00004504298169798672148036114222
0.00004504298169798672148036114222
0.00004504298169798672148036114222
0.00004497153900115831621744190195
0.00004497153900115831621744190195
0.00004497153900115831621744190195
0.00004493409636743958382869064371
0.00004493409636743958382869064371
0.00004493409636743958382869064371
0.00004492502511444074918991154684
0.00004492502511444074918991154684
0.00004492502511444074918991154684
0.00004492502511444074918991154684
0.00004497999858552837495479243108
0.00004497999858552837495479243108
0.00004497999858552837495479243108
0.00004491787934864290183302409829
0.00004491787934864290183302409829
0.00004491787934864290183302409829
0.00004483819520287905074272280036
0.00004483819520287905074272280036
0.00004483819520287905074272280036
0.00004489772367303197818251123133
0.00004489772367303197818251123133
0.00004489772367303197818251123133
0.00004481532221092793598291272818
0.00004481532221092793598291272818
0.00004481532221092793598291272818
0.00004496640174758867934542399353
0.00004496640174758867934542399353
0.00004496640174758867934542399353
0.00004488624608072656233128768033
0.00004488624608072656233128768033
0.00004488624608072656233128768033
0.00004490500883074266549973654416
0.00004490500883074266549973654416
0.00004490500883074266549973654416
0.00004490500883074266549973654416
0.00004490745944845423772275563393
0.00004490745944845423772275563393
0.00004490745944845423772275563393
0.00004473744390507542635036239359
0.00004473744390507542635036239359
0.00004473744390507542635036239359
0.00004468276157571696298475781995
0.00004468276157571696298475781995
0.00004468276157571696298475781995
0.00004460701387923419144027884864
0.00004460701387923419144027884864
0.00004460701387923419144027884864
0.00004461564832225262933008015892
0.00004461564832225262933008015892
0.00004461564832225262933008015892
0.00004463524409628612069300919205
0.00004463524409628612069300919205
0.00004463524409628612069300919205
0.00004461203833445534093362037567
0.00004461203833445534093362037567
0.00004461203833445534093362037567
0.00004453632789358310128348515336
0.00004453632789358310128348515336
0.00004453632789358310128348515336
0.00004453632789358310128348515336
0.00004444038172817703476033691601
0.00004444038172817703476033691601
0.00004444038172817703476033691601
0.00004436222894812142923223836623
0.00004436222894812142923223836623
0.00004436222894812142923223836623
0.00004430726420290480758546302191
0.00004430726420290480758546302191
0.00004430726420290480758546302191
0.00004423994114817275068434888445
0.00004423994114817275068434888445
0.00004423994114817275068434888445
0.00004421835642862116375898051537
0.00004421835642862116375898051537
0.00004421835642862116375898051537
0.00004423604821893925216954042577
0.00004423604821893925216954042577
0.00004423604821893925216954042577
0.00004416042262463234286184934482
0.00004416042262463234286184934482
0.00004416042262463234286184934482
0.00004402364457349321016062622682
0.00004402364457349321016062622682
0.00004402364457349321016062622682
0.00004401645024688533865639082110
0.00004401645024688533865639082110
0.00004401645024688533865639082110
0.00004401645024688533865639082110
0.00004401634941100305684124409329
0.00004401634941100305684124409329
0.00004401634941100305684124409329
0.00004406197919740960445643099702
0.00004406197919740960445643099702
0.00004406197919740960445643099702
0.00004409383212499222846553748258
0.00004409383212499222846553748258
0.00004409383212499222846553748258
0.00004413360577870545031457783871
0.00004413360577870545031457783871
0.00004413360577870545031457783871
0.00004415228422002490664852087933
0.00004415228422002490664852087933
0.00004415228422002490664852087933
0.00004412788334948037273786904429
0.00004414577758250811362266592692
0.00004414577758250811362266592692
0.00004414577758250811362266592692
0.00004412030104034719791525934343
0.00004412030104034719791525934343
0.00004412030104034719791525934343
0.00004407797398661811958746090246
0.00004407797398661811958746090246
0.00004407797398661811958746090246
0.00004410443973297990641276996974
0.00004410443973297990641276996974
0.00004410443973297990641276996974
0.00004404017732713909401360968090
0.00004404017732713909401360968090
0.00004404017732713909401360968090
0.00004398746444528031228078586954
0.00004398746444528031228078586954
0.00004398746444528031228078586954
0.00004407183093559660533461104037
0.00004407183093559660533461104037
0.00004407183093559660533461104037
0.00004419524428657048921392345819
0.00004419524428657048921392345819
0.00004419524428657048921392345819
0.00004419524428657048921392345819
0.00004416849500838171020155288714
0.00004416849500838171020155288714
0.00004416849500838171020155288714
0.00004412351545142821885697264183
0.00004412351545142821885697264183
0.00004412351545142821885697264183
0.00004411734346610277605170851674
0.00004411734346610277605170851674
0.00004411734346610277605170851674
0.00004408193274448169909532039727
0.00004408193274448169909532039727
0.00004408193274448169909532039727
0.00004408018489212092326054695189
0.00004408018489212092326054695189
0.00004408018489212092326054695189
0.00004403870074034654043209479419
0.00004403870074034654043209479419
0.00004403870074034654043209479419
0.00004409991867375541040469740147
0.00004409991867375541040469740147
0.00004409991867375541040469740147
0.00004409477697501392700610625522
0.00004409477697501392700610625522
0.00004409477697501392700610625522
0.00004409477697501392700610625522
0.00004415173082925553690183903386
0.00004415173082925553690183903386
0.00004415173082925553690183903386
0.00004410180289151595638695828571
0.00004410180289151595638695828571
0.00004410180289151595638695828571
0.00004405429543302598203909538875
0.00004405429543302598203909538875
0.00004405429543302598203909538875
0.00004413075185308973476511244813
0.00004413075185308973476511244813
0.00004413075185308973476511244813
0.00004411079462027469320475754374
0.00004411079462027469320475754374
0.00004411079462027469320475754374
0.00004411025250347383974078768509
0.00004411025250347383974078768509
0.00004411025250347383974078768509
0.00004405900623727038828663495248
0.00004405900623727038828663495248
0.00004405900623727038828663495248
0.00004404796958299129714276999684
0.00004404796958299129714276999684
0.00004404796958299129714276999684
0.00004399408973059669281663821276
0.00004399408973059669281663821276
0.00004399408973059669281663821276
0.00004399408973059669281663821276
0.00004397475162971023975707611511
0.00004397475162971023975707611511
0.00004397475162971023975707611511
0.00004400856663065219214637244587
0.00004400856663065219214637244587
0.00004400856663065219214637244587
0.00004402038127257034923888473040
0.00004402038127257034923888473040
0.00004402038127257034923888473040
0.00004402583698389999936433210698
0.00004402583698389999936433210698
0.00004402583698389999936433210698
0.00004412023236651438327414248244
0.00004412023236651438327414248244
0.00004412023236651438327414248244
0.00004403496576515357654714435635
0.00004403496576515357654714435635
0.00004403496576515357654714435635
0.00004407818208743165857259635730
0.00004407818208743165857259635730
0.00004407818208743165857259635730
0.00004405265852242733357997225266
0.00004405265852242733357997225266
0.00004405265852242733357997225266
0.00004405265852242733357997225266
0.00004405253843975238543074254935
0.00004405253843975238543074254935
0.00004405253843975238543074254935
0.00004406563453436748201997562199
0.00004406563453436748201997562199
0.00004406563453436748201997562199
0.00004408832769452886613905798144
0.00004408832769452886613905798144
0.00004408832769452886613905798144
0.00004399227710185645921336953621
0.00004399227710185645921336953621
0.00004399227710185645921336953621
0.00004400243373456717659545941876
0.00004400243373456717659545941876
0.00004400243373456717659545941876
0.00004408719099510587976733463461
0.00004408719099510587976733463461
0.00004408719099510587976733463461
0.00004405327330830451042258051222
0.00004405327330830451042258051222
0.00004405327330830451042258051222
0.00004399325053730925047473175223
0.00004399325053730925047473175223
0.00004399325053730925047473175223
0.00004399325053730925047473175223
0.00004394818785319180500545900440
0.00004394818785319180500545900440
0.00004394818785319180500545900440
0.00004394964194786086659211847371
0.00004394964194786086659211847371
0.00004394964194786086659211847371
0.00004401117471057916930174198345
0.00004401117471057916930174198345
0.00004401117471057916930174198345
0.00004390602494392216039920682107
0.00004390602494392216039920682107
0.00004390602494392216039920682107
0.00004393538609732761286794217314
0.00004393538609732761286794217314
0.00004393538609732761286794217314
0.00004392900491827976051707117088
0.00004392900491827976051707117088
0.00004392900491827976051707117088
0.00004389515500530802676979256029
0.00004389515500530802676979256029
0.00004389515500530802676979256029
0.00004388889284177142730660736066
0.00004388889284177142730660736066
0.00004388889284177142730660736066
0.00004393240142977617828893427664
0.00004393240142977617828893427664
0.00004393240142977617828893427664
0.00004393240142977617828893427664
0.00004388519202181285659674666637
0.00004388519202181285659674666637
0.00004388519202181285659674666637
0.00004391606039839743728598231018
0.00004391606039839743728598231018
0.00004391606039839743728598231018
0.00004387550818088312483282526794
0.00004387550818088312483282526794
0.00004387550818088312483282526794
0.00004397074801240378028767308291
0.00004397074801240378028767308291
0.00004397074801240378028767308291
0.00004395803935159833785897975062
0.00004395803935159833785897975062
0.00004395803935159833785897975062
0.00004387489819087536117088718960
0.00004387489819087536117088718960
0.00004387489819087536117088718960
0.00004391427683192304649587675503
0.00004391427683192304649587675503
0.00004391427683192304649587675503
0.00004391585368174980178727966584
0.00004391585368174980178727966584
0.00004391585368174980178727966584
0.00004391585368174980178727966584
0.00004387217155600427366228594381
0.00004387217155600427366228594381
0.00004387217155600427366228594381
0.00004392440837219343847917147172
0.00004392440837219343847917147172
0.00004392440837219343847917147172
0.00004387773516471309177044110789
0.00004387773516471309177044110789
0.00004387773516471309177044110789
0.00004384026615610140073171833242
0.00004384026615610140073171833242
0.00004384026615610140073171833242
0.00004393492717395150223546295273
0.00004393492717395150223546295273
0.00004393492717395150223546295273
0.00004399266425501255436614361529
0.00004399266425501255436614361529
0.00004399266425501255436614361529
0.00004400280227586030125549333854
0.00004400280227586030125549333854
0.00004400280227586030125549333854
0.00004406309277765302209197990967
0.00004406309277765302209197990967
0.00004406309277765302209197990967
0.00004406309277765302209197990967
0.00004405305060251009940660872825
0.00004405305060251009940660872825
0.00004405305060251009940660872825
0.00004399789757471924024915265832
0.00004399789757471924024915265832
0.00004399789757471924024915265832
0.00004401644735575777378023023705
0.00004401644735575777378023023705
0.00004401644735575777378023023705
0.00004402392217137800829453896944
0.00004402392217137800829453896944
0.00004402392217137800829453896944
0.00004403506110801290039075512340
0.00004403506110801290039075512340
0.00004403506110801290039075512340
0.00004400787202378031928150548614
0.00004400787202378031928150548614
0.00004400787202378031928150548614
0.00004402937944404868480491943825
0.00004402937944404868480491943825
0.00004402937944404868480491943825
0.00004405475093442406193397310764
0.00004405475093442406193397310764
0.00004405475093442406193397310764
0.00004407456375733039667313311771
0.00004407456375733039667313311771
0.00004407456375733039667313311771
0.00004407456375733039667313311771
0.00004406502871450856038067426557
0.00004406502871450856038067426557
0.00004406502871450856038067426557
0.00004407513527933642275310663192
0.00004407513527933642275310663192
0.00004407513527933642275310663192
0.00004403764206770323759517805325
0.00004403764206770323759517805325
0.00004403764206770323759517805325
0.00004397227509972774781619496476
0.00004397227509972774781619496476
0.00004397227509972774781619496476
0.00004401708599854707783986274899
0.00004401708599854707783986274899
0.00004401708599854707783986274899
0.00004403467835784657828642878381
0.00004410685613955427702742496833
0.00004410685613955427702742496833
0.00004410685613955427702742496833
0.00004405340235808467653449154481
0.00004405340235808467653449154481
0.00004405340235808467653449154481
0.00004403099041636096621674542339
0.00004403099041636096621674542339
0.00004403099041636096621674542339
0.00004401566330350154534869088662
0.00004401566330350154534869088662
0.00004401566330350154534869088662
0.00004404460882684038087672615699
0.00004404460882684038087672615699
0.00004404460882684038087672615699
0.00004398252968511317641179304044
0.00004398252968511317641179304044
0.00004398252968511317641179304044
0.00004394116456581527777963421615
0.00004394116456581527777963421615
0.00004394116456581527777963421615
0.00004395584325380655035967411653
0.00004395584325380655035967411653
0.00004395584325380655035967411653
0.00004395584325380655035967411653
0.00004392528918979973600086146606
0.00004392528918979973600086146606
0.00004392528918979973600086146606
0.00004397155947682394319134965521
0.00004397155947682394319134965521
0.00004397155947682394319134965521
0.00004399131925863004168994606033
0.00004399131925863004168994606033
0.00004399131925863004168994606033
0.00004400092379942230535255329250
0.00004400092379942230535255329250
0.00004400092379942230535255329250
0.00004392995839865578259439055571
0.00004392995839865578259439055571
0.00004392995839865578259439055571
0.00004396905510230040821315648796
0.00004396905510230040821315648796
0.00004396905510230040821315648796
0.00004396892220790567606402659005
0.00004396892220790567606402659005
0.00004396892220790567606402659005
0.00004394963649363349378040551916
0.00004394963649363349378040551916
0.00004394963649363349378040551916
0.00004394963649363349378040551916
