0.00004768820228487699899399636245
0.00004768820228487699899399636245
0.00004768820228487699899399636245
0.00004631499879931013446533526841
0.00004631499879931013446533526841
0.00004631499879931013446533526841
0.00004640141301757700680045239705
0.00004640141301757700680045239705
0.00004640141301757700680045239705
0.00004836154304670316286344321794
0.00004836154304670316286344321794
0.00004836154304670316286344321794
0.00004718868850614063060646703009
0.00004718868850614063060646703009
0.00004718868850614063060646703009
0.00004550876644424784629353554228
0.00004550876644424784629353554228
0.00004550876644424784629353554228
0.00004315279531928324720100229123
0.00004315279531928324720100229123
0.00004315279531928324720100229123
0.00004271723547526947907282515810
0.00004271723547526947907282515810
0.00004271723547526947907282515810
0.00004408723108201545118774499048
0.00004408723108201545118774499048
0.00004408723108201545118774499048
0.00004408723108201545118774499048
0.00004480796709745361541511477027
0.00004480796709745361541511477027
0.00004480796709745361541511477027
0.00004510533747254065319775189605
0.00004510533747254065319775189605
0.00004510533747254065319775189605
0.00004621096896216667499880775654
0.00004621096896216667499880775654
0.00004621096896216667499880775654
0.00004563983743948578956149334150
0.00004563983743948578956149334150
0.00004563983743948578956149334150
0.00004484507263232778962035582180
0.00004484507263232778962035582180
0.00004484507263232778962035582180
0.00004476481840765570380945838759
0.00004476481840765570380945838759
0.00004476481840765570380945838759
0.00004514063465351061291105100667
0.00004514063465351061291105100667
0.00004514063465351061291105100667
0.00004571573023110845092716570754
0.00004571573023110845092716570754
0.00004571573023110845092716570754
0.00004571573023110845092716570754
0.00004634469571450548663824140480
0.00004634469571450548663824140480
0.00004634469571450548663824140480
0.00004642046992469936113175756643
0.00004642046992469936113175756643
0.00004642046992469936113175756643
0.00004611576004985762922821527159
0.00004611576004985762922821527159
0.00004611576004985762922821527159
0.00004600789067712631168471749752
0.00004600789067712631168471749752
0.00004600789067712631168471749752
0.00004618845128317105320025869363
0.00004618845128317105320025869363
0.00004618845128317105320025869363
0.00004607336804741611643294217588
0.00004607336804741611643294217588
0.00004607336804741611643294217588
0.00004574108687825357515616340794
0.00004574108687825357515616340794
0.00004574108687825357515616340794
0.00004542679431854625611478722448
0.00004542679431854625611478722448
0.00004542679431854625611478722448
0.00004542679431854625611478722448
0.00004530078619899128255645864932
0.00004530078619899128255645864932
0.00004530078619899128255645864932
0.00004576124638375239310580247705
0.00004576124638375239310580247705
0.00004576124638375239310580247705
0.00004518201303309488649614415070
0.00004518201303309488649614415070
0.00004518201303309488649614415070
0.00004478034370553906021295046512
0.00004478034370553906021295046512
0.00004478034370553906021295046512
0.00004538784373372947726074515948
0.00004538784373372947726074515948
0.00004538784373372947726074515948
0.00004524269535526010615967082485
0.00004524269535526010615967082485
0.00004524269535526010615967082485
0.00004585741085437664637806550376
0.00004585741085437664637806550376
0.00004585741085437664637806550376
0.00004536927450738756476105709194
0.00004536927450738756476105709194
0.00004536927450738756476105709194
0.00004526658938356548818503256883
0.00004526658938356548818503256883
0.00004526658938356548818503256883
0.00004526658938356548818503256883
0.00004519821098514750958247294825
0.00004519821098514750958247294825
0.00004519821098514750958247294825
0.00004509717962541115487432053543
0.00004509717962541115487432053543
0.00004509717962541115487432053543
0.00004539382773269159093423252154
0.00004539382773269159093423252154
0.00004539382773269159093423252154
0.00004549010999171758900383843866
0.00004549010999171758900383843866
0.00004549010999171758900383843866
0.00004515966030041927854123961935
0.00004515966030041927854123961935
0.00004515966030041927854123961935
0.00004481368096556599139178460737
0.00004481368096556599139178460737
0.00004481368096556599139178460737
0.00004437457168290595951996875823
0.00004437457168290595951996875823
0.00004437457168290595951996875823
0.00004421335954545974387037265273
0.00004421335954545974387037265273
0.00004421335954545974387037265273
0.00004421335954545974387037265273
0.00004412519512942857325544705243
0.00004412519512942857325544705243
0.00004412519512942857325544705243
0.00004402634779133252997421995022
0.00004402634779133252997421995022
0.00004402634779133252997421995022
0.00004400226428159757266001906803
0.00004400226428159757266001906803
0.00004400226428159757266001906803
0.00004408041844380762601868256971
0.00004408041844380762601868256971
0.00004408041844380762601868256971
0.00004395976608239874374508588909
0.00004395976608239874374508588909
0.00004395976608239874374508588909
0.00004382424107331294008986020209
0.00004382424107331294008986020209
0.00004382424107331294008986020209
0.00004395822231732618816994636236
0.00004395822231732618816994636236
0.00004395822231732618816994636236
0.00004383853788548095710551047942
0.00004383853788548095710551047942
0.00004383853788548095710551047942
0.00004383853788548095710551047942
0.00004387251597695413469595430885
0.00004387251597695413469595430885
0.00004387251597695413469595430885
0.00004359972135339630236885415912
0.00004359972135339630236885415912
0.00004359972135339630236885415912
0.00004373026030987244091439921549
0.00004373026030987244091439921549
0.00004373026030987244091439921549
0.00004368808130101522741388598762
0.00004368808130101522741388598762
0.00004368808130101522741388598762
0.00004381827931316735609323233395
0.00004381827931316735609323233395
0.00004381827931316735609323233395
0.00004374687438707614879692092842
0.00004374687438707614879692092842
0.00004374687438707614879692092842
0.00004362804662229266541355713209
0.00004362804662229266541355713209
0.00004362804662229266541355713209
0.00004348309327582755410747572542
0.00004348309327582755410747572542
0.00004348309327582755410747572542
0.00004335786451473027981061035752
0.00004335786451473027981061035752
0.00004335786451473027981061035752
0.00004335786451473027981061035752
0.00004325494563495634892690842094
0.00004325494563495634892690842094
0.00004325494563495634892690842094
0.00004307213612551942096299262278
0.00004307213612551942096299262278
0.00004307213612551942096299262278
0.00004301004238304592992352341861
0.00004301004238304592992352341861
0.00004301004238304592992352341861
0.00004311250638904761322708478289
0.00004311250638904761322708478289
0.00004311250638904761322708478289
0.00004293963027669758902045326466
0.00004293963027669758902045326466
0.00004293963027669758902045326466
0.00004293963027669758902045326466
0.00004281297070308137677114521296
0.00004281297070308137677114521296
0.00004281297070308137677114521296
0.00004275013439533503328329650430
0.00004275013439533503328329650430
0.00004275013439533503328329650430
0.00004271587137701976110411684512
0.00004271587137701976110411684512
0.00004271587137701976110411684512
0.00004268682760240351227543624388
0.00004268682760240351227543624388
0.00004268682760240351227543624388
0.00004276828122592300543425319835
0.00004276828122592300543425319835
0.00004276828122592300543425319835
0.00004280992512404059941993328320
0.00004280992512404059941993328320
0.00004280992512404059941993328320
0.00004282123370453012725671625211
0.00004282123370453012725671625211
0.00004282123370453012725671625211
0.00004266355567870341868411886804
0.00004266355567870341868411886804
0.00004266355567870341868411886804
0.00004266355567870341868411886804
0.00004257381827524768571345678452
0.00004257381827524768571345678452
0.00004257381827524768571345678452
0.00004260487178497577446654485929
0.00004260487178497577446654485929
0.00004260487178497577446654485929
0.00004266698497068079172720134090
0.00004266698497068079172720134090
0.00004266698497068079172720134090
0.00004290908883181039888535526975
0.00004290908883181039888535526975
0.00004290908883181039888535526975
0.00004308277286089732381246910930
0.00004308277286089732381246910930
0.00004308277286089732381246910930
0.00004321620833872736185350401156
0.00004321620833872736185350401156
0.00004321620833872736185350401156
0.00004320913556851125497756854041
0.00004320913556851125497756854041
0.00004320913556851125497756854041
0.00004325696400518962328242137022
0.00004325696400518962328242137022
0.00004325696400518962328242137022
0.00004325696400518962328242137022
0.00004348399839694925562494538101
0.00004348399839694925562494538101
0.00004348399839694925562494538101
0.00004363026823807523259246557563
0.00004363026823807523259246557563
0.00004363026823807523259246557563
0.00004356327014991334974899635309
0.00004356327014991334974899635309
0.00004356327014991334974899635309
0.00004348483523435795180045041909
0.00004348483523435795180045041909
0.00004348483523435795180045041909
0.00004335889315671199576218546696
0.00004335889315671199576218546696
0.00004335889315671199576218546696
0.00004338474065201478145526639677
0.00004338474065201478145526639677
0.00004338474065201478145526639677
0.00004352663019454675895538424747
0.00004352663019454675895538424747
0.00004352663019454675895538424747
0.00004351751446490912205464007604
0.00004351751446490912205464007604
0.00004351751446490912205464007604
0.00004346384244067992801377792238
0.00004346384244067992801377792238
0.00004346384244067992801377792238
0.00004346384244067992801377792238
0.00004354882137068629249842608923
0.00004354882137068629249842608923
0.00004354882137068629249842608923
0.00004344412122449283588974983747
0.00004344412122449283588974983747
0.00004344412122449283588974983747
0.00004343685583050259031842213972
0.00004343685583050259031842213972
0.00004343685583050259031842213972
0.00004338302230516870325532754537
0.00004338302230516870325532754537
0.00004338302230516870325532754537
0.00004343004694182303898537623049
0.00004343004694182303898537623049
0.00004343004694182303898537623049
0.00004341583212014506464505284094
0.00004341583212014506464505284094
0.00004341583212014506464505284094
0.00004335103324170734048857259342
0.00004335103324170734048857259342
0.00004335103324170734048857259342
0.00004337523614425906129908540731
0.00004337523614425906129908540731
0.00004337523614425906129908540731
0.00004337523614425906129908540731
0.00004319838688153445677214126100
0.00004319838688153445677214126100
0.00004319838688153445677214126100
0.00004328944043646356896366387360
0.00004328944043646356896366387360
0.00004328944043646356896366387360
0.00004327998206529540782966971787
0.00004327998206529540782966971787
0.00004327998206529540782966971787
0.00004333695312369879515259620747
0.00004333695312369879515259620747
0.00004333695312369879515259620747
0.00004343138973945908864143579664
0.00004343138973945908864143579664
0.00004343138973945908864143579664
0.00004353601034566380699443605047
0.00004353601034566380699443605047
0.00004353601034566380699443605047
0.00004347852546148347181819249850
0.00004347852546148347181819249850
0.00004347852546148347181819249850
0.00004343410442498748319517535031
0.00004343410442498748319517535031
0.00004343410442498748319517535031
0.00004343410442498748319517535031
0.00004351987306414528264790457237
0.00004351987306414528264790457237
0.00004351987306414528264790457237
0.00004352956607777154657099792622
0.00004352956607777154657099792622
0.00004352956607777154657099792622
0.00004347818812331295523319618837
0.00004347818812331295523319618837
0.00004347818812331295523319618837
0.00004345816896324124343947211664
0.00004345816896324124343947211664
0.00004345816896324124343947211664
0.00004341126877515850662765928102
0.00004341126877515850662765928102
0.00004341126877515850662765928102
0.00004334094516192088140097667354
0.00004334094516192088140097667354
0.00004334094516192088140097667354
0.00004328837436174025063335077690
0.00004328837436174025063335077690
0.00004328837436174025063335077690
0.00004327104220026835456169163392
0.00004327104220026835456169163392
0.00004327104220026835456169163392
0.00004321321731495692965680932101
0.00004321321731495692965680932101
0.00004321321731495692965680932101
0.00004321321731495692965680932101
0.00004321377298693650964423479388
0.00004321377298693650964423479388
0.00004321377298693650964423479388
0.00004309700638475753832735288699
0.00004309700638475753832735288699
0.00004309700638475753832735288699
0.00004318760341840511246016952115
0.00004318760341840511246016952115
0.00004318760341840511246016952115
0.00004314005633522159731570150952
0.00004314005633522159731570150952
0.00004314005633522159731570150952
0.00004309001785056116328170327521
0.00004309001785056116328170327521
0.00004309001785056116328170327521
0.00004312845425902433908153661233
0.00004312845425902433908153661233
0.00004312845425902433908153661233
0.00004307474419163599769446805461
0.00004307474419163599769446805461
0.00004307474419163599769446805461
0.00004305722630688486118526613002
0.00004305722630688486118526613002
0.00004305722630688486118526613002
0.00004305722630688486118526613002
0.00004307228251937054299850692357
0.00004307228251937054299850692357
0.00004307228251937054299850692357
0.00004304104651988817811892325890
0.00004304104651988817811892325890
0.00004304104651988817811892325890
0.00004315268002343702645665062796
0.00004315268002343702645665062796
0.00004315268002343702645665062796
0.00004318738273719978989964277817
0.00004318738273719978989964277817
0.00004318738273719978989964277817
0.00004329896648794317975963994003
0.00004329896648794317975963994003
0.00004329896648794317975963994003
0.00004330147985556083554419050538
0.00004330147985556083554419050538
0.00004330147985556083554419050538
0.00004325768211262089734115917695
0.00004325768211262089734115917695
0.00004325768211262089734115917695
0.00004328818770262273590427227202
0.00004328818770262273590427227202
0.00004328818770262273590427227202
0.00004328818770262273590427227202
0.00004323830642534366694628969346
0.00004323830642534366694628969346
0.00004323830642534366694628969346
0.00004337062313057613507143729566
0.00004337062313057613507143729566
0.00004337062313057613507143729566
0.00004329146551804384350193225160
0.00004329146551804384350193225160
0.00004329146551804384350193225160
0.00004324533458316679719163319350
0.00004324533458316679719163319350
0.00004324533458316679719163319350
0.00004329355157089506854644184422
0.00004329355157089506854644184422
0.00004329355157089506854644184422
0.00004331491791485625229416602187
0.00004331491791485625229416602187
0.00004331491791485625229416602187
0.00004331501665882308525760775876
0.00004331501665882308525760775876
0.00004331501665882308525760775876
0.00004330830163377526274083802709
0.00004330830163377526274083802709
0.00004330830163377526274083802709
0.00004330752684071452398034819497
0.00004330752684071452398034819497
0.00004330752684071452398034819497
0.00004330752684071452398034819497
0.00004331944351230885941576418601
0.00004331944351230885941576418601
0.00004331944351230885941576418601
0.00004334959027317377330374000899
0.00004334959027317377330374000899
0.00004334959027317377330374000899
0.00004327219507455327913283420086
0.00004327219507455327913283420086
0.00004327219507455327913283420086
0.00004333238758948943528450647157
0.00004333238758948943528450647157
0.00004333238758948943528450647157
0.00004331522448173652690565798483
0.00004331522448173652690565798483
0.00004331522448173652690565798483
0.00004338173538531519228529077710
0.00004338173538531519228529077710
0.00004338173538531519228529077710
0.00004336475853757354079368649369
0.00004336475853757354079368649369
0.00004336475853757354079368649369
0.00004331463396691705919967971242
0.00004331463396691705919967971242
0.00004331463396691705919967971242
0.00004331463396691705919967971242
0.00004333494078265710315248661290
0.00004333494078265710315248661290
0.00004333494078265710315248661290
0.00004330455857118558302797381698
0.00004330455857118558302797381698
0.00004330455857118558302797381698
0.00004330642192135281939997873401
0.00004330642192135281939997873401
0.00004330642192135281939997873401
0.00004328000372764275951099234964
0.00004328000372764275951099234964
0.00004328000372764275951099234964
0.00004336306344208515292804067033
0.00004336306344208515292804067033
0.00004336306344208515292804067033
0.00004336306344208515292804067033
0.00004330507811260494596283508859
0.00004330507811260494596283508859
0.00004330507811260494596283508859
0.00004331525000019029834831014441
0.00004331525000019029834831014441
0.00004331525000019029834831014441
0.00004337429033578885283381166036
0.00004337429033578885283381166036
0.00004337429033578885283381166036
0.00004334929100493199322109520732
0.00004334929100493199322109520732
0.00004334929100493199322109520732
0.00004337535581616508163909957028
0.00004337535581616508163909957028
0.00004337535581616508163909957028
0.00004337127390512923174248056688
0.00004337127390512923174248056688
0.00004337127390512923174248056688
0.00004344110125386093746608931323
0.00004344110125386093746608931323
0.00004344110125386093746608931323
0.00004339660932632131509828930881
0.00004339660932632131509828930881
0.00004339660932632131509828930881
0.00004339660932632131509828930881
0.00004351399050786680448397097151
0.00004351399050786680448397097151
0.00004351399050786680448397097151
0.00004345919245404817410762739927
0.00004345919245404817410762739927
0.00004345919245404817410762739927
0.00004349507643379795637798080015
0.00004349507643379795637798080015
0.00004349507643379795637798080015
0.00004352627374867377370130830721
0.00004352627374867377370130830721
0.00004352627374867377370130830721
0.00004348825597441138413903176811
0.00004348825597441138413903176811
0.00004348825597441138413903176811
0.00004349603411638669833978194519
0.00004349603411638669833978194519
0.00004349603411638669833978194519
0.00004353896899246979847994130536
0.00004353896899246979847994130536
0.00004353896899246979847994130536
0.00004348757264397578593252341519
0.00004348757264397578593252341519
0.00004348757264397578593252341519
0.00004345210921665448880727444345
0.00004345210921665448880727444345
0.00004345210921665448880727444345
0.00004345210921665448880727444345
0.00004345212667547800028736449264
0.00004345212667547800028736449264
0.00004345212667547800028736449264
0.00004338879182216491431104840368
0.00004338879182216491431104840368
0.00004338879182216491431104840368
0.00004353792766379557389688924772
0.00004353792766379557389688924772
0.00004353792766379557389688924772
0.00004349180735630547934700865313
0.00004349180735630547934700865313
0.00004349180735630547934700865313
0.00004354608278274512898216248351
0.00004354608278274512898216248351
0.00004354608278274512898216248351
0.00004353645848214469120670386450
0.00004353645848214469120670386450
0.00004353645848214469120670386450
0.00004357545164742539632181406970
0.00004357545164742539632181406970
0.00004357545164742539632181406970
0.00004359129436785466816734902821
0.00004359129436785466816734902821
0.00004359129436785466816734902821
0.00004359129436785466816734902821
0.00004357992784814099058787334498
0.00004357992784814099058787334498
0.00004357992784814099058787334498
0.00004351019872537924218472017477
0.00004351019872537924218472017477
0.00004351019872537924218472017477
0.00004347178559623029686239437139
0.00004347178559623029686239437139
0.00004347178559623029686239437139
0.00004347864805067298072332545302
0.00004347864805067298072332545302
0.00004347864805067298072332545302
0.00004347632662625043397426972930
0.00004347632662625043397426972930
0.00004347632662625043397426972930
0.00004349305627920468468248769348
0.00004349305627920468468248769348
0.00004349305627920468468248769348
0.00004354374167694102537671322020
0.00004354374167694102537671322020
0.00004354374167694102537671322020
0.00004350237237066321652885815985
0.00004350237237066321652885815985
0.00004350237237066321652885815985
0.00004350237237066321652885815985
0.00004347645016717233265797001116
0.00004347645016717233265797001116
0.00004347645016717233265797001116
0.00004346472182669317310657259747
0.00004346472182669317310657259747
0.00004346472182669317310657259747
0.00004343843374477904472300621667
0.00004343843374477904472300621667
0.00004343843374477904472300621667
0.00004342724460388340343749795592
0.00004342724460388340343749795592
0.00004342724460388340343749795592
0.00004341727903102640022316987115
0.00004341727903102640022316987115
0.00004341727903102640022316987115
0.00004339383726097939557991100185
0.00004339383726097939557991100185
0.00004339383726097939557991100185
0.00004338285085890950318894375002
0.00004338285085890950318894375002
0.00004338285085890950318894375002
0.00004337902124629307840309087697
0.00004337902124629307840309087697
0.00004337902124629307840309087697
0.00004343842412813997110321622667
0.00004343842412813997110321622667
0.00004343842412813997110321622667
0.00004343842412813997110321622667
0.00004341521191882882993991473453
0.00004341521191882882993991473453
0.00004341521191882882993991473453
0.00004340483871569163365205785454
0.00004340483871569163365205785454
0.00004340483871569163365205785454
0.00004334349317687273543137756166
0.00004334349317687273543137756166
0.00004334349317687273543137756166
0.00004332792265407332931832394493
0.00004332792265407332931832394493
0.00004332792265407332931832394493
0.00004329934916560043939340139276
0.00004329934916560043939340139276
0.00004329934916560043939340139276
0.00004323092102647678779627655176
0.00004323092102647678779627655176
0.00004323092102647678779627655176
0.00004320372579628692763419639302
0.00004320372579628692763419639302
0.00004320372579628692763419639302
0.00004325093511544913354216890093
0.00004325093511544913354216890093
0.00004325093511544913354216890093
0.00004325093511544913354216890093
0.00004323409748637596258626939711
0.00004323409748637596258626939711
0.00004323409748637596258626939711
0.00004324288488361889825791159055
0.00004324288488361889825791159055
0.00004324288488361889825791159055
0.00004327266396914181316737901843
0.00004327266396914181316737901843
0.00004327266396914181316737901843
0.00004329859022045488050714804796
0.00004329859022045488050714804796
0.00004329859022045488050714804796
0.00004327125587827657942305117940
0.00004327125587827657942305117940
0.00004327125587827657942305117940
0.00004328659831077282579042650287
0.00004328659831077282579042650287
0.00004328659831077282579042650287
0.00004332831138827780745544438213
0.00004332831138827780745544438213
0.00004332831138827780745544438213
0.00004329435709114608818572941443
0.00004329435709114608818572941443
0.00004329435709114608818572941443
0.00004329435709114608818572941443
0.00004329338083672338609379081525
0.00004329338083672338609379081525
0.00004329338083672338609379081525
0.00004333056103033530763753064045
0.00004333056103033530763753064045
0.00004333056103033530763753064045
0.00004326945309944825799589450970
0.00004326945309944825799589450970
0.00004326945309944825799589450970
0.00004320035968412837998487413017
0.00004320035968412837998487413017
0.00004320035968412837998487413017
0.00004322195218264152098143877526
0.00004322195218264152098143877526
0.00004322195218264152098143877526
0.00004321361786811439780671185649
0.00004321361786811439780671185649
0.00004321361786811439780671185649
0.00004325089905125369046101504165
0.00004325089905125369046101504165
0.00004325089905125369046101504165
0.00004325496441183517595952808531
0.00004325496441183517595952808531
0.00004325496441183517595952808531
0.00004327754691196358442022643617
0.00004327754691196358442022643617
0.00004327754691196358442022643617
0.00004327754691196358442022643617
0.00004326770426503205150758556180
0.00004326770426503205150758556180
0.00004326770426503205150758556180
0.00004328941658388514474054507923
0.00004328941658388514474054507923
0.00004328941658388514474054507923
0.00004328828986168759567876895654
0.00004328828986168759567876895654
0.00004328828986168759567876895654
0.00004341891032723880389232798879
0.00004341891032723880389232798879
0.00004341891032723880389232798879
0.00004340833158000084575624007102
0.00004340833158000084575624007102
0.00004340833158000084575624007102
0.00004340833158000084575624007102
0.00004349002770863922247920501796
0.00004349002770863922247920501796
0.00004349002770863922247920501796
0.00004347859925846467492210612835
0.00004347859925846467492210612835
0.00004347859925846467492210612835
0.00004349298215112002798360857198
0.00004349298215112002798360857198
0.00004349298215112002798360857198
0.00004345188459172297126661458158
0.00004345188459172297126661458158
0.00004345188459172297126661458158
0.00004342646679842639010235593251
0.00004342646679842639010235593251
0.00004342646679842639010235593251
0.00004342931121805882456387085627
0.00004342931121805882456387085627
0.00004342931121805882456387085627
0.00004343115844622980901072461541
0.00004343115844622980901072461541
0.00004343115844622980901072461541
0.00004344243729397616193571013556
0.00004344243729397616193571013556
0.00004344243729397616193571013556
0.00004344243729397616193571013556
0.00004341431978158357205479379778
0.00004341431978158357205479379778
0.00004341431978158357205479379778
0.00004348937897938845955181044215
0.00004348937897938845955181044215
0.00004348937897938845955181044215
0.00004351333941551546396390743338
0.00004351333941551546396390743338
0.00004351333941551546396390743338
0.00004348578490790525235611158486
0.00004348578490790525235611158486
0.00004348578490790525235611158486
0.00004350308439896280964081710207
0.00004350308439896280964081710207
0.00004350308439896280964081710207
0.00004347027642621398745722471005
0.00004347027642621398745722471005
0.00004347027642621398745722471005
0.00004344292810414380033970231304
0.00004344292810414380033970231304
0.00004344292810414380033970231304
0.00004344651152499702715760840229
0.00004344651152499702715760840229
0.00004344651152499702715760840229
0.00004344651152499702715760840229
