0.2491609354414976195786632937
0.2491609354414976195786632937
0.2491609354414976195786632937
0.2557576001223062549271627268
0.2557576001223062549271627268
0.2557576001223062549271627268
0.2535842676876651206304985634
0.2535842676876651206304985634
0.2535842676876651206304985634
0.2589280449939609669576133561
0.2589280449939609669576133561
0.2589280449939609669576133561
0.2529803878948032170630317833
0.2529803878948032170630317833
0.2529803878948032170630317833
0.2518259878172875155011428717
0.2518259878172875155011428717
0.2518259878172875155011428717
0.2559952404826316957280552629
0.2559952404826316957280552629
0.2559952404826316957280552629
0.2589596943065781425654543040
0.2589596943065781425654543040
0.2589596943065781425654543040
0.2576462834124456460755397062
0.2576462834124456460755397062
0.2576462834124456460755397062
0.2576462834124456460755397062
0.2563298910145285805470131068
0.2563298910145285805470131068
0.2563298910145285805470131068
0.2564271156679624458064040185
0.2564271156679624458064040185
0.2564271156679624458064040185
0.2560565667540418362563351026
0.2560565667540418362563351026
0.2560565667540418362563351026
0.2540685273249180142856619199
0.2540685273249180142856619199
0.2540685273249180142856619199
0.2526883690600984033770123910
0.2526883690600984033770123910
0.2526883690600984033770123910
0.2527907956387227946152030399
0.2527907956387227946152030399
0.2527907956387227946152030399
0.2508505229637385354175371058
0.2508505229637385354175371058
0.2508505229637385354175371058
0.2518257592242854167073292035
0.2518257592242854167073292035
0.2518257592242854167073292035
0.2518257592242854167073292035
0.2513954875352862419397710632
0.2513954875352862419397710632
0.2513954875352862419397710632
0.2493118108231078788463749256
0.2493118108231078788463749256
0.2493118108231078788463749256
0.2495948854952699314165259788
0.2495948854952699314165259788
0.2495948854952699314165259788
0.2496152041878813421016260994
0.2496152041878813421016260994
0.2496152041878813421016260994
0.2495416259334471154856067182
0.2495416259334471154856067182
0.2495416259334471154856067182
0.2493610537800306463821754590
0.2493610537800306463821754590
0.2493610537800306463821754590
0.2488727636594366956622112208
0.2488727636594366956622112208
0.2488727636594366956622112208
0.2491669860409017923487785151
0.2491669860409017923487785151
0.2491669860409017923487785151
0.2491669860409017923487785151
0.2495924987020537643688765042
0.2495924987020537643688765042
0.2495924987020537643688765042
0.2488097738952089436268777448
0.2488097738952089436268777448
0.2488097738952089436268777448
0.2499716225907479892003401407
0.2499716225907479892003401407
0.2499716225907479892003401407
0.2500059620412661608723082663
0.2500059620412661608723082663
0.2500059620412661608723082663
0.2502741791298846757458624929
0.2502741791298846757458624929
0.2502741791298846757458624929
0.2502235409269115788669525499
0.2502235409269115788669525499
0.2502235409269115788669525499
0.2499160817813607479408848922
0.2499160817813607479408848922
0.2499160817813607479408848922
0.2500375233440229692434870606
0.2500375233440229692434870606
0.2500375233440229692434870606
0.2485965471639258010495879809
0.2485965471639258010495879809
0.2485965471639258010495879809
0.2485965471639258010495879809
0.2477382342315374589428067714
0.2477382342315374589428067714
0.2477382342315374589428067714
0.2481694081995043060479531671
0.2481694081995043060479531671
0.2481694081995043060479531671
0.2486233007148845594937938012
0.2486233007148845594937938012
0.2486233007148845594937938012
0.2485154165020126195333130339
0.2485154165020126195333130339
0.2485154165020126195333130339
0.2495137303588764529607253091
0.2495137303588764529607253091
0.2495137303588764529607253091
0.2490056988269733188769247016
0.2490056988269733188769247016
0.2490056988269733188769247016
0.2493968135316296308239300303
0.2493968135316296308239300303
0.2493968135316296308239300303
0.2498784211409222432504157473
0.2498784211409222432504157473
0.2498784211409222432504157473
0.2498784211409222432504157473
0.2495504089164217350862257996
0.2495504089164217350862257996
0.2495504089164217350862257996
0.2496741577613620690455355220
0.2496741577613620690455355220
0.2496741577613620690455355220
0.2495160999783289705474960307
0.2495160999783289705474960307
0.2495160999783289705474960307
0.2490699007090454608892429300
0.2490699007090454608892429300
0.2490699007090454608892429300
0.2491441043806493477146212964
0.2491441043806493477146212964
0.2491441043806493477146212964
0.2491924494755684140940145319
0.2491924494755684140940145319
0.2491924494755684140940145319
0.2487022681261719771358213543
0.2487022681261719771358213543
0.2487022681261719771358213543
0.2485607244033248016223721074
0.2485607244033248016223721074
0.2485607244033248016223721074
0.2485607244033248016223721074
0.2480600455269626136958913091
0.2480600455269626136958913091
0.2480600455269626136958913091
0.2485346644592252809233658386
0.2485346644592252809233658386
0.2485346644592252809233658386
0.2488327386143877091885651629
0.2488327386143877091885651629
0.2488327386143877091885651629
0.2490235403259312262447818867
0.2490235403259312262447818867
0.2490235403259312262447818867
0.2496448504424843892989987601
0.2496448504424843892989987601
0.2496448504424843892989987601
0.2497127623032303216168409444
0.2497127623032303216168409444
0.2497127623032303216168409444
0.2497834870921509501651000223
0.2497834870921509501651000223
0.2497834870921509501651000223
0.2497514438468578022476817423
0.2497514438468578022476817423
0.2497514438468578022476817423
0.2493739550853938838258168222
0.2493739550853938838258168222
0.2493739550853938838258168222
0.2493739550853938838258168222
0.2492298029386707889527972385
0.2492298029386707889527972385
0.2492298029386707889527972385
0.2491830378751409008073267013
0.2491830378751409008073267013
0.2491830378751409008073267013
0.2495643124859896039663254511
0.2495643124859896039663254511
0.2495643124859896039663254511
0.2494771867753841403862585727
0.2494771867753841403862585727
0.2494771867753841403862585727
0.2490060660777374835561504924
0.2490060660777374835561504924
0.2490060660777374835561504924
0.2490060660777374835561504924
0.2484721795822571625418641832
0.2484721795822571625418641832
0.2484721795822571625418641832
0.2482905678740858777130831669
0.2482905678740858777130831669
0.2482905678740858777130831669
0.2489798329992094025654371381
0.2489798329992094025654371381
0.2489798329992094025654371381
0.2490877517949164528558086126
0.2490877517949164528558086126
0.2490877517949164528558086126
0.2489037680870387227220584671
0.2489037680870387227220584671
0.2489037680870387227220584671
0.2489654017817496793841295392
0.2489654017817496793841295392
0.2489654017817496793841295392
0.2488565248673726681607043680
0.2488565248673726681607043680
0.2488565248673726681607043680
0.2490637578471526117403030828
0.2490637578471526117403030828
0.2490637578471526117403030828
0.2490637578471526117403030828
0.2487849462691253833320430238
0.2487849462691253833320430238
0.2487849462691253833320430238
0.2487904218557862727897620931
0.2487904218557862727897620931
0.2487904218557862727897620931
0.2488823986357871167162605057
0.2488823986357871167162605057
0.2488823986357871167162605057
0.2491884750324920671376942069
0.2491884750324920671376942069
0.2491884750324920671376942069
0.2490797367653793863322227456
0.2490797367653793863322227456
0.2490797367653793863322227456
0.2492352873723604985037113743
0.2492352873723604985037113743
0.2492352873723604985037113743
0.2489985015079659643152125657
0.2489985015079659643152125657
0.2489985015079659643152125657
0.2490644416915309747041829143
0.2490644416915309747041829143
0.2490644416915309747041829143
0.2490644416915309747041829143
0.2488068961745193222348899884
0.2488068961745193222348899884
0.2488068961745193222348899884
0.2488034938822687653323741460
0.2488034938822687653323741460
0.2488034938822687653323741460
0.2488132104766538752669818145
0.2488132104766538752669818145
0.2488132104766538752669818145
0.2488613380633373240127823360
0.2488613380633373240127823360
0.2488613380633373240127823360
0.2489544982532670337062015797
0.2489544982532670337062015797
0.2489544982532670337062015797
0.2491291681933525537661179179
0.2491291681933525537661179179
0.2491291681933525537661179179
0.2493791142536452737092314841
0.2493791142536452737092314841
0.2493791142536452737092314841
0.2496290318823715381070057800
0.2496290318823715381070057800
0.2496290318823715381070057800
0.2498814730494135275454332096
0.2498814730494135275454332096
0.2498814730494135275454332096
0.2498814730494135275454332096
0.2499347145383041992563352679
0.2499347145383041992563352679
0.2499347145383041992563352679
0.2501187523067719272750893236
0.2501187523067719272750893236
0.2501187523067719272750893236
0.2502347250683811044878622604
0.2502347250683811044878622604
0.2502347250683811044878622604
0.2502184719570969220200056307
0.2502184719570969220200056307
0.2502184719570969220200056307
0.2503234059754362618493768155
0.2503234059754362618493768155
0.2503234059754362618493768155
0.2502681022181094405713573063
0.2502681022181094405713573063
0.2502681022181094405713573063
0.2498382888264038354557023071
0.2498382888264038354557023071
0.2498382888264038354557023071
0.2500780399985481416373805488
0.2500780399985481416373805488
0.2500780399985481416373805488
0.2500780399985481416373805488
0.2501710752094947981703315914
0.2501710752094947981703315914
0.2501710752094947981703315914
0.2499878433680137654358850969
0.2499878433680137654358850969
0.2499878433680137654358850969
0.2499997316917402067498412428
0.2499997316917402067498412428
0.2499997316917402067498412428
0.2497187423677804631397475570
0.2497187423677804631397475570
0.2497187423677804631397475570
0.2494752921065702413742520398
0.2494752921065702413742520398
0.2494752921065702413742520398
0.2494404687383184899910620350
0.2494404687383184899910620350
0.2494404687383184899910620350
0.2493700891321493074505537896
0.2493700891321493074505537896
0.2493700891321493074505537896
0.2495950692840714492431240382
0.2495950692840714492431240382
0.2495950692840714492431240382
0.2495950692840714492431240382
0.2494223834422574795286876811
0.2494223834422574795286876811
0.2494223834422574795286876811
0.2492198677451399561327657317
0.2492198677451399561327657317
0.2492198677451399561327657317
0.2490876348515610170391974500
0.2490876348515610170391974500
0.2490876348515610170391974500
0.2491273928784473605920998034
0.2491273928784473605920998034
0.2491273928784473605920998034
0.2493311255864389597524266286
0.2493311255864389597524266286
0.2493311255864389597524266286
0.2493295339910335157386847745
0.2493295339910335157386847745
0.2493295339910335157386847745
0.2495304504077517800156081471
0.2495304504077517800156081471
0.2495304504077517800156081471
0.2496431308717688454234469111
0.2496431308717688454234469111
0.2496431308717688454234469111
0.2496159213932501116527671294
0.2496159213932501116527671294
0.2496159213932501116527671294
0.2496159213932501116527671294
0.2495546091738642752587158627
0.2495546091738642752587158627
0.2495546091738642752587158627
0.2498641751092653728438615256
0.2498641751092653728438615256
0.2498641751092653728438615256
0.2496194870268044128193343022
0.2496194870268044128193343022
0.2496194870268044128193343022
0.2495423918620331471072298400
0.2495423918620331471072298400
0.2495423918620331471072298400
0.2496631393596142369495257686
0.2496631393596142369495257686
0.2496631393596142369495257686
0.2497117448720961719045495383
0.2497117448720961719045495383
0.2497117448720961719045495383
0.2494555404121492926440751697
0.2494555404121492926440751697
0.2494555404121492926440751697
0.2495133918129084231201021891
0.2495133918129084231201021891
0.2495133918129084231201021891
0.2495133918129084231201021891
0.2496055306427056737150857713
0.2496055306427056737150857713
0.2496055306427056737150857713
0.2495465423277042203390246456
0.2495465423277042203390246456
0.2495465423277042203390246456
0.2493747412230714320370353898
0.2493747412230714320370353898
0.2493747412230714320370353898
0.2493473468402557334367861495
0.2493473468402557334367861495
0.2493473468402557334367861495
0.2495167783172826973596753167
0.2495167783172826973596753167
0.2495167783172826973596753167
0.2495836543880316020156082646
0.2495836543880316020156082646
0.2495836543880316020156082646
0.2495909899166232025881808887
0.2495909899166232025881808887
0.2495909899166232025881808887
0.2496853834805109184236214509
0.2496853834805109184236214509
0.2496853834805109184236214509
0.2496853834805109184236214509
0.2497662185969569182930059268
0.2497662185969569182930059268
0.2497662185969569182930059268
0.2497549317540349260968926233
0.2497549317540349260968926233
0.2497549317540349260968926233
0.2495724119197937580022952178
0.2495724119197937580022952178
0.2495724119197937580022952178
0.2495536021427128331756701094
0.2495536021427128331756701094
0.2495536021427128331756701094
0.2495746980816546213246569109
0.2495746980816546213246569109
0.2495746980816546213246569109
0.2496694939287657633761976483
0.2496694939287657633761976483
0.2496694939287657633761976483
0.2497908906369192151443266296
0.2497908906369192151443266296
0.2497908906369192151443266296
0.2497949550117089511205299959
0.2497949550117089511205299959
0.2497949550117089511205299959
0.2501154358606176461678232413
0.2501154358606176461678232413
0.2501154358606176461678232413
0.2501154358606176461678232413
0.2502548110514198473589882191
0.2502548110514198473589882191
0.2502548110514198473589882191
0.2501757524838517765338283024
0.2501757524838517765338283024
0.2501757524838517765338283024
0.2502775981291793672588605104
0.2502775981291793672588605104
0.2502775981291793672588605104
0.2504314059818322403623507888
0.2504314059818322403623507888
0.2504314059818322403623507888
0.2504848853874499986595964537
0.2504848853874499986595964537
0.2504848853874499986595964537
0.2504762067916779839029891717
0.2504762067916779839029891717
0.2504762067916779839029891717
0.2506431524052767626900168919
0.2506431524052767626900168919
0.2506431524052767626900168919
0.2506783324280921142453123422
0.2508444933791466646327734789
0.2508444933791466646327734789
0.2508444933791466646327734789
0.2508552888739549280640297641
0.2508552888739549280640297641
0.2508552888739549280640297641
0.2506068562192293257867605484
0.2506068562192293257867605484
0.2506068562192293257867605484
0.2509011623334134436587151599
0.2509011623334134436587151599
0.2509011623334134436587151599
0.2508767233786888076158330847
0.2508767233786888076158330847
0.2508767233786888076158330847
0.2508387782634595641091875692
0.2508387782634595641091875692
0.2508387782634595641091875692
0.2508387782634595641091875692
0.2508592407036883526669999737
0.2508592407036883526669999737
0.2508592407036883526669999737
0.2509363416174443749615110054
0.2509363416174443749615110054
0.2509363416174443749615110054
0.2510934306017384078839300869
0.2510934306017384078839300869
0.2510934306017384078839300869
0.2511711927981267575136683719
0.2511711927981267575136683719
0.2511711927981267575136683719
0.2512030995155793275176745263
0.2512030995155793275176745263
0.2512030995155793275176745263
0.2509527558279136264758164809
0.2509527558279136264758164809
0.2509527558279136264758164809
0.2507783444107558989014193503
0.2507783444107558989014193503
0.2507783444107558989014193503
0.2508842338459088572323255661
0.2508842338459088572323255661
0.2508842338459088572323255661
0.2508842338459088572323255661
