0.2596024231686435481461445146
0.2596024231686435481461445146
0.2596024231686435481461445146
0.2623805540342934317242935919
0.2623805540342934317242935919
0.2623805540342934317242935919
0.2653532374230772272988076229
0.2653532374230772272988076229
0.2653532374230772272988076229
0.2705270059754582552499460376
0.2705270059754582552499460376
0.2705270059754582552499460376
0.2677032980583095996744979080
0.2677032980583095996744979080
0.2677032980583095996744979080
0.2701907036044584755134158395
0.2701907036044584755134158395
0.2701907036044584755134158395
0.2665400193098808297358921600
0.2665400193098808297358921600
0.2665400193098808297358921600
0.2620786780718336995816877502
0.2620786780718336995816877502
0.2620786780718336995816877502
0.2618553092511080283012797015
0.2618553092511080283012797015
0.2618553092511080283012797015
0.2618553092511080283012797015
0.2607529267516418764168841287
0.2607529267516418764168841287
0.2607529267516418764168841287
0.2623239449598208059900925493
0.2623239449598208059900925493
0.2623239449598208059900925493
0.2629723383463693432571116198
0.2629723383463693432571116198
0.2629723383463693432571116198
0.2620833297624739578842520743
0.2620833297624739578842520743
0.2620833297624739578842520743
0.2590032524642838138516253508
0.2590032524642838138516253508
0.2590032524642838138516253508
0.2589902479624730665093467467
0.2589902479624730665093467467
0.2589902479624730665093467467
0.2575510582961778046903401302
0.2575510582961778046903401302
0.2575510582961778046903401302
0.2574685255792759905396817696
0.2574685255792759905396817696
0.2574685255792759905396817696
0.2574685255792759905396817696
0.2581320402751132531127312693
0.2581320402751132531127312693
0.2581320402751132531127312693
0.2588187899990609445317451649
0.2588187899990609445317451649
0.2588187899990609445317451649
0.2578084052151351756350666891
0.2578084052151351756350666891
0.2578084052151351756350666891
0.2574266192640406747353014634
0.2574266192640406747353014634
0.2574266192640406747353014634
0.2561578985267034529657541710
0.2561578985267034529657541710
0.2561578985267034529657541710
0.2568677939264633386312921074
0.2568677939264633386312921074
0.2568677939264633386312921074
0.2561185513441877123681202225
0.2561185513441877123681202225
0.2561185513441877123681202225
0.2549945474940990585716733484
0.2549945474940990585716733484
0.2549945474940990585716733484
0.2549945474940990585716733484
0.2565484521400619270071353047
0.2565484521400619270071353047
0.2565484521400619270071353047
0.2577649592878253088141550498
0.2577649592878253088141550498
0.2577649592878253088141550498
0.2564913947990649984895881234
0.2564913947990649984895881234
0.2564913947990649984895881234
0.2555907964654020626864460961
0.2555907964654020626864460961
0.2555907964654020626864460961
0.2554525402619070038616940465
0.2554525402619070038616940465
0.2554525402619070038616940465
0.2554934937284352653921328981
0.2554934937284352653921328981
0.2554934937284352653921328981
0.2547390605415783303988854029
0.2547390605415783303988854029
0.2547390605415783303988854029
0.2544907627465633624973091957
0.2544907627465633624973091957
0.2544907627465633624973091957
0.2545077697697716603535518363
0.2545077697697716603535518363
0.2545077697697716603535518363
0.2545077697697716603535518363
0.2547778107971710994660385352
0.2547778107971710994660385352
0.2547778107971710994660385352
0.2548607785694501181577555833
0.2548607785694501181577555833
0.2548607785694501181577555833
0.2541190337996687019889137411
0.2541190337996687019889137411
0.2541190337996687019889137411
0.2540366985681234391881779315
0.2540366985681234391881779315
0.2540366985681234391881779315
0.2543696236153312401745226692
0.2543696236153312401745226692
0.2543696236153312401745226692
0.2542132088590470332970558132
0.2542132088590470332970558132
0.2542132088590470332970558132
0.2534181874113665741313521495
0.2534181874113665741313521495
0.2534181874113665741313521495
0.2540514852827883106363236493
0.2540514852827883106363236493
0.2540514852827883106363236493
0.2540514852827883106363236493
0.2539919629874622949054993784
0.2539919629874622949054993784
0.2539919629874622949054993784
0.2538533687653373119896183489
0.2538533687653373119896183489
0.2538533687653373119896183489
0.2530335691628067092332324818
0.2530335691628067092332324818
0.2530335691628067092332324818
0.2532357013484570255482933326
0.2532357013484570255482933326
0.2532357013484570255482933326
0.2530599715356114934756025686
0.2530599715356114934756025686
0.2530599715356114934756025686
0.2527620503156590599729084006
0.2527620503156590599729084006
0.2527620503156590599729084006
0.2527825296566070136330506819
0.2527825296566070136330506819
0.2527825296566070136330506819
0.2529414995983502374398689356
0.2529414995983502374398689356
0.2529414995983502374398689356
0.2529414995983502374398689356
0.2531315228145026935777152489
0.2531315228145026935777152489
0.2531315228145026935777152489
0.2535597936626330476408396082
0.2535597936626330476408396082
0.2535597936626330476408396082
0.2533657024611423870488671881
0.2533657024611423870488671881
0.2533657024611423870488671881
0.2534061038651691791459047572
0.2534061038651691791459047572
0.2534061038651691791459047572
0.2530698241567248732226664863
0.2530698241567248732226664863
0.2530698241567248732226664863
0.2529786229836680380255311339
0.2529786229836680380255311339
0.2529786229836680380255311339
0.2522291929558804678920309508
0.2522291929558804678920309508
0.2522291929558804678920309508
0.2519755982373230807498506908
0.2519755982373230807498506908
0.2519755982373230807498506908
0.2527135096272169888687524437
0.2527135096272169888687524437
0.2527135096272169888687524437
0.2527135096272169888687524437
0.2524696767463085154831541340
0.2524696767463085154831541340
0.2524696767463085154831541340
0.2522521705041058261590020581
0.2522521705041058261590020581
0.2522521705041058261590020581
0.2523263718444787680093673301
0.2523263718444787680093673301
0.2523263718444787680093673301
0.2523589302782057683276331419
0.2523589302782057683276331419
0.2523589302782057683276331419
0.2524135686502941537389230084
0.2524135686502941537389230084
0.2524135686502941537389230084
0.2528771245987684435911499164
0.2528771245987684435911499164
0.2528771245987684435911499164
0.2531567427200765660388768377
0.2531567427200765660388768377
0.2531567427200765660388768377
0.2533795293658304658401283302
0.2533795293658304658401283302
0.2533795293658304658401283302
0.2533795293658304658401283302
0.2534025275823464509738606527
0.2534025275823464509738606527
0.2534025275823464509738606527
0.2534201550192152688480229417
0.2534201550192152688480229417
0.2534201550192152688480229417
0.2536293378575043620787827701
0.2536293378575043620787827701
0.2536293378575043620787827701
0.2533483790375291641959398780
0.2533483790375291641959398780
0.2533483790375291641959398780
0.2527944993633433913747125642
0.2527944993633433913747125642
0.2527944993633433913747125642
0.2527944993633433913747125642
0.2527478805260531446977804373
0.2527478805260531446977804373
0.2527478805260531446977804373
0.2531086368334656652265238615
0.2531086368334656652265238615
0.2531086368334656652265238615
0.2529872000151686737041603451
0.2529872000151686737041603451
0.2529872000151686737041603451
0.2530423618350550434965967461
0.2530423618350550434965967461
0.2530423618350550434965967461
0.2526996816841339160493805567
0.2526996816841339160493805567
0.2526996816841339160493805567
0.2524122015607379111954129545
0.2524122015607379111954129545
0.2524122015607379111954129545
0.2523670218382900625298403017
0.2523670218382900625298403017
0.2523670218382900625298403017
0.2520702813823789305907493479
0.2520702813823789305907493479
0.2520702813823789305907493479
0.2520702813823789305907493479
0.2527367384980307573111453095
0.2527367384980307573111453095
0.2527367384980307573111453095
0.2526888966278853141164524770
0.2526888966278853141164524770
0.2526888966278853141164524770
0.2526139563511222505808493463
0.2526139563511222505808493463
0.2526139563511222505808493463
0.2525049401896081065181911892
0.2525049401896081065181911892
0.2525049401896081065181911892
0.2525484202983581849602126172
0.2525484202983581849602126172
0.2525484202983581849602126172
0.2526236329975300039663893894
0.2526236329975300039663893894
0.2526236329975300039663893894
0.2527515116524424140352347431
0.2527515116524424140352347431
0.2527515116524424140352347431
0.2528356209476474122627843765
0.2528356209476474122627843765
0.2528356209476474122627843765
0.2528912490902212286199064909
0.2528912490902212286199064909
0.2528912490902212286199064909
0.2528912490902212286199064909
0.2528102547650490267392888617
0.2528102547650490267392888617
0.2528102547650490267392888617
0.2527465513384469440923902142
0.2527465513384469440923902142
0.2527465513384469440923902142
0.2527935024695622497354848761
0.2527935024695622497354848761
0.2527935024695622497354848761
0.2526137425496844917779263455
0.2526137425496844917779263455
0.2526137425496844917779263455
0.2522657843002995937934527693
0.2522657843002995937934527693
0.2522657843002995937934527693
0.2520833161769520708346082453
0.2520833161769520708346082453
0.2520833161769520708346082453
0.2516558124695076470940181846
0.2516558124695076470940181846
0.2516558124695076470940181846
0.2513759369682567506034421332
0.2513759369682567506034421332
0.2513759369682567506034421332
0.2513759369682567506034421332
0.2513291999007231910986366860
0.2513291999007231910986366860
0.2513291999007231910986366860
0.2510914580224175564800060613
0.2510914580224175564800060613
0.2510914580224175564800060613
0.2509448806231752773580333304
0.2509448806231752773580333304
0.2509448806231752773580333304
0.2508084134846636420664160964
0.2508084134846636420664160964
0.2508084134846636420664160964
0.2506998132050177977690875568
0.2506998132050177977690875568
0.2506998132050177977690875568
0.2507645913953344273124677455
0.2507645913953344273124677455
0.2507645913953344273124677455
0.2506669699043614841106594442
0.2506669699043614841106594442
0.2506669699043614841106594442
0.2507491481838777766512807341
0.2507491481838777766512807341
0.2507491481838777766512807341
0.2507491481838777766512807341
0.2510014226122789222440988385
0.2510014226122789222440988385
0.2510014226122789222440988385
0.2507206536832928493734651058
0.2507206536832928493734651058
0.2507206536832928493734651058
0.2507746579947981609634446261
0.2507746579947981609634446261
0.2507746579947981609634446261
0.2508813790192211161224025558
0.2508813790192211161224025558
0.2508813790192211161224025558
0.2510093497800013031319420848
0.2510093497800013031319420848
0.2510093497800013031319420848
0.2513402749689669549743522594
0.2513402749689669549743522594
0.2513402749689669549743522594
0.2514954439194912864739751523
0.2514954439194912864739751523
0.2514954439194912864739751523
0.2511313023679074824353906109
0.2511313023679074824353906109
0.2511313023679074824353906109
0.2512159496450826011226023362
0.2512159496450826011226023362
0.2512159496450826011226023362
0.2512159496450826011226023362
0.2511162426640221299072567457
0.2511162426640221299072567457
0.2511162426640221299072567457
0.2513388360590265054112402098
0.2513388360590265054112402098
0.2513388360590265054112402098
0.2513242758165668492700977901
0.2513242758165668492700977901
0.2513242758165668492700977901
0.2514694312340552061302615556
0.2514694312340552061302615556
0.2514694312340552061302615556
0.2513684782368242077571257781
0.2513684782368242077571257781
0.2513684782368242077571257781
0.2512424822468213960283863151
0.2512424822468213960283863151
0.2512424822468213960283863151
0.2512970133883071000605455459
0.2512970133883071000605455459
0.2512970133883071000605455459
0.2511874199552429051725973541
0.2511874199552429051725973541
0.2511874199552429051725973541
0.2511874199552429051725973541
0.2511272371402987232010453344
0.2511272371402987232010453344
0.2511272371402987232010453344
0.2510289905392540603150532044
0.2510289905392540603150532044
0.2510289905392540603150532044
0.2510173936787567442734297099
0.2510173936787567442734297099
0.2510173936787567442734297099
0.2508381770137659073545659254
0.2508381770137659073545659254
0.2508381770137659073545659254
0.2508791590383389347812587389
0.2508791590383389347812587389
0.2508791590383389347812587389
0.2506933911310527919938971482
0.2506933911310527919938971482
0.2506933911310527919938971482
0.2506017249409432674242903852
0.2506017249409432674242903852
0.2506017249409432674242903852
0.2507072545456983506227758787
0.2507072545456983506227758787
0.2507072545456983506227758787
0.2507072545456983506227758787
0.2505993636238294755157889642
0.2505993636238294755157889642
0.2505993636238294755157889642
0.2506191135752896116429877753
0.2506191135752896116429877753
0.2506191135752896116429877753
0.2504621163213984654376819983
0.2504621163213984654376819983
0.2504621163213984654376819983
0.2506824179745822249429037980
0.2506824179745822249429037980
0.2506824179745822249429037980
0.2508181304427669079592782932
0.2508181304427669079592782932
0.2508181304427669079592782932
0.2508912521241309955249279590
0.2508912521241309955249279590
0.2508912521241309955249279590
0.2510057327013840128021105491
0.2510057327013840128021105491
0.2510057327013840128021105491
0.2513181410530210943045353311
0.2513181410530210943045353311
0.2513181410530210943045353311
0.2512986377257140772658463933
0.2512986377257140772658463933
0.2512986377257140772658463933
0.2512986377257140772658463933
0.2511710280537924510473575255
0.2511710280537924510473575255
0.2511710280537924510473575255
0.2510701258791431504026883843
0.2510701258791431504026883843
0.2510701258791431504026883843
0.2511876375773131773953431908
0.2511876375773131773953431908
0.2511876375773131773953431908
0.2509392493591001560242860797
0.2509392493591001560242860797
0.2509392493591001560242860797
0.2508501615323612661284006056
0.2508501615323612661284006056
0.2508501615323612661284006056
0.2508422649150055226494524771
0.2510200550174149024570645063
0.2510200550174149024570645063
0.2510200550174149024570645063
0.2507763370767162622526246139
0.2507763370767162622526246139
0.2507763370767162622526246139
0.2507521554379853754291557386
0.2507521554379853754291557386
0.2507521554379853754291557386
0.2506983587179635241203137478
0.2506983587179635241203137478
0.2506983587179635241203137478
0.2509204171558105912297934538
0.2509204171558105912297934538
0.2509204171558105912297934538
0.2508853367583820195323270517
0.2508853367583820195323270517
0.2508853367583820195323270517
0.2509292178341969171134778904
0.2509292178341969171134778904
0.2509292178341969171134778904
0.2509856445639007902364080440
0.2509856445639007902364080440
0.2509856445639007902364080440
0.2509856445639007902364080440
0.2511517429094975117887374864
0.2511517429094975117887374864
0.2511517429094975117887374864
0.2511277794908429022796344892
0.2511277794908429022796344892
0.2511277794908429022796344892
0.2511048025875360958495888738
0.2511048025875360958495888738
0.2511048025875360958495888738
0.2511442747406133391166082566
0.2511442747406133391166082566
0.2511442747406133391166082566
0.2512159696697227479172482124
0.2512159696697227479172482124
0.2512159696697227479172482124
0.2510058633068656016990533157
0.2510058633068656016990533157
0.2510058633068656016990533157
0.2508555191847443366579804146
0.2508555191847443366579804146
0.2508555191847443366579804146
0.2508803656608523204049183808
0.2508803656608523204049183808
0.2508803656608523204049183808
0.2508803656608523204049183808
