0.2445145882151493465094647385
0.2445145882151493465094647385
0.2445145882151493465094647385
0.2363578480307513880573523920
0.2363578480307513880573523920
0.2363578480307513880573523920
0.2376143758838263622984790731
0.2376143758838263622984790731
0.2376143758838263622984790731
0.2432787703904941916096395144
0.2432787703904941916096395144
0.2432787703904941916096395144
0.2492932535521484598169011790
0.2492932535521484598169011790
0.2492932535521484598169011790
0.2513968395947289097228162988
0.2513968395947289097228162988
0.2513968395947289097228162988
0.2492182827339761332921649101
0.2492182827339761332921649101
0.2492182827339761332921649101
0.2519971861902978406273398579
0.2519971861902978406273398579
0.2519971861902978406273398579
0.2518630718594198159284853162
0.2518630718594198159284853162
0.2518630718594198159284853162
0.2518630718594198159284853162
0.2532909974204995964502292928
0.2532909974204995964502292928
0.2532909974204995964502292928
0.2518048550913017963498825415
0.2518048550913017963498825415
0.2518048550913017963498825415
0.2530953100213924195403772061
0.2530953100213924195403772061
0.2530953100213924195403772061
0.2529547649094994764375374836
0.2529547649094994764375374836
0.2529547649094994764375374836
0.2524369063945012226834811465
0.2524369063945012226834811465
0.2524369063945012226834811465
0.2517251118554730346359015750
0.2517251118554730346359015750
0.2517251118554730346359015750
0.2515515597454741900037147882
0.2515515597454741900037147882
0.2515515597454741900037147882
0.2517177867681178712007645178
0.2517177867681178712007645178
0.2517177867681178712007645178
0.2517177867681178712007645178
0.2523618419336822115282407095
0.2523618419336822115282407095
0.2523618419336822115282407095
0.2526192812162455057369384723
0.2526192812162455057369384723
0.2526192812162455057369384723
0.2530297003196686227358011453
0.2530297003196686227358011453
0.2530297003196686227358011453
0.2550413406855752074711897515
0.2550413406855752074711897515
0.2550413406855752074711897515
0.2547288013019671245266377034
0.2547288013019671245266377034
0.2547288013019671245266377034
0.2536581682114451827453442134
0.2536581682114451827453442134
0.2536581682114451827453442134
0.2527500157573898640171526559
0.2527500157573898640171526559
0.2527500157573898640171526559
0.2532375819411416237747554674
0.2532375819411416237747554674
0.2532375819411416237747554674
0.2532375819411416237747554674
0.2528189764822445962218548100
0.2528189764822445962218548100
0.2528189764822445962218548100
0.2524768330398024433122155330
0.2524768330398024433122155330
0.2524768330398024433122155330
0.2526269534141562456015859057
0.2526269534141562456015859057
0.2526269534141562456015859057
0.2533299705050230048498801912
0.2533299705050230048498801912
0.2533299705050230048498801912
0.2531821959680866414339715437
0.2531821959680866414339715437
0.2531821959680866414339715437
0.2524264101864921838389226165
0.2524264101864921838389226165
0.2524264101864921838389226165
0.2520251075157972874851085789
0.2520251075157972874851085789
0.2520251075157972874851085789
0.2519953487517138724443493479
0.2519953487517138724443493479
0.2519953487517138724443493479
0.2513267253055438333556112527
0.2513267253055438333556112527
0.2513267253055438333556112527
0.2513267253055438333556112527
0.2511812238250163542734740588
0.2511812238250163542734740588
0.2511812238250163542734740588
0.2513582753920153195881907104
0.2513582753920153195881907104
0.2513582753920153195881907104
0.2515847965602594966153535214
0.2515847965602594966153535214
0.2515847965602594966153535214
0.2520755141047531258181515763
0.2520755141047531258181515763
0.2520755141047531258181515763
0.2524714649106645879980677930
0.2524714649106645879980677930
0.2524714649106645879980677930
0.2516221497189208322110130809
0.2516221497189208322110130809
0.2516221497189208322110130809
0.2515527582646432583038858759
0.2515527582646432583038858759
0.2515527582646432583038858759
0.2519468820761534134900428670
0.2519468820761534134900428670
0.2519468820761534134900428670
0.2519468820761534134900428670
0.2521067618379384909141632440
0.2521067618379384909141632440
0.2521067618379384909141632440
0.2513518387838271618664225306
0.2513518387838271618664225306
0.2513518387838271618664225306
0.2508909760966496399558678478
0.2508909760966496399558678478
0.2508909760966496399558678478
0.2509849443857614312361841145
0.2509849443857614312361841145
0.2509849443857614312361841145
0.2507366592940256024317279687
0.2507366592940256024317279687
0.2507366592940256024317279687
0.2507062171638559897615556993
0.2507062171638559897615556993
0.2507062171638559897615556993
0.2498977311820454700395646496
0.2498977311820454700395646496
0.2498977311820454700395646496
0.2493386171361835580085484325
0.2493386171361835580085484325
0.2493386171361835580085484325
0.2493386171361835580085484325
0.2487626802847103777061733669
0.2487626802847103777061733669
0.2487626802847103777061733669
0.2485911855853770159648149581
0.2485911855853770159648149581
0.2485911855853770159648149581
0.2488320895511647875168195555
0.2488320895511647875168195555
0.2488320895511647875168195555
0.2489908387420670001390970328
0.2489908387420670001390970328
0.2489908387420670001390970328
0.2489387850586586003394519553
0.2489387850586586003394519553
0.2489387850586586003394519553
0.2496278401161001690894649838
0.2496278401161001690894649838
0.2496278401161001690894649838
0.2490465671643243694803888454
0.2490465671643243694803888454
0.2490465671643243694803888454
0.2491793503525472549431907673
0.2491793503525472549431907673
0.2491793503525472549431907673
0.2489972966664633009807097345
0.2489972966664633009807097345
0.2489972966664633009807097345
0.2489972966664633009807097345
0.2486099998705600778089198167
0.2486099998705600778089198167
0.2486099998705600778089198167
0.2485354255481738910765536610
0.2485354255481738910765536610
0.2485354255481738910765536610
0.2481689658138135013455080411
0.2481689658138135013455080411
0.2481689658138135013455080411
0.2483957423457957339806757809
0.2483957423457957339806757809
0.2483957423457957339806757809
0.2486629218637276072824551192
0.2486629218637276072824551192
0.2486629218637276072824551192
0.2489982271319434631174927123
0.2489982271319434631174927123
0.2489982271319434631174927123
0.2490851759503300832020216577
0.2492922325816623677207502167
0.2492922325816623677207502167
0.2492922325816623677207502167
0.2495953425185064564573606321
0.2495953425185064564573606321
0.2495953425185064564573606321
0.2493239412471889112962714868
0.2493239412471889112962714868
0.2493239412471889112962714868
0.2492107704770435982867791165
0.2492107704770435982867791165
0.2492107704770435982867791165
0.2492186148572435903748946001
0.2492186148572435903748946001
0.2492186148572435903748946001
0.2492623585477152466155819295
0.2492623585477152466155819295
0.2492623585477152466155819295
0.2492343242244374108512581449
0.2492343242244374108512581449
0.2492343242244374108512581449
0.2492343242244374108512581449
0.2494480717458231076638040262
0.2494480717458231076638040262
0.2494480717458231076638040262
0.2495438782105735663221354891
0.2495438782105735663221354891
0.2495438782105735663221354891
0.2494041424373283995501289958
0.2494041424373283995501289958
0.2494041424373283995501289958
0.2490697895213689996603636039
0.2490697895213689996603636039
0.2490697895213689996603636039
0.2492202441043795290754338808
0.2492202441043795290754338808
0.2492202441043795290754338808
0.2492424750924460673045436612
0.2492424750924460673045436612
0.2492424750924460673045436612
0.2488802760763041347983885104
0.2488802760763041347983885104
0.2488802760763041347983885104
0.2484221319277051671017593429
0.2484221319277051671017593429
0.2484221319277051671017593429
0.2484221319277051671017593429
0.2484919368015861159387840313
0.2484919368015861159387840313
0.2484919368015861159387840313
0.2484807113832441954946469360
0.2484807113832441954946469360
0.2484807113832441954946469360
0.2485407783228071898344498491
0.2485407783228071898344498491
0.2485407783228071898344498491
0.2485499471405966531327177405
0.2485499471405966531327177405
0.2485499471405966531327177405
0.2484153644191180133242635224
0.2484153644191180133242635224
0.2484153644191180133242635224
0.2484655703317707938325268938
0.2484655703317707938325268938
0.2484655703317707938325268938
0.2483981532109581768590920547
0.2483981532109581768590920547
0.2483981532109581768590920547
0.2484180163715569178547104181
0.2484180163715569178547104181
0.2484180163715569178547104181
0.2485904107836758931584172679
0.2485904107836758931584172679
0.2485904107836758931584172679
0.2485904107836758931584172679
0.2483919991157634715201592928
0.2483919991157634715201592928
0.2483919991157634715201592928
0.2485125878903407271192748455
0.2485125878903407271192748455
0.2485125878903407271192748455
0.2482760411991159559066946180
0.2482760411991159559066946180
0.2482760411991159559066946180
0.2483239854652444088655803807
0.2483239854652444088655803807
0.2483239854652444088655803807
0.2482516744726554172547831246
0.2482516744726554172547831246
0.2482516744726554172547831246
0.2484690396145204194411145684
0.2484690396145204194411145684
0.2484690396145204194411145684
0.2485572905641076858804007319
0.2485572905641076858804007319
0.2485572905641076858804007319
0.2486664380251220127055192368
0.2486664380251220127055192368
0.2486664380251220127055192368
0.2486664380251220127055192368
0.2488959124802517097616082836
0.2488959124802517097616082836
0.2488959124802517097616082836
0.2486233376592845139594100860
0.2486233376592845139594100860
0.2486233376592845139594100860
0.2486659429404521933695469965
0.2486659429404521933695469965
0.2486659429404521933695469965
0.2488421879762416874443127196
0.2488421879762416874443127196
0.2488421879762416874443127196
0.2487815029060637326265452645
0.2487815029060637326265452645
0.2487815029060637326265452645
0.2485747379538848979528191835
0.2485747379538848979528191835
0.2485747379538848979528191835
0.2488702815733648101885131193
0.2488702815733648101885131193
0.2488702815733648101885131193
0.2488460479826223123055066630
0.2488460479826223123055066630
0.2488460479826223123055066630
0.2488460479826223123055066630
0.2486843674402217098008826524
0.2486843674402217098008826524
0.2486843674402217098008826524
0.2487389933788397175095863721
0.2487389933788397175095863721
0.2487389933788397175095863721
0.2483938863307884295159363560
0.2483938863307884295159363560
0.2483938863307884295159363560
0.2484125559297688573598749908
0.2484125559297688573598749908
0.2484125559297688573598749908
0.2484182038889876127175204835
0.2484182038889876127175204835
0.2484182038889876127175204835
0.2483978656163797308110861342
0.2483978656163797308110861342
0.2483978656163797308110861342
0.2483667648740705236095411999
0.2483667648740705236095411999
0.2483667648740705236095411999
0.2483428644433777219520065469
0.2483428644433777219520065469
0.2483428644433777219520065469
0.2485142592736724717943330348
0.2485142592736724717943330348
0.2485142592736724717943330348
0.2485142592736724717943330348
0.2487217637751742148076043008
0.2487217637751742148076043008
0.2487217637751742148076043008
0.2487708360749922747981353820
0.2487708360749922747981353820
0.2487708360749922747981353820
0.2487917727017917292083680600
0.2487917727017917292083680600
0.2487917727017917292083680600
0.2487117837292501075371726736
0.2487117837292501075371726736
0.2487117837292501075371726736
0.2485357987831212824384734739
0.2485357987831212824384734739
0.2485357987831212824384734739
0.2485344234362583670202765989
0.2485344234362583670202765989
0.2485344234362583670202765989
0.2486165490989185709679486486
0.2486165490989185709679486486
0.2486165490989185709679486486
0.2486616794459573928608370321
0.2486616794459573928608370321
0.2486616794459573928608370321
0.2486616794459573928608370321
0.2485211143200026825146694134
0.2485211143200026825146694134
0.2485211143200026825146694134
0.2485154635083683977010228062
0.2485154635083683977010228062
0.2485154635083683977010228062
0.2483498852392734893031028979
0.2483498852392734893031028979
0.2483498852392734893031028979
0.2484219689363942035451480209
0.2484219689363942035451480209
0.2484219689363942035451480209
0.2485475235117033217589223870
0.2485475235117033217589223870
0.2485475235117033217589223870
0.2487344238544775192412046088
0.2487344238544775192412046088
0.2487344238544775192412046088
0.2485386255442936772099037369
0.2485386255442936772099037369
0.2485386255442936772099037369
0.2484501427186210232664209638
0.2484501427186210232664209638
0.2484501427186210232664209638
0.2484501427186210232664209638
0.2484630410244855839558361060
0.2484630410244855839558361060
0.2484630410244855839558361060
0.2486245090582619882554400320
0.2486245090582619882554400320
0.2486245090582619882554400320
0.2486132922722254488703841086
0.2486132922722254488703841086
0.2486132922722254488703841086
0.2487909633215157877874718538
0.2487909633215157877874718538
0.2487909633215157877874718538
0.2488809448538969880905436757
0.2488809448538969880905436757
0.2488809448538969880905436757
0.2488537808690143630142599497
0.2488537808690143630142599497
0.2488537808690143630142599497
0.2487949448561567017895558247
0.2487949448561567017895558247
0.2487949448561567017895558247
0.2488139852470938173381902784
0.2488139852470938173381902784
0.2488139852470938173381902784
0.2488882824978507771780797721
0.2488882824978507771780797721
0.2488882824978507771780797721
0.2488882824978507771780797721
0.2489008688555265130096475368
0.2489008688555265130096475368
0.2489008688555265130096475368
0.2487509961866057137972346516
0.2487509961866057137972346516
0.2487509961866057137972346516
0.2489520350652206195118753112
0.2489520350652206195118753112
0.2489520350652206195118753112
0.2489382282226370827758429861
0.2489382282226370827758429861
0.2489382282226370827758429861
0.2489249785049985416134118779
0.2489249785049985416134118779
0.2489249785049985416134118779
0.2488285209578368744372944175
0.2488285209578368744372944175
0.2488285209578368744372944175
0.2488485745484921058798957319
0.2488485745484921058798957319
0.2488485745484921058798957319
0.2488750023815293836132492864
0.2487950163471219854092293358
0.2487950163471219854092293358
0.2487950163471219854092293358
0.2486454644777186338373448867
0.2486454644777186338373448867
0.2486454644777186338373448867
0.2488150368022641329745494474
0.2488150368022641329745494474
0.2488150368022641329745494474
0.2487860659353612750867771695
0.2487860659353612750867771695
0.2487860659353612750867771695
0.2489223014200509766864492356
0.2489223014200509766864492356
0.2489223014200509766864492356
0.2490017918001906836031073428
0.2490017918001906836031073428
0.2490017918001906836031073428
0.2490017918001906836031073428
0.2490681923830285477609466294
0.2490681923830285477609466294
0.2490681923830285477609466294
0.2490897367646490093644095760
0.2490897367646490093644095760
0.2490897367646490093644095760
0.2492633463452244558089450306
0.2492633463452244558089450306
0.2492633463452244558089450306
0.2494978650800568824633285100
0.2494978650800568824633285100
0.2494978650800568824633285100
0.2495608810306920244952536813
0.2495608810306920244952536813
0.2495608810306920244952536813
0.2495958502789571479067779348
0.2495958502789571479067779348
0.2495958502789571479067779348
0.2497039235784441271578339527
0.2497039235784441271578339527
0.2497039235784441271578339527
0.2496996503142458102876195160
0.2496996503142458102876195160
0.2496996503142458102876195160
0.2496996503142458102876195160
