0.01361357951309170313609459151
0.006882569155420740116277746379
0.03125267478301538963362303874
0.02323634733511634873897433741
0.03105222523833870407791970007
0.02589919180641537863634452068
0.02248368241920194998017036211
0.02000304373657519238944613334
0.01801006408515829024855625599
0.01658796981590981123982045978
0.01539174060902911553429199054
0.01459847205078625116849572777
0.01801977142381894352396902464
0.01706066543661512274117128075
0.01616034770477538325710532241
0.01541633742638043383177481023
0.01473237156608032760583585947
0.01416902601866874385434650121
0.01372768180315474150745587499
0.01337761984971069422518810029
0.01294287046132968894071416799
0.01259989402034048004815678878
0.01229865763647820216101762622
0.01200145093975026006950578279
0.01177756867827841223280989253
0.01217762959010317517763819967
0.01192091989814173984211974777
0.01349860805532729361439018463
0.01317058645539426132431838734
0.01335077851201575785463784546
0.01307766796121643377229830515
0.01283153917854098448233001347
0.01258697298022075912398634803
0.01235740074284257132996541976
0.01215276871192883268553860388
0.01194488699029424142798767840
0.01173159876727564619655816218
0.01157870578487116676704577789
0.01140360118654358818224653738
0.01121759869575168782520634494
0.01105338475565075709310632777
0.01091752557255780748321592185
0.01136877329218715086174176131
0.01122630449970916818449656791
0.01109474167054336582199690952
0.01097705638505654771272725273
0.01081387009606646979023744360
0.01071190987565957131549494045
0.01058391762856045907699447245
0.01047276304270238270592402584
0.01038691529149336116457383002
0.01029227965870764826932990846
0.01115921085552965809746525757
0.01197221191707066387218825779
0.01210413235115559452392692785
0.01197503624178911059394665732
0.01187479296723751134964784115
0.01174950322675019894252706229
0.01163176306484951224058372385
0.01182266498035967801216458120
0.01222803135558547270083947173
0.01211675825381584647053469713
0.01202047612058679702738681742
0.01192891200385433792996162873
0.01184161784608783516408196653
0.01176284924608055425872418591
0.01166914641598848417164229294
0.01158232292503386424703047881
0.01150017759154047356410059237
0.01141211090303498188414024324
0.01132896229453298294074343509
0.01124980547517475452334640202
0.01118952334036689894509877683
0.01111133276912633429462221556
0.01104859836795338769502610229
0.01097594793083500159621029999
0.01090373594361015272664315616
0.01083933334069383077142454938
0.01077125157697053368133958524
0.01072180646868182797903414995
0.01064644874249387348492859600
0.01057509230472078251130614440
0.01052002855630469996332621987
0.01045203263838154811607164026
0.01039467985943853698336147280
0.01033652662255658488679538480
0.01028279063310692206877406872
0.01023934170820769769590675873
0.01018025969523690762835431763
0.01011491803358320586776017549
0.01033302311814221820929874225
0.01028849552233417977895943260
0.01022199664035193085096178173
0.01016462684620217877655769113
0.01013651123597421470147174366
0.01008150196914700121996292968
0.01002990311862098406352341949
0.009991663945688033430122971269
0.009942331689331288583611947942
0.009907987585794162506369184875
0.009864862067578305125125416596
0.009823002963245058574092575513
0.009791727457259522792689497058
0.009747403565080401935272956198
0.009720308818630233450878564657
0.009682169183914073444847409761
0.009644494868900086502430737459
0.01006398599872004957691381159
0.01002049696076904458727733073
0.009972352581980828187175823805
0.009935828359165115866884042542
0.01033656240744026507800820392
0.01029800012056528412603952238
0.01025307397177747693183392190
0.01021176933132438787609812318
0.01018424842802173800566514273
0.01014906753453773698831623195
0.01010619611164764272727975057
0.01050010144393160708343260503
0.01046377432490803733744013240
0.01043371890620854148341782373
0.01038937908700527752547759952
0.01035193147593222969440129148
0.01031070425056228355430662106
0.01026381589606186012427170376
0.01021650352946901310956043166
0.01057841241284370470607380160
0.01053585647788600659855376886
0.01050730073518713845382032326
0.01046038998581997408124851570
0.01041833268796208384581040348
0.01056752809751963645685482654
0.01053019386965537959199776251
0.01049352316907810483342460792
0.01082082659878871898646983518
0.01078170149490275928031374324
0.01074883437689385083980449671
0.01070424359887032121177218894
0.01066433586176501448025303609
0.01062834094384445593564882148
0.01059155132012687793777190299
0.01055220717668652087575694156
0.01051618202050145857413323714
0.01065217175457593741926999622
0.01061206320025544673366496766
0.01057363967048023509948683665
0.01052943805315336199198125768
0.01049208086968612425936591982
0.01045748506230000304067005354
0.01042378463092498769530138500
0.01039492392236921678183390477
0.01036703425121881683075756984
0.01050169680070519344396521474
0.01046632277862222793739590544
0.01044008424108201281440865544
0.01040177337728541795543043926
0.01036933619717497309636305737
0.01033877827996684644824963005
0.01030319863148839417427101548
0.01026808239108875038058458140
0.01024161150240793924359907228
0.01021451058625166422687802053
0.01018598616983055536256453658
0.01016409108148962854614135403
0.01012963911965388779281186983
0.01010733296279785417535213280
0.01007270988782860197560336073
0.01004253154682484119542338496
0.01001202555768682457620311120
0.009993773333185356559864009325
0.009967086209032833635077902400
0.009945239688992298822985770569
0.009925964995715117024467719138
0.009895947205658174426060127368
0.009874012563188985937584595724
0.009850825046740218495722480110
0.009816791252573307153465679172
0.009793501531619564052240939597
0.01004594733231188023981269807
0.01002289320845600883829132033
0.01000086391567769573090327105
0.009975156394730261538141390989
0.009957152709005087265887615900
0.009928373323630895011714143899
0.009905144313941418559088398853
0.009884931593443534711289275272
0.009861021497281239870586548239
0.009837205504304122228782627533
0.009900665613805429703450939801
0.009875280187036089221305738003
0.009855724982838475107994327130
0.009895134838010972522141045589
0.009887050108935358914490714801
0.009859027520604731438218004818
0.009964626725033460152976167935
0.009944480528243077935993792841
0.009919552551122232993083977670
0.009901058552361248165253401558
0.009879794657798754132327546336
0.009852189421197356142751902563
0.009829539955871639156967577136
0.01005346067016413944121084713
0.01002626427941480409057650945
0.01000478163095785424090241016
0.009982002010746576031121213009
0.009955841470076735053517558865
0.009932309980172956371042052027
0.01014951071422740433277814408
0.01013272427045974320806461407
0.01010929127946864968618432283
0.01032834060625494631008196564
0.01030089856580262285971263204
0.01027575867591803374321553989
0.01025384049105076586390828627
0.01023152965810438999856129496
0.01020586130641750911033429001
0.01018281792802283138339775440
0.01015995845498699450142424467
0.01013626897017117780846440840
0.01011815175101773899541453857
0.01009515973748256639244033087
0.01006802650536114621468378360
0.01004869041041006478856111136
0.01002700058838707537182738689
0.01005918271557730041880764620
0.01004403213504575107084797219
0.01002677094082392050479492161
0.01000974695568710806142362740
0.009990427348423414048546666804
0.009967587282263094431818484704
0.009946437911649201084274433772
0.009927360126491003972196906073
0.009915230254080027128971632619
0.009895122577897668381685183366
0.009868685300877788015713146058
0.009853825240734107527050005540
0.009837146633115535547068089081
0.009819958990189081586441579385
0.009804886016247589359746971266
0.009779609274208952690278290544
0.009765313527655403947407236936
0.009744300888532267094174487959
0.009726341226114855908701345230
0.009711477971660500671910043471
0.009691320329035402133413232556
0.009774863654758640349359479507
0.009766924380497361564449571940
0.009750265105134818717477425011
0.009731891265107055524461947115
0.009711806478852758270037503638
0.009694339786031894340771848506
0.009675028398351761171701849886
0.009653581716544385513367249331
0.009634930325010908594263883424
0.009622661525678883642083490044
0.009611492061812713600918889840
0.009597421555121066983221097211
0.009577340118277925541956351286
0.009564879153355056495540777896
0.009548949462529106035697729732
0.009532648801807008668737629930
0.009517707467279466907996008107
0.009500533901436044715520355662
0.009488305790585153401498268864
0.009476649961537356674330355835
0.009457058934910550950709071899
0.009445473384083728197481640247
0.009426539921135343083764737265
0.009407389792501354006124665546
0.009387383065395850745372225880
0.009369341221360485849704878967
0.009352343134774161134265912756
0.009341127138530652486979474369
0.009328494010077831246925927050
0.009312269645840497536738269096
0.009297496148395423513278382295
0.009283467516053195936784817565
0.009268776499419943629119004119
0.009254540175933417741084152789
0.009245378481662606044709768793
0.009231691699467390803740605789
0.009215837982023780782821886057
0.009203639660939651239497990316
0.009190155124418692422275770471
0.009177742985635776216918182853
0.009164133961083503955567879924
0.009152585630500258664308447509
0.009141876489041922527608894422
0.009132401757757650554409629489
0.009119070185554472701706517373
0.009105001493993410599796801321
0.009096078263019965641119476743
0.009250670017844900220336066628
0.009236239825106231768047912153
0.009223690135255127133870586256
0.009209493909402048889177376980
0.009198571518799356148320388886
0.009180697446845081539126990223
0.009161504550274394037670693376
0.009144446514011900940944816147
0.009128426484793486509378537939
0.009115973146722080411293287097
0.009102824464295646201071999530
0.009087436120567860774334577859
0.009073482447309581139235118453
0.009065930217623420897967291984
0.009052045318975220610933646711
0.009040121721917033783391833374
0.009028201906210735709030422486
0.009015996814286269027305451830
0.009005578053340608593647697581
0.008994870166827742347613078506
0.008983846852082682481442217355
0.008976144247464495315120236350
0.008969049728904843376027606595
0.008954440946404892025741341916
0.008943633942936523908480052261
0.008930533473691159192384284745
0.008919080322713949491760416710
0.008906894279400434442698791800
0.008891160962069327610993455173
0.008881789344964263907581436993
0.008868461919405067816672866150
0.008857642992049576520384112724
0.008847583130554677558633859813
0.008836492389527482876724652371
0.008825163493856125261842432404
0.008814159928310536087283407483
0.008802504177524678943920374934
0.008792434995977446616458699675
0.008781463427669584584228021305
0.008773260313576453465355982330
0.008759125387354624515200099819
0.008745337287877573755291817180
0.008735214686557884028410841550
0.008726355404819464746387283120
0.008714343459360049321773526818
0.008703752405064293268984672639
0.008695449966045800294346911994
0.008689066154078271236639975175
0.008754158673631264955749311323
0.008742424207692306978199313832
0.008728593956478213687883359864
0.008722220786428770519789251275
0.008717710654869946446887887372
0.008849108898332157604901180951
0.008985624423959410721826114471
0.008970032706341230729306919071
0.008961856007938497984514535197
0.008950972800859005573835757858
0.008945055930893258706078386826
0.008933054650657731150563012789
0.009064262769580479545456475126
0.009058145712365896465385041203
0.009045168791205644252369069385
0.009036945621367426639787150976
0.009026062018812264690390937620
0.009015484838378157247090364572
0.009008634243465923676056472420
0.009000460731006158273918389839
0.008993834084534407981577896781
0.008983371982111697939389185394
0.008975298140643409329123490586
0.009100009937005676866610455230
0.009088993977703585538509192495
0.009080199122649262001004158924
0.009071152689336169078506312084
0.009061924695856006911055336980
0.009050718617313484127795517320
0.009043780106126424869706564483
0.009033855606101209678475508340
0.009020173042320643116705934042
0.009012711082969354667002388667
0.009002208394460652688756357870
0.008988643433751345153659995904
0.009109936077949713041958910277
0.009101823774562732791413496886
0.009092290012651836456246056346
0.009079974122471788285458705526
0.009073092706054962688488262204
0.009131341094132610863209538217
0.009125448694587674640171433668
0.009114328476777762115890328219
0.009104581841374594071042061043
0.009093290181348934983406765923
0.009084952622853076388802693917
0.009206144039092566074930911269
0.009196309874326575641677262420
0.009188152723027851133663067122
0.009307080946727649578427227591
0.009296274195026545692327800244
0.009288933551821262556097194039
0.009407541161348488724526564736
0.009399353834142160921375935124
0.009387161906038697546939879117
0.009409613224513092820289167082
0.009401324995538345024184058238
0.009393037580226563748438128679
0.009381841206976398669946785985
0.009431786608238510824925441793
0.009425278902850644274154085715
0.009415914030565779748714059804
0.009408030544602700848644702552
0.009394717592429877748565688152
0.009508171245417404211915520123
0.009495339867526265905915776914
0.009487522581432134151390625522
0.009474755337386102025579003504
0.009465518358077093748186117451
0.009455871112141518465929375551
0.009564955553266119447588336909
0.009553318883498225367621360334
0.009661885096317710259043486488
0.009694260817884708172630568894
0.009681999690349073094996524171
0.009675495154971380217095920325
0.009666058389934963263599231761
0.009656799565401547869769369432
0.009647185745290653142113845475
0.009639635477440780190733581325
0.009630209392040780330527458537
0.009622560740103204497155911328
0.009612503193800385131606297851
0.009720581854606449464273496071
0.009711723373482382261299189021
0.009701073327835046909673015837
0.009693281070256500796257561707
0.009684615232840856989122405480
0.009675511165989860222044283309
0.009660307325931959868282574511
0.009647798759419643597378492979
0.009636707212518053776058005385
0.009630663323284228961702920180
0.009617378045804182860253339456
0.009604264013234678168643704422
0.009596436362541529983764371334
0.009590180890129588091165708851
0.009692593418494343851447289602
0.009681406727005686926252404872
0.009671795398971707581816349466
0.009663440838445789770478099764
0.009654520092972136801608550675
0.009646786647795264813094989930
0.009636885656632877237913143191
0.009628363230573302216187538481
0.009731846492337794596530642213
0.009723483592799137231832325760
0.009713486911392327698508318762
0.009704094424006205357246276262
0.009694951252101103683530089065
0.009686102294587229073535615217
0.009784503919657260950183712359
0.009772728032757719706318445490
0.009761520941807793650608742950
0.009749506733476259899785686683
0.009739687766614686719095286567
0.009733486952620292022495095395
0.009721824804831095737950768296
0.009709351303603967031936747200
0.009699567917094170763252545341
0.009690639737267130685872260640
0.009791458360020643852454935251
0.009780318650451493725522187180
0.009768103346661646085654311311
0.009759470994091361236540902144
0.009749024054286112223777117514
0.009739624191694677559896721216
0.009733018291268111637628106734
0.009726841648654651951727989656
0.009929673550590655777482773124
0.009920828771442554724041341163
0.009911769133124627188880611779
0.009902357251773661789679518317
0.009895507375473920540066766502
0.009885610599966726391020240024
0.009876631964580372485938750658
0.009866563804012590149782090273
0.009858507006203198166505778652
0.009846548934285814498556720249
0.009839759409169355607537852807
0.009863209978150372271932072963
0.009855087539267700436419807357
0.009846453071551077570491929636
0.009835800374378999047045891449
0.009826891942025755100099702118
0.009816868927229475719360197965
0.009809443704133620437894193473
0.009799394251622416188694528155
0.009825043931933506819023532280
0.009818858209142977178716596468
0.009810955675022816600502324314
0.009802188742419526109969445714
0.009792792724411687356447442926
0.009784379310656871982957365120
0.009777761305427563232823678608
0.009769125088810592354385457330
0.009761101464944376452263613576
0.009752002248286901013133401541
0.009745528552805364065258405426
0.009737593350484911004465961466
0.009725805798197791090706297924
0.009718463660474704715186609092
0.009709130903519051009315007115
0.009698621705540137471993127367
0.009689737503393150767449906415
0.009799493584707700995437514721
0.009792774078955612463426772759
0.009785998787723328521731567074
0.009777678224121843662385212470
0.009769886233424878038316490228
0.009761873173353412875220389359
0.009779658818610654771236521587
0.009769354805308643043652949604
0.009761342018735928294314507900
0.009753514306160026309727695547
0.009745689027505170553835283039
0.009735743256465908286504045203
0.009774894336432132703141176942
0.009766049574923056743681803015
0.009757592599121480447740232221
0.009749718552645399164347600975
0.009740164181984059287493040350
0.009732367145339859044853819913
0.009723594216716874825295760810
0.009715022438746912637381813252
0.009707750511685081100333906771
0.009699008894519091004410538298
0.009690135813091187099029760682
0.009682447606025055060511060162
0.009673936444207561708774076955
0.009666371176255480297578735269
0.009656967969088095890322456441
0.009648911626371054037835241986
0.009644226850036404756340713803
0.009635457362081613622353630170
0.009628554850457098284942868702
0.009620895400144774075016752637
0.009611153001901962606447922309
0.009603883598365971677970944968
0.009594792153275404411238618710
0.009587861093562313873825869551
0.009578191392750183231658843618
0.009605238878166512771968630673
0.009598245643383080651562276581
0.009589944516773540039092160050
0.009580587139627724087914587406
0.009571415289116006149877185449
0.009564379518584154274358197110
0.009555971147900576288661448127
0.009549508456931198232765905878
0.009542685333376152838666838834
0.009536128892574441612251964209
0.009527326279455553444857019777
0.009520994546404292542271176727
0.009604220142915038744828377688
0.009596357508797233873809250628
0.009590493637922652222373968619
0.009615278582185621639033427773
0.009654268197861262901534150899
0.009647071091588999487508163546
0.009641332241525094098087953608
0.009633319742295284548726599476
0.009626357076525996885372949706
0.009619690978726102670941481562
0.009614483445188415646227326461
0.009605460075162144882301817113
0.009597162041677438524550978094
0.009592056707928451789750549197
0.009582195516919687354221191402
0.009576335070704522986095095620
0.009569943282651208013277740822
0.009562206268660432952316828882
0.009556043352630366137280036889
0.009546843238917908262642316474
0.009539530438755461142161656591
0.009531578569231552546546746460
0.009523636357825197193293575780
0.009536619320683500769972095946
0.009528001088808352794397081928
0.009518423190690726411000168610
0.009509093139217762113596629241
0.009503539849397288680243663168
0.009498331292537324023144803326
0.009491672333160200910786670937
0.009485761768816812450702639898
0.009564635784302938680225147555
0.009556230852999439356225840952
0.009550376198738869884793116507
0.009544671230437884418902916833
0.009538089147956667243823287493
0.009531135169179122273596855733
0.009523171637034003049573914727
0.009516558049267592588337832322
0.009510607402262110332635143202
0.009503258992141182473457720522
0.009495471495496605281091898230
0.009490447037900468417584852508
0.009483069350181876343834664798
0.009479102542914785429841995085
0.009472627603287206278747476545
0.009552154728119192166285743221
0.009546179677400368160885951695
0.009558613740035555136508917422
0.009551545261794100585216126497
0.009544018277733844590376226553
0.009537956460968644919399110977
0.009529776282210259780851414341
0.009520887082286038248393375107
0.009514094421824857721128610778
0.009507721686212154371393624400
0.009503184582271847331797756688
0.009497027840117387020670421617
0.009490663834295559402056398825
0.009482790162711424374459313786
0.009472710470090931437180155541
0.009467245193019568202818268817
0.009458768660097815606256775598
0.009451817681512487286426985950
0.009444818409939111805099115105
0.009514696436653901990166035056
0.009507671582790184584154165433
0.009501254539481722748875413412
0.009494568131298038162477051416
0.009489038060681310855382315916
0.009484462430586084329378787955
0.009479107987957887400460373024
0.009493881265349062785113335480
0.009488417991492805353046515987
0.009559814532298716877100734348
0.009551064103012584235042730407
0.009546131999223150332202922806
0.009564491850064130003889579460
0.009558138831812804223014019348
0.009548586445708435192525130519
0.009542404384959697682563151263
0.009535176489119253280413651346
0.009528497791597399598516319959
0.009521549697443254394507566776
0.009515592277963452194136045325
0.009508086054107050757075263001
0.009500101135426019395160103027
0.009495071023541065274369630970
0.009490670041085479839110479869
0.009485922260241597120985608558
0.009480086342260508076926624649
0.009475654786494037813454722519
0.009470450298500029313309549928
0.009463918212815475553302032105
0.009457549177735639152066809924
0.009526266238403336398252783097
0.009520595685143211292800809924
0.009514559593046202024508301169
0.009508646231547826714062379890
0.009503482595761828955818772054
0.009497389742761559001039256722
0.009527785371744360009269805554
0.009522193482994915559248395704
0.009517877167802297275561005417
0.009510250834801058263986088008
0.009505399708798106376619845655
0.009499921878799072327147110467
0.009494440429266089650569219948
0.009489017454290726242965233499
0.009482000351715289164507114378
0.009476765865236837481399209619
0.009470796568370937395747232989
0.009464416860366411209723629285
0.009533122520300599821383776155
0.009526917962336180188644795111
0.009521568122889096790003206267
0.009533827520122876541094930183
0.009530443200581392125038786343
0.009522481861282333920137841979
0.009515541948332106773606733625
0.009509014486118361734018165472
0.009504546378252503790874441060
0.009499230769357988569861353041
0.009494382727466340573637194174
0.009488618315582105643196174947
0.009503676495265956949178060140
0.009497412373036652988581836901
0.009490702898542262888037592881
0.009484726506422738856614312645
0.009480223633350016592852126089
0.009472257440432995441012259163
0.009537551382969163134052540265
0.009531484555835269109221081301
0.009526891438248662840730112426
0.009521446838411975892214518148
0.009515613135764076037275095316
0.009510758473738158360415324485
0.009503652884392741413370475351
0.009496495252555561905040607643
0.009492088108008882416226742875
0.009484498790750145977519953061
0.009503594589355168212621448868
0.009496798526807373720979305715
0.009490425316550846310435950057
0.009520641970064124225265397211
0.009514434799282861343873109591
0.009508100861695051378176466680
0.009504714083155129126120729241
0.009497176999568751270946808692
0.009491043958468262220507014003
0.009484346500520646232088635416
0.009477592147970155244030960446
0.009472286657838204158823337970
0.009467331925272692995027850114
0.009461003258750113045864667135
0.009454720156885860061480907661
0.009448278772405115608389337273
0.009440813321836693922484474062
0.009434835030347487512308179686
0.009429110325075151472473039632
0.009448991379058191309967148476
0.009444114309147804099003534875
0.009438941129520590855124557158
0.009433133360803329190866245179
0.009428732031876049787764605301
0.009421188016478696642070227279
0.009420514607748074819694451297
0.009415815684166456832966437324
0.009411404259505551903845582160
0.009405649498038268638792925511
0.009401047496939150844488444516
0.009397050391368863755004494225
0.009391816027849377450364115537
0.009386876627533027080998924210
0.009382099178889002404512099827
0.009447676853977137850928005025
0.009476939784289796913265811982
0.009539224161187157479278805131
0.009532119042410076899269031786
0.009525593131865762774945592776
0.009519042315155293586756316489
0.009512218116306273610058057503
0.009506466372286163697092132801
0.009499711260156126858289537397
0.009493993763849409115881698698
0.009487141004100313793055997302
0.009514654959865538036091378139
0.009508676592598942133103691930
0.009502443241258744268010565500
0.009497853576437583449632901906
0.009493445401166769584315466310
0.009485821157230976474892044995
0.009545620996259638337302471498
0.009538875003654280217561234879
0.009531564944690838177323709301
0.009526672069533282866845624830
0.009521236493272595956671022404
0.009517636158825544752967894884
0.009513389525587335605230156681
0.009509968332684301618863827718
0.009526577773626423762663987283
0.009518295538857688516256129099
0.009513321599720063524950377068
0.009508440741484670087402407857
0.009535769032037666180150977103
0.009530414542920647776366274326
0.009526619469333918087449178496
0.009520911547096130137688451203
0.009580162101620474091407978920
0.009574109891323930993929568475
0.009568153412505103973938771190
0.009627616900851928912607233568
0.009621523390005996636965048690
0.009619185731022608412805890799
0.009613441905952533545029635175
0.009608456786631072587430273268
0.009603156674423138128673500125
0.009599834526148473451753286470
0.009593149531222782001265769956
0.009587151191162839116049770775
0.009581357094263889529734080852
0.009576387755948604902502724360
0.009591378173171085567696727679
0.009584349748010135785845593525
0.009579204667447773281812966436
0.009572919231909561028082741171
0.009567397727846993963586687292
0.009561816979399452243012649864
0.009556247249431956813117339374
0.009550486309004518549040151357
0.009545539862147042317506256062
0.009540294243685757388137673633
0.009533232137492088710409066936
0.009529286651288812591179248858
0.009522822881320069555570031002
0.009517257827404916844622995069
0.009513156268471329671863769642
0.009509125224751147397746419059
0.009503403748124266492017709465
0.009498953095729177419974367679
0.009556242850510434061889617682
0.009551618341488802280070192877
0.009546731343564144009066397440
0.009604487748573205230186301731
0.009598643504549434351091790726
0.009592213806297776552513480085
0.009587805081820396159340449002
0.009582842284509251260655197501
0.009578320177026371302230165063
0.009572687307076371220844506392
0.009567776790895006205456540558
0.009608758241308771413930263827
0.009623280046713999319658364528
0.009618622987479514359027900042
0.009615370084819981473794526586
0.009608537829089875291236997063
0.009601549148357472655856390388
0.009594673638032570184023757922
0.009589395408921650054856679525
0.009584535974538223079822097101
0.009641268154025557087763100827
0.009697989273454111831015276211
0.009691628098292159844867445335
0.009685948135254857966607636414
0.009683028407426883410937393358
0.009707675801827946816121687382
0.009704411440268206647948413929
0.009699908631297258569800250200
0.009753435764245652705545336171
0.009749544065124860285864602792
0.009743810182897554386308597057
0.009738723001375518878433597732
0.009794647849541198280569351441
0.009849574864110861452732550507
0.009844353116353753932963823360
0.009840896086934202659511649809
0.009836248745095788024614961261
0.009831786720932028572048366327
0.009826492547981444503440835482
0.009820652416934111929541630325
0.009816084291623569383048280470
0.009829442038378288597563968676
0.009823848752606559022882286437
0.009818832549977371942844775876
0.009871744435595579090190302426
0.009865455970213331211738840007
0.009861299358370196033963625968
0.009854040674041249710816002971
0.009848154788795653032419734719
0.009842228699677454144313816238
0.009837730264364922925072220409
0.009830306621237490479301452980
0.009825610709475464135411682817
0.009820524330261167609085554369
0.009813841851598712589864607704
0.009808573393172965120617182079
0.009804924492852207642762973596
0.009818659665611975727695202865
0.009812496429547201869561635647
0.009805946669854626086989891327
0.009800321592404436859768479082
0.009793973405556982793377079888
0.009790500940923436690282905999
0.009786195772795525137233541681
0.009781137406059429228274356901
0.009775083235385125940467922564
0.009772047628876682065165844112
0.009768647485705890109684909874
0.009765615620869909882921646822
0.009760893264443945210625929333
0.009756451892860893430485019642
0.009751345206851929488558912222
0.009765348520075539685058478056
0.009758258977163403528488013965
0.009752767182980351599724919281
0.009748958161143541407506586528
0.009772569328169523143640597905
0.009767044719848799584587910438
0.009762160468210068884799671858
0.009775612770894999386634427393
0.009770399908232799729789225169
0.009764702838159572592745340211
0.009758695711460930187606279387
0.009753528022642802229203700654
0.009748392783500984256961590932
0.009743620025454884692191527859
0.009739949190057335439427815056
0.009736268799075149040792941583
0.009730835334232371512651347814
0.009725383783980201737246494258
0.009721765674255012841964058468
0.009734074083911527662269553078
0.009729641507636183735232299229
0.009724654854936465845139146595
0.009720956508393641391119998516
0.009715576725682747466137792720
0.009711025246430080478892598427
0.009707771963344933555289792122
0.009703270731993811541763090067
0.009696650397864298476485530851
0.009692519082853133922199770611
0.009688569228311630249948978990
0.009739712123200477305196086381
0.009762624569983223697600734765
0.009757182860287955668285353994
0.009752466819780717281675718331
0.009765713195072042303619510693
0.009761151243177256472264825781
0.009757362315508039648152118132
0.009752350135369000769453647187
0.009747475777228891581220207963
0.009741324492880657771895609401
0.009736356194643616913997123587
0.009732385659107534310433849543
0.009728179617374954955426904630
0.009723372709731737262456906159
0.009719544021245531285805290385
0.009714763398572142622087949085
0.009710345340737444554475671338
0.009705393084315971573312568490
0.009779994012729811212633408610
0.009777041136381751332153221752
0.009773753020977992554594562340
0.009767969274163985103819975751
0.009761687881048493809309459976
0.009755711281287841964161707186
0.009751828893804396083760376357
0.009747680347636036722864511561
0.009795521247128981047973314616
0.009790161985509924835108887689
0.009784531172109925383729673390
0.009781104422839339840893474069
0.009776521939466368888040811637
0.009826124507183214825064732241
0.009821563306093131729080922689
0.009816334468922516851462833503
0.009811869105878556716371376397
0.009807721206905863128086487418
0.009803605098001025811127873815
0.009799446922584864515897107477
0.009794015151472351226867722865
0.009789894795379331313089597907
0.009783071694773594292740538481
0.009778808884477033295644418496
0.009773665323835992989755731877
0.009768433300024267413076009757
0.009764260926241522285242260627
0.009760096562833862410898324152
0.009754776567331387194896736352
0.009802608901504901464169628386
0.009796259062826987987848326021
0.009790198309667465568828809129
0.009785586077429744135455503854
0.009834067812661949796447899166
0.009830258947497336723451552224
0.009826373408605681612254668181
0.009873686867927711569612529754
0.009869282417635903719061701123
0.009915307245909073931858528158
0.009910763788014939180126419626
0.009905629186596657934750621706
0.009902135231134327751490546074
0.009898298813869522739930097970
0.009893210795550216481970459205
0.009888911865032391553566238966
0.009883720493303830689937229994
0.009928790127023904040729319457
0.009923130696918421381918611166
0.009917012648078349782624851694
0.009946593169437418753312225621
0.009941613933460326900660540354
0.009954314609974632699189910625
0.009949479692328325112243798509
0.009945417721144905622242904251
0.009940526438908452216721649164
0.009935606323833534044972327454
0.009930459797705007598236833103
0.009927277054843849065787902186
0.009921562334400355189577886877
0.009916989604034265297306975218
0.009910754693779746771179638214
0.009905552519602621359183126622
0.009901298179486610113294022188
0.009947634363108995413532944308
0.009941974874141726827406214560
0.009936624015304580224316819612
0.009932859839716459153972856695
0.009928825304506665383206052134
0.009924661637267232746831230621
0.009922004069718574769729693576
0.009916234981245794771769675468
0.009913076942167018056519717991
0.009908609510249211150736389233
0.009904381756077848410291355086
0.009898699431456651571692987072
0.009894785918553949962159010721
0.009940939931673406638639223782
0.009937187934673149994861158114
0.009932765816162784293935456907
0.009927732408429020752627645763
0.009923409486731778523249427268
0.009918440014809509626982260819
0.009913002335266911585650700144
0.009908090433770535682814568813
0.009905520807986824123190253799
0.009900926267598080584109085102
0.009895358676934984205706652660
0.009892576089379001092216320414
0.009888488915104467113070513349
0.009883722205028490332547484648
0.009877926536801651021740437360
0.009874098609715302215127749466
0.009869530026214543810220741514
0.009866610256346314007020148930
0.009861267905731431034530613687
0.009857275661061250813797607291
0.009852849859665087524685498312
0.009849228178449159702226372162
0.009844737423298484399595557749
0.009839499805435947583861535746
0.009834482390068273736751381026
0.009830521473043827760760782207
0.009825963420281946865374103623
0.009822167174355047147479726033
0.009818456593584374775407282540
0.009816125240877994998661713555
0.009812368973975419107012761120
0.009808117808462707195985910579
0.009804383844816157437038802967
0.009798420885806205136521148943
0.009794695233294549747327913868
0.009791023960524655199695134008
0.009787593337051164694852725090
0.009784107363182866765055718085
0.009779056316059895091739358216
0.009774694399272850859401864802
0.009769988119774861826356324599
0.009765878126037294770981157874
0.009760534522860158406758715710
0.009755991850041353388745304789
0.009750950394822321782000067524
0.009794529028977341786158999459
0.009790173170610249409327650689
0.009786800104206209666222258966
0.009784138526152351795996988122
0.009779459336007407079051701726
0.009822826525729792088643291574
0.009818139603195341037542329363
0.009813520235690191661686336503
0.009809581352324157200961463668
0.009805962601767276874567725367
0.009801726594323365434603139453
0.009798619489500604827789235705
0.009795495846035153904328454504
0.009791169289336212429365969571
0.009787083511153309112500395392
0.009781891628172483138541288388
0.009779171736874813801028871153
0.009776561637472216204337724147
0.009771531106556543425667961396
0.009768160605456870436685850352
0.009763638827062522281318649501
0.009759602712461434473093018068
0.009754450326781937281057872887
0.009749632783717897773932430109
0.009745522389920416047245004580
0.009741056479848829447915593240
0.009736150797262742343114585197
0.009731735126764690734124568111
0.009727543407592186881551309912
0.009724649069462225810122480954
0.009720557862378109286553348795
0.009715840912942527236204891314
0.009712058997389594640112179436
0.009708196393377061517215571380
0.009704685380201342866012102478
0.009701722097020976534866822964
0.009697425440012159112249437139
0.009693446120301221675411876391
0.009689291439147969380600925294
0.009685087087508831960782721148
0.009680681889826374366768531223
0.009676863806807306211757305982
0.009673419766708900114498197584
0.009669371553756229244773583334
0.009665617900206631111329415103
0.009662158447297452951302461709
0.009658644263070836043333412938
0.009654621278748754640980004335
0.009651704042994174819394442471
0.009648800057821208384344314111
0.009646238212919745710116940848
0.009688569910054369806716291388
0.009730329583426897721374668080
0.009726547712737968079229494839
0.009721384909587473336603110385
0.009716799719516694072586976303
0.009713995269317357268240117900
0.009766370199033569369944196848
0.009762653411529660087172295148
0.009758086006596978081151159048
0.009753779728869997008829796294
0.009750502372891670959694359559
0.009746550330142742570041880639
0.009764815582149252903526425661
0.009761295648103681873132540213
0.009801261939631759211029758257
0.009797920247088981750575028329
0.009793196192818255824626084745
0.009833052285691601684958312708
0.009829224597073541255455965689
0.009825277708785917409373237934
0.009821779697328318605040332981
0.009816629036061680630971938447
0.009812649882696532559829242299
0.009808526374823418236705817594
0.009804347924923613091799993991
0.009799980654363288737513119225
0.009795983703613766380042647800
0.009836641735849796238837392925
0.009832305455969538685549207117
0.009828670391234358013086445216
0.009826717253027624929957969982
0.009823129788318524367914943796
0.009819829155019454296018522249
0.009860328926640298494688035245
0.009856404088684585259597357452
0.009852267515482135060825587194
0.009893050535151075395689858941
0.009887937510163892773959861497
0.009883544753288154154978499364
0.009878659114627853532708486289
0.009873509886437929490923871742
0.009869825071516719274804145465
0.009866222229358916542206915453
0.009861112006257019175013870816
0.009857118002296972488685330528
0.009852858276136792845782016534
0.009848970068526704595414750568
0.009845137793240688008155188454
0.009862002262892543826587632111
0.009857126964970827665854572356
0.009853065303337606671964048503
0.009848610058913242199285588438
0.009845442404052440429323526032
0.009840784384727737742505783163
0.009835744867445434081382265559
0.009853652983072011646336098211
0.009849480207221402939153097171
0.009845497294840445631952933684
0.009841906498893834844642397252
0.009838232696384989216064560144
0.009834058153101670582342472788
0.009830404249664318009379013696
0.009825690985828432926974270851
0.009822089022430155263284432642
0.009817807461942538652279855375
0.009813876187153296769384020009
0.009811556311799650821571983672
0.009807247219380316301079607063
0.009804132191621347655376768979
0.009800994144908469889380495719
0.009797125526334766732474696127
0.009792233259016785383133989853
0.009789084870790378930099493994
0.009785479264147335278613952563
0.009782282827204067564237735666
0.009779095541612358585968246957
0.009776428400749419810224931154
0.009772289720177095988821159199
0.009768995446656993026331807631
0.009764002959660822532187275114
0.009760650503490882994407964666
0.009756091513498808044686641888
0.009773392730876177180309452839
0.009770612066462078169649992806
0.009809053402392595092583345775
0.009805810571238603478129623812
0.009826449060744917745205622580
0.009822030512572442857487614769
0.009817944901258156698379531307
0.009857029106701310334662854980
0.009853121740369713472332045331
0.009849793602176585228347312062
0.009846207200112085368804366321
0.009885558796067014150777397206
0.009881494340380923242751903103
0.009876342053870044068795634364
0.009873450482447973854931262468
0.009869796893208071724377686376
0.009866650005281867590644944384
0.009863545726978104259110394410
0.009859689863605440830876080902
0.009856472139760083698353569945
0.009852287957536303078237011944
0.009848484165391319005285743156
0.009844891336293983291697315737
0.009840820449776623914196907650
0.009837865654000222720909031543
0.009833657989585692758155284667
0.009830299955678089022306003961
0.009826812079662742577052925398
0.009822288462205686107880943688
0.009859742288036132446139570229
0.009856528554855591711954736505
0.009852373525711691959306480630
0.009849016862182354022364464679
0.009845114988021079669877483418
0.009882027262788385816186701275
0.009879011329627070520367711224
0.009876124404113144535451626565
0.009872316372688990250525368951
0.009868905967576649434100149045
0.009865418196269732542013058508
0.009875037251783777855730831516
0.009870716632254791694554233207
0.009866811523963053583749533764
0.009863320498608144245803308883
0.009900145799416112731802636076
0.009896929925601648159564731593
0.009892799345261871226321184265
0.009889045106701610103543283298
0.009884909304715028524033321140
0.009881777834167586760709129678
0.009877747329840008704632324718
0.009873455714478983151864644884
0.009870466021495162151772784887
0.009867035596503592429017531699
0.009862839440188607700293226414
0.009859647126995786357792121536
0.009856133205196467791797870254
0.009852955287769632427313287475
0.009849142920849403647615527679
0.009845851326603307330617172713
0.009842081613782152202464100748
0.009838265946003172937313064987
0.009834609621319519293912759376
0.009831635075331354367347367682
0.009828125678349719521744767583
0.009824114254688351402953088093
0.009821121584706533319257132211
0.009830714249762623698310187764
0.009826510289479729871330295790
0.009823624568695739156821435122
0.009819904161425262232588276969
0.009816921043438970614323625217
0.009812871580518402384263926218
0.009809444641056699082541520810
0.009805639120711804238630179749
0.009802386312103786118932467736
0.009799318265063974165906193624
0.009795567353141210221086493345
0.009805318929368314771495804464
0.009802061549121249418553337920
0.009799273062930669415795094583
0.009814209958132992766826572926
0.009811038281392498771577084159
0.009848394664642711246196450052
0.009845604062246459991937984601
0.009842177597011338497332118666
0.009838867728228066248261323690
0.009835241931540572477418135338
0.009831714598795754753399631659
0.009827751834947200521611306744
0.009825186073070545040206644407
0.009822118768713215132602175845
0.009819019889989786433036458123
0.009815514134926785744216250997
0.009813625166735074148655774376
0.009810847427649160516255983650
0.009807358398024564554279895681
0.009803750386436336542534656872
0.009800556759821127930148323386
0.009798343547441899181371594684
0.009795093724763011743787361803
0.009791435030716218823341086887
0.009786796887931640399491691876
0.009782985667191893879725287008
0.009779479735228087699103426891
0.009776173282434057088050622415
0.009772561415690732815802680952
0.009768860665141847541300413958
0.009764918385785966320427302278
0.009799908365236320463949091785
0.009796263483893704714565976667
0.009792227272810106866916751011
0.009788650988939809613555886884
0.009785169283340875279276481956
0.009781714174716089821335914197
0.009778824644960395720515691117
0.009775530259795573747219070443
0.009811206088565844339120964491
0.009807691644451707038142761806
0.009804788029333544868150294924
0.009819980616853020491799481262
0.009816563686422118558135483037
0.009812301751011786388104129549
0.009808907919258281458065909706
0.009804326963182619521482106354
0.009801609269469140904784400368
0.009798055059967543200854284951
0.009795282360167236944610667925
0.009790794011671039085155807509
0.009787184722946781542342258919
0.009784029676432838603388079499
0.009780013250535447924730424331
0.009776914721342907089861426266
0.009773389223018546495511878479
0.009769795843703480192507231289
0.009766015405865734039041943208
0.009762331479199744949204342743
0.009758149475490860022114236236
0.009754195768805996795749205565
0.009750636215499270187024416669
0.009747386882003934788194216092
0.009744196430922931621708015829
0.009741348147275300493628920512
0.009776223021300054386748463940
0.009772772205190277506205921548
0.009769079020407535130238881958
0.009765789398559443941189722019
0.009762847743855607608337889035
0.009759467078716505634842318083
0.009755479023886006389089325495
0.009752340191670019512978997868
0.009748882643167614204685870160
0.009744322254370792503529510989
0.009739827526074805214247257356
0.009736898699077149843930485654
0.009733323885537966203619569361
0.009731662086379051596894623470
0.009727817010889601956744962649
0.009724324975777318825520718735
0.009719919482347262379622850242
0.009715221966399127819792941122
0.009710920265403899487097732658
0.009707615447527017653776384584
0.009704126762840804777135171291
0.009719845077818352677397391333
0.009717004676389970662920169789
0.009713269629060908903320870736
0.009710178753923934669918116269
0.009706979742993795268487846019
0.009703987757310240787554655403
0.009700758405566477617369164528
0.009697419064184590381563461998
0.009694642444670129773634547205
0.009691577097868624341649962312
0.009689218997147019266677155819
0.009686102430366365718311332544
0.009683261825956410219934389082
0.009678903312368909117140773333
0.009675779980812872093906140103
0.009710106751983505352571110801
0.009706793560513924362626449522
0.009703740465732578944040362251
0.009700895208345921080305829179
0.009709549230729915757845581713
0.009707072992475866178183016612
0.009704916195333598028698513293
0.009701580752768815827353030509
0.009697996514709138484500423259
0.009695977511218549150045066932
0.009692968721361270761655558647
0.009702068833875861394547157436
0.009700748620976873077386513918
0.009697878846594098688006539011
0.009694694287001393261464837613
0.009691158621138191018924473168
0.009688243396256300409348527252
0.009684652036454042892707869972
0.009681478382658995547304869752
0.009678712910109004478311542302
0.009674230182846644770765194724
0.009670476189309246818385306957
0.009667039745609822561146797357
0.009662921921282515087545391340
0.009659601097924217649112183792
0.009657451068868057456855604653
0.009654342541438650936293699973
0.009686871820339010788524630119
0.009684679179964872746421999833
0.009681879962781995962304210892
0.009714557060050431753542547643
0.009710913022806231001153687012
0.009708482411990365062722101500
0.009705553567241244900104527750
0.009702489124032515152515685571
0.009698794116969229718246001317
0.009706827680076548455515892264
0.009703950299150255343181056799
0.009702993318447816555251849517
0.009698901061057106534041028348
0.009696031067296493542015937225
0.009693727878045247532570667553
0.009726431153888646931687444676
0.009723655768701345913380295890
0.009720259738779721765900221393
0.009718463362890135393201485772
0.009714700825596598627136811595
0.009712146680680310713885989347
0.009709158923712481084108597702
0.009740740467316416306335729372
0.009738383980082217114593023686
0.009734680838002990885863955415
0.009731544033796480349640832746
0.009727982931806755284741613596
0.009760187584389614608007496913
0.009757173121005597853396740073
0.009753956940258333786517919851
0.009751099580654854802344180832
0.009748067913374951869109526025
0.009745966325188081414792613146
0.009752735940127597618226836824
0.009748711721766357472673929276
0.009746611458918769562242670648
0.009743778936542124266527554166
0.009740388025774063390148655701
0.009737207311726398703504201188
0.009734798119009756317769071004
0.009731758864436597229018884202
0.009728478769396532391014632914
0.009760399423257054376038260274
0.009758562223585599826218751456
0.009755220719948325263276226543
0.009751942295445482749529325452
0.009748260762242489253599423032
0.009744383813943861085057370047
0.009741584279352875887701397817
0.009773215459877184811559664929
0.009778881864328873108749240420
0.009776232215051379499453581294
0.009807695348671703941158371519
0.009804874822877550754574291231
0.009802356784660983282321609541
0.009799139353050668643457298850
0.009795832954985101040806341753
0.009793004700832004410191879009
0.009789294268428846499029176179
0.009797922278305937885621236279
0.009794731451953905631036206791
0.009792259282363414460166556609
0.009789165640807926549328582433
0.009785662721245721134548701081
0.009782680944047931694972865835
0.009780221050187130461413082161
0.009776621552169458816209282012
0.009773594887703030645460900410
0.009782459747806478354028816804
0.009780259603790767627830084047
0.009777430527987425117744635300
0.009809182365911191570709035571
0.009806439076067939066547727637
0.009814934267748550194736618759
0.009811791666667998658657017673
0.009809117041754331108476573481
0.009805482792123731466720751512
0.009803396719747800241436374960
0.009798961972697449155558841847
0.009796539217076667050344980819
0.009793221309518477840540364557
0.009791114254649396319934750895
0.009788528642749543697310750057
0.009785817339869019750358377376
0.009782279229276311114308345663
0.009779141638404165869937379853
0.009775969499166098165182490654
0.009807196393014126159604968214
0.009821222349905775992672517035
0.009818014892948892774036315405
0.009814065712410406378178216645
0.009811782545019716774676177173
0.009842018840982745461485972019
0.009838400602858824973943929564
0.009835895128746075121631489206
0.009831744922525363767495066637
0.009840001569174591821120051877
0.009836269695392791761295318196
0.009833045434524224293126489154
0.009830700325488573755712563540
0.009827072196815822122000247875
0.009858009821540956435920517393
0.009854012788524296222930828497
0.009850579826422019596303139559
0.009863900009339898808855063822
0.009861597927154510707917023894
0.009858374843702225337996997487
0.009856188120575738775484368478
0.009852731390560761072289079595
0.009883204193692814502477071335
0.009881813790766839141375683553
0.009878583492442561533904353870
0.009876411714373962035224230402
0.009873942632789291372729752604
0.009870632081614062605391052869
0.009867839729684340622855625086
0.009897911404791187889038805934
0.009928035725786267521080360051
0.009924802255868160960797489487
0.009921528927827331829967322007
0.009919646897283508196455395774
0.009915891528460551087813291169
0.009939882495859988224429634494
0.009936259839619061861422981951
0.009933484577411868059059984199
0.009930066529913147773686902269
0.009927511628306979752069036460
0.009925755545254191959962221238
0.009923331396002358518539973456
0.009919733270821744870819625944
0.009916560908523734583159500635
0.009912764266214967499201570282
0.009909421664893482347931164156
0.009939205145507467442491785688
0.009936187143492601976351244985
0.009932959405198346179112359832
0.009929894652029737756330226263
0.009926449983115083460172732034
0.009956615464362060667073834088
0.009953614396342483426917523850
0.009949671222260425097156059075
0.009946489938175456683130504974
0.009943279364924646658564767488
0.009940577286081310835411694761
0.009937596305266716777843085026
0.009934509745251560444521460313
0.009931642810420491250667121322
0.009928797954867231629463370918
0.009925595184105845829076852044
0.009933849558253944200756213932
0.009931058491638235083918827501
0.009928362382802968181908804768
0.009925650451106640404470232587
0.009922776283933376380696571168
0.009920022276125043229862257911
0.009916814038801800528647545104
0.009946341264632915473346737799
0.009942783535597194573693480310
0.009941422289661971253014773755
0.009937947388983938157307228877
0.009950874853975118844574918951
0.009947625418558187337316661553
0.009944225405525028266634949310
0.009940801988911526406885519977
0.009937301105324850683478650587
0.009934020635731727039179600107
0.009930844412756081520777630924
0.009960218383485052441665357097
0.009957979155279497342277815728
0.009955440469479957802158661596
0.009984806972024426051607825824
0.01001352002713235347205772123
0.01001910861360204550143616503
0.01001657863460763432499697074
0.01001306034708102680226071197
0.01004267302213933916637997233
0.01004020431508655787266938939
0.01003781560507427837522198556
0.01003590688081056269571408398
0.01003345823733066280681232711
0.01003047746478307715472935955
0.01002783172589626053924667576
0.01002391637209252741960870997
0.01002090212646357702585306038
0.01001809472958943385831098141
0.01001473300733245032835238308
0.01001127418026302238811250232
0.01000829971938242572683115889
0.01000593053011622751006208020
0.01000358831916910137578811069
0.01000007052947662084568276851
0.009996592681782147125097027533
0.009994245231772081311582854707
0.009991423139342414866133049636
0.009989367330698411674118517095
0.009986584725396669822994422623
0.009983423118527470619468919822
0.009980862892075065579366298801
0.009978287685534374842878140533
0.009974943663534347244295846040
0.009971321404200290839482455690
0.009968025795997955906263515889
0.009980437034385043614774855826
0.009977058539699182044108682317
0.009973954483936495790549021660
0.009971331201382498063044929462
0.009967900376133708933075035386
0.009965667371112672156377665416
0.009962924960602464970978400377
0.009960010466325898177923778252
0.009988532554283210764549648733
0.009985651875610315815296377726
0.009983040503829203192662619656
0.009979377309822624928094622800
0.009976416435644935036925782168
0.009988289580764057457142440318
0.009986000604911010819741296457
0.009982464934823045861172327936
0.009979516769773974739185297222
0.009977048929443969760364612595
0.009973337308885671669192926274
0.009970402057316026121932932690
0.009966406701595010057251200989
0.009963634318474211732832088058
0.009960963247753005685411018304
0.009958189591424016664089324126
0.009955800166077210686863474778
0.009952856774233289600631287412
0.009950593728883397233017962478
0.009947995048009683110324928335
0.009945780628988413127931157642
0.009942513795625143375230712482
0.009939691225225912944953553782
0.009954939664567244457680142868
0.009952003288240786309773053837
0.009949586171725811715694432918
0.009946064766026774570282534407
0.009944285297119850161901968448
0.009940929429496609617805400078
0.009938469333253053167559285026
0.009936879903876160882909681861
0.009949145554869121801280737296
0.009946290289937021824654471210
0.009943163453285717372970643595
0.009940678545927952517239587388
0.009937778148587340665777513227
0.009934545593619827138222272048
0.009931651548739467889826672988
0.009928878350902663045551007115
0.009926813860720326112011435647
0.009924541938872687515790874798
0.009922030491641637973991237229
0.009950221762554452715533787935
0.009948431219504905647112958722
0.009976284919091727065563314144
0.009973702694178166899486337579
0.009971601185131608053862814492
0.009999196482868533296284338281
0.009996461038115401324801494243
0.009993490284769506893865206778
0.009990314001948389154575508130
0.009987819562850088339197985853
0.009984636606492565944318523481
0.009982514700882550359845410517
0.009989409760141885238544912241
0.009986821184329662053116679514
0.009984070680816159804976417022
0.009981180840077955962744088994
0.009978616643822195200537690459
0.009975255147870898037484304904
0.009972503936709277885848243745
0.009969791093482631900129460392
0.009967259534787108054712497014
0.009964629437218724404122624307
0.009962535544972971606643328803
0.009960185138077056758688650408
0.009957689406005802359633291738
0.009954793485343073775124795471
0.009951977839670525148832148528
0.009948571701745472238141417463
0.009945618007606542352021257665
0.009972572671942591645545354530
0.009969629687369825864973302377
0.009966903340379947252330168490
0.009964113298185346973556108015
0.009961770108327619793435574312
0.009958865072339016225252354986
0.009956517848295160060069794848
0.009953801680212632647094725260
0.009950888776793530977329490220
0.009948174097397625840486592689
0.009946184702643423448172138666
0.009952968681751860685871913236
0.009949634050528454579449722107
0.009946978420759004170193519637
0.009945067993551305304737041935
0.009942618061029946735380155400
0.009938822007721387353207218425
0.009936327865859613330688023463
0.009934209309073647827469610235
0.009931606852326763899382895586
0.009929045606397487095486535895
0.009935724722762752626771437993
0.009932781016175488907474914097
0.009931138724295986593932039684
0.009929001596089186347515109553
0.009925901364469230613819714966
0.009923022534901498857197771578
0.009920875645216033231683938038
0.009917601831296883976957113493
0.009943884853003813131251706831
0.009955476136343321188182253209
0.009953502412047339802111414072
0.009951104569590643919582762064
0.009949382236544451781121756020
0.009946211095649131554854932422
0.009942898280706308908005866699
0.009940950457926373684779147799
0.009937788721724728640450934279
0.009964268823711616386355243673
0.009960929190223602273263666307
0.009957526845096079120134568203
0.009955785803258895626397724088
0.009953137382916020904534885434
0.009950194817923779501663137950
0.009976579727415947644772596194
0.009974670432874441776977069764
0.009971101258891314667735903428
0.009997624846567605606160097197
0.009995024188019005648610203692
0.009992815571369070442607967635
0.009989946788750241400862603023
0.009986819074071073053164122924
0.009984631638394956635638172758
0.009982040063829334113329094367
0.009979843401474313545999938105
0.009977922966735170710255941649
0.009975104883885778974942583708
0.009971736964493453199277638425
0.009969371872216416029028211960
0.009966878624534173873306471893
0.009964567650789529282966359292
0.009962118938031960251169619600
0.009959492099449353745746517533
0.009957520901963346206654801014
0.009983311281740535816982013828
0.01000960141216516293955398847
0.01000610400996047735070289637
0.01000410030004466479777939636
0.01000149057981378666125892088
0.009998162261733852932752665298
0.009996063582604426251008757022
0.009993257970788845545675256285
0.009990633227281822177890276895
0.009987663811454311919107890059
0.009985108203966268196013784478
0.009982209929588499725096649950
0.009980185312470405714029515289
0.009977989213691242248417773471
0.009974926535778857684982446166
0.01000061531882472660533831750
0.009998469558140731625385481928
0.009996280502668822567634108519
0.009993496774603658659970572196
0.009990338069902903852257825991
0.009987412115932572727473948908
0.009985002170494089488981063069
0.009982196941325380757013770794
0.009979631680159339452161834140
0.009977013461354160260482569882
0.009973939320038242374845205905
0.009971662001182853797371418135
0.009968917943066499578536275342
0.009966452517679271319815344944
0.009964460278939194729621043175
0.009961804754402183394597250965
0.009958683627243981966184732550
0.009956112016427800336422802445
0.009954085810504718342414806023
0.009951372345501312105621552895
0.009948283558670872069274734118
0.009944583914825652149039897761
0.009941885487470318836944544872
0.009938507669209152335636171388
0.009935673448954991550748434321
0.009933648087625147408234636125
0.009931348923165517080798767263
0.009928564737975192459330707429
0.009925453312233379158852316111
0.009923556043161943187888066698
0.009920755509938441102093052233
0.009917791991440330538614129404
0.009914829752674451156613020594
0.009912191164022197699970629804
0.009909614661134664341701700104
0.009908145492898284935267860640
0.009919836406191060426883201293
0.009917061932195295471907706264
0.009914992817261359623291417187
0.009912150098872457301951848997
0.009909067716328665029778077130
0.009906628102787641449465041994
0.009903893508560485825218836820
0.009901556964626450001572889747
0.009898231059961558568483809450
0.009895767966532864156940066160
0.009893265948842002058141075191
0.009891660355283235105736123722
0.009898192320099981781027390660
0.009896076585392681816625364417
0.009894181332801192048537660495
0.009891671849875366306856905356
0.009889887215642255035001076976
0.009887720165274252687688004594
0.009885546134242311323128337146
0.009882484746012595004579776759
0.009879505311464015054300677991
0.009905208992816795536197607188
0.009909897835003317209492494395
0.009907100064895228052890944155
0.009904198743942785716532706936
0.009902361678263550170368733517
0.009900932913514952725575105584
0.009897502477799528781739831965
0.009894921389071285143997769818
0.009892414990952847090816538429
0.009889621165182618728749595702
0.009886957817637728857805275507
0.009884673318569482245252995194
0.009882630194121161766214715681
0.009880141903934798977913614819
0.009877793676181928301123743287
0.009875395059996824936126432439
0.009873061193831162692201947051
0.009870855623338817008827021134
0.009868279472189415115204176505
0.009864884577807857452029685295
0.009862422755699588853791207199
0.009860093211226612122780249695
0.009857927215215239674202234097
0.009855203516177735242027456376
0.009852865675297120043432740216
0.009850979493937173183406111717
0.009848941641215473623797347709
0.009846310099826874053093043724
0.009843327005101514019150489816
0.009841513637901019347598344256
0.009839713754125597139666687124
0.009836660766415518568746921076
0.009834247158524920784189746101
0.009858163693161660692398646592
0.009854887370936059198744507663
0.009852379335352996158907843188
0.009850122355167538957954236145
0.009847722831856261685526006876
0.009845341986087231907200726196
0.009842738105096733091008167076
0.009840385885479534796049583061
0.009838884784829281795288664669
0.009836356456547740887390467515
0.009834776241692713830586667864
0.009832226285268035755617558586
0.009829699234867210736263411888
0.009828118939996997300087975798
0.009825525995647906968894940125
0.009822852487434454119778996710
0.009820648621606923771689228031
0.009845057526295981947699444327
0.009842891449695477306054105803
0.009840682459382851554552193602
0.009838094497556753582779009154
0.009835022615274456606984590799
0.009832322704317998868409422593
0.009830386162538969880288484231
0.009827517448113165237574084994
0.009825118472214078316050677617
0.009822452145852666091698676559
0.009820156535622409656233799277
0.009843775139170440249199647669
0.009842179892769572212373932073
0.009840030989090186513301623600
0.009838041605195342403675348230
0.009836036193625991170448674598
0.009834090593611245011119745440
0.009831656452906495576807921707
0.009829333770700000014392784993
0.009826951482998070762879153531
0.009851846497517137533832745283
0.009849652130619697731893850457
0.009847258737223144312294360138
0.009844569715651434788868925998
0.009842487982075267574778052241
0.009840124211195455271380165685
0.009837851799022599844112634914
0.009835847492618889667418119721
0.009833632118573890063542389613
0.009830799340646338237341066192
0.009828131089233617618387789884
0.009825443210428707888885113920
0.009823078272643653120676647727
0.009820475163387525130328935123
0.009817713006778418821715742983
0.009815989406421703741889372066
0.009813827338938090897890204607
0.009837541733917584199603541382
0.009835023028367439409393896259
0.009832910093755516251976670454
0.009843360057125550305595861952
0.009841152510031858481813666835
0.009838481248017569112577752142
0.009836061707127227485962447068
0.009833503198243099794696595546
0.009830255579895374986996396711
0.009828820398019973266633147524
0.009852634410730981825927416709
0.009850774487126061950406826099
0.009849057906177751302696621446
0.009846401018548149545385878790
0.009844075308515428741198506430
0.009841680668874199138645787687
0.009839245160994151873606564633
0.009836602936826410259780737426
0.009842206613074237012141924990
0.009839235174957876891221732685
0.009863399469195536369280085737
0.009860934377874798588734106366
0.009858657272763245018629534134
0.009857108711273826536840097706
0.009854391855531056330901197412
0.009851793488208452877090470465
0.009862196742089165927174956203
0.009859206340273421578176808788
0.009857400390853506340065490181
0.009855316643113098440436908128
0.009853215578226684550681323940
0.009850333031847371460144673978
0.009848445355637882217562781640
0.009846046779905656591143587543
0.009843909887107461949472836816
0.009867124683922882170245690289
0.009864591048215296558155273525
0.009861955350276007027165539548
0.009860371454514612411258303908
0.009859028060887410226938884059
0.009856526850286190688451553282
0.009854031280411955364662174996
0.009851626917417201980864552002
0.009849416713294092197150679523
0.009846757470726263483223283068
0.009844469041218020625000377102
0.009841652805973256043546534363
0.009839609250771652505816544849
0.009845641867630351543917465657
0.009843726607881081224545870670
0.009841516192477129625953033366
0.009839000311858685577419386245
0.009836810668191505767247301978
0.009834475153703713003464412970
0.009832508936486449743058645343
0.009830192693731259999646732774
0.009827613795127071551286077580
0.009825306317722310846900031834
0.009823336305661635231706106043
0.009821546990737590272571794503
0.009818916264295865149437089644
0.009815952735803741971323422417
0.009813923030131127559960632301
0.009837183379737699330090856142
0.009834523184207004756852269942
0.009832650679284320917231434259
0.009829889857591167008220083431
0.009827506804900807203460090287
0.009826009460624618864999694719
0.009823663397728007415964958059
0.009822512790614834308824026175
0.009820804792496707887069902905
0.009818036067308029132757536582
0.009815183857949877690250908417
0.009812205743855831728778849002
0.009810332005698318952123980773
0.009816900824656296944522227338
0.009815216593982849590445825142
0.009837886992192491901484908743
0.009835761851553025106975368199
0.009832782156000857097233639072
0.009830884895059095235610213266
0.009828174871007856228744790139
0.009825804006610040403088532210
0.009823617672169723701817271028
0.009820950576943119197198719288
0.009844256973883860786611742349
0.009841939267688192678512109898
0.009839666460993643946958216159
0.009837461167557844237605493917
0.009843974540062326196692996555
0.009841717781556395408197887111
0.009839025983792487169922369673
0.009836724728011015064448334879
0.009834297184331197953658415921
0.009831696747785599233167418939
0.009829072718965003512807586755
0.009826628927886133779210398768
0.009824976851489214958562580792
0.009822854354749037809309375572
0.009820828257244835755571485766
0.009818995396369586107423616379
0.009817089359073700368072547134
0.009840285499585451318512043382
0.009837841072433317635395912690
0.009835406293467949572724958956
0.009832501069584443269447306420
0.009830960553011427407800369026
0.009829005677989471696376945851
0.009827162743551676539212768129
0.009825123589692309635014621093
0.009822291790171316973502396041
0.009820399563303034026996209426
0.009818339209468007931979253580
0.009816745311759264477035078468
0.009815170219400060299085362959
0.009813018311093638494153818717
0.009810719040045782075966207433
0.009808604177138601552010479291
0.009831367713451916431614417810
0.009828872767995542407163833865
0.009826611385179219690341656940
0.009823892708861018828442093595
0.009821893066133136184270451232
0.009819771390308639700761812364
0.009817278640804946792523546902
0.009814394618152023272038789123
0.009812430254244286732494256782
0.009810598637399519601087649942
0.009807971429807152141154425215
0.009805761704584032922408910837
0.009803843928974707938057937367
0.009801903236791977091355465421
0.009799826271497717418651201088
0.009797591804987179506701594187
0.009795414736972482578206201897
0.009793548353152101420637686878
0.009803855893102542933196186188
0.009801962238893572751972449422
0.009824190646246754393437424118
0.009821381283050297912133085381
0.009819001212130746384962151490
0.009817222545560159527943801100
0.009815264099571335174319249346
0.009812518340239543823921110682
0.009810856876438974036509397091
0.009808961738237244660717782620
0.009806825113979102668410433894
0.009804637067251501921828538112
0.009828157066300256224627959576
0.009825563130709485963526361078
0.009823687368363017547233412896
0.009820878352270628928455837070
0.009843141920332429881537280983
0.009841530178809139011465437449
0.009839510919740812982097634252
0.009837225826828807503581214139
0.009834758152266201623150319517
0.009832314995621420681575495788
0.009830476783628690524045833103
0.009836819398740135511043411107
0.009834690583029959477908740712
0.009832666978120566572759066632
0.009830754525889847948806523035
0.009827878834641581216784528293
0.009825728008723634491292844455
0.009823572515795420186762326765
0.009821449968520582139522709957
0.009818879197430130124591271460
0.009816364534416517769820217024
0.009814106840408165349014874195
0.009811449190948844438366486718
0.009809229221909073100504639358
0.009831110781405313921686182851
0.009829128946696469230781135779
0.009826716814210159719009985480
0.009824490162015231983638704325
0.009822714700424114715850455346
0.009820617242536967657066522979
0.009818676591115374451539043981
0.009816714466595364285922309945
0.009820517969311000668732607496
0.009818493969722333016501134601
0.009816492048372802411564372463
0.009814784426756163851942140111
0.009812517388860709518571705964
0.009810453594905345743219916604
0.009808147755967408758204664990
0.009830093362456825182745151834
0.009827901625301821357702194842
0.009825444305165181889899440680
0.009823317001933291972671523168
0.009826664536586843464090518249
0.009824419519710862767031529206
0.009822758278845669519588990425
0.009819812501548148975812970367
0.009817397201063226451021971490
0.009815653181298157660962911070
0.009814661674012994116438682545
0.009813115170154470488268394505
0.009811639932475388402915629780
0.009809534417968965730997172688
0.009807545843506424662781973875
0.009805578416660146400048751616
0.009803476842227357128316913632
0.009801733669192897618829843520
0.009799375236031310826991995096
0.009796806820177337590530483240
0.009795348007362838834810380329
0.009793221656800762534192463323
0.009790638552846545233442882108
0.009788584801509947923045620189
0.009786538509128689228956659432
0.009784679768032921252100881287
0.009782649405832106160704997290
0.009804816903321377155309904066
0.009802510770408284867278826309
0.009848019330011973147763200911
0.009845774754080724008724276940
0.009843209896045437745572051650
0.009864320514722338541721114794
0.009862804420269979966544857519
0.009861974594973323816902003371
0.009859170913419763253544979200
0.009857435798016567167570297753
0.009856077666967729575248087641
0.009854244336249742361983302898
0.009852126854782135933203763550
0.009850040993665432160751936933
0.009847247250866038622867962402
0.009845631657339444800728100156
0.009849356414542010910265847687
0.009847288771114996826246297861
0.009868458057175247341763305541
0.009865898588617502838558311320
0.009863756067033326497965378157
0.009862418590144475843414895795
0.009860405254516781555943807623
0.009858220063027435006840441605
0.009856580878154692327391618830
0.009854377286587608872390887574
0.009851960959921195589677718010
0.009849533560581521028400811444
0.009848053091317309433165269174
0.009846124984884885280944898002
0.009844573999822027062951753849
0.009843065310511337400313723335
0.009841322079956193895734591028
0.009839147192054120300241676530
0.009836615849538408940346224940
0.009834022287480280546729637619
0.009831666946126966332344968145
0.009829966980619540129997424162
0.009827610869887491964865516971
0.009825743401141478162692885892
0.009823938638350365080075628811
0.009821888368278120223556025028
0.009820950844925653567558883846
0.009827284367826576303578975735
0.009824792078343352936839617611
0.009823301425541103150159804552
0.009821636015365452956229921646
0.009852261733178633161449915669
0.009850341699722678351308158140
0.009848525725627742649084621118
0.009870295366644367046490101805
0.009868110988617046469465329569
0.009865922965437583949438774146
0.009863676727109845541159434402
0.009861130937659813218963568046
0.009859277414994591254905398518
0.009857127375118709243607284950
0.009854943523952714794002338598
0.009852714518151733918768971032
0.009850779006079592102110574091
0.009848585376106610958765541293
0.009845944605008400150923182566
0.009843754021913218542215149698
0.009853456978719948444673053279
0.009852015677901289800847823320
0.009850173425900745787356771906
0.009848756435227823788312209434
0.009847225368478713106626779158
0.009844261961004581326328896016
0.009842450911961976721410785709
0.009840411255864301580211946348
0.009838569346874296805657465783
0.009836095852746129660089036245
0.009833507228149675893896018162
0.009831476358046699709021032160
0.009829318359472031227356859253
0.009827476695019445587473451607
0.009833564400007065530289871807
0.009830950387517757514086008729
0.009828450065671082928243976602
0.009825622990697065353889223483
0.009823265389404399253394953008
0.009821296797617928015955661827
0.009820876403529972227380093906
0.009842512533747606735510425630
0.009839694226699547764515333979
0.009837938247283260399627151390
0.009835758790860334531526819437
0.009833511682027229910677960266
0.009854216016632290592276793461
0.009852145885954619729353859488
0.009850632715352345101171733257
0.009848325606039732889092304209
0.009846379927529625576498001125
0.009844320808021335078723813622
0.009841591963323173895177588667
0.009839570647239035982992381821
0.009837592510215838144843835416
0.009836459847021026918048014856
0.009857238157086320298753390290
0.009855066524794331617531715897
0.009853165702514378614239081823
0.009851430641545193219432796347
0.009871776119219766884676472685
0.009869607814238413324497604121
0.009866459142744087891433412450
0.009864854159378423542508659188
0.009863088617316749481727911046
0.009861027394015085649192682469
0.009859712958197641538881585261
0.009857505095498315339189917749
0.009855342871801845136899237798
0.009852553123500261235939337463
0.009850749523459353529498017013
0.009848973745729147857293518031
0.009847476392461965957057662003
0.009845208956417386519064993146
0.009843769555983643392834816444
0.009841469000150458309567788269
0.009839159561819333573254052183
0.009836999749396490401146236479
0.009834744893515900796409071522
0.009832957272294663541412780863
0.009831221465023218722428734771
0.009829108377535092248582569312
0.009826872191099264253861792742
0.009824599836966189372101336438
0.009822516182335887350080678754
0.009820394418980372922541928375
0.009841053503332897097360196777
0.009839189527561853094685019289
0.009837335036963152386012449778
0.009834957227166113275967762019
0.009832557411011713934440761034
0.009830951912503238932884451489
0.009828850968891410524443725710
0.009827196170159467361165802607
0.009825155389241806031990181685
0.009823011721978335993535703708
0.009820692880714069342623528004
0.009819253808308479075244529639
0.009817701340474337596797334766
0.009815460044309920002751703353
0.009812743007260546386866764979
0.009811146147715610040210803962
0.009809010552810819863565728209
0.009807043136524097613214187132
0.009804768886693664774749565980
0.009824598452984270971090252730
0.009822602580687845810044621536
0.009820187245895440485045418665
0.009817781399276664480150430546
0.009816264076962724592576931568
0.009814130901604630668595751266
0.009811958265340309488054779730
0.009810365054118936828365825268
0.009807713582477332988378397522
0.009805287077130004983705745814
0.009803813524909993993336719779
0.009802219512430447890367471046
0.009800468582681502574963011602
0.009799415907141715873410422576
0.009796617789593626218327327347
0.009794534242537606939846324320
0.009792504479190075058728575930
0.009791196321994004789691920806
0.009789287500669530325841921054
0.009787279121233442473846076473
0.009785304154855030802271027023
0.009783335231277206588626202302
0.009781269685548681933885435168
0.009779336108366877657163465223
0.009799573307116493422904377080
0.009797456942021773510702928650
0.009795547743194481866982049837
0.009793395641349879549571657735
0.009823922718470148224253177606
0.009822595419637164091986617006
0.009820365036928935263703735488
0.009817776681135499378932008037
0.009816037264290534646516608897
0.009814999078318768667556330210
0.009813129835706775820753624964
0.009810970579530099037930752721
0.009809020457107590187624542760
0.009806715322903008579676578821
0.009804673473411474733544550739
0.009802624050828895531596642927
0.009800497668275594531025453041
0.009798655024432031687617731241
0.009807045593115781204351937972
0.009804803242877923466639487472
0.009802661446702143300915743695
0.009800758447922229967946184872
0.009798697167551111731931651038
0.009797070008877217161815770416
0.009801756185282325974582773146
0.009799863760691910040208011389
0.009798004117419514129887305581
0.009802808269530572510240669766
0.009800521164946717028126201364
0.009798804972102519337653105379
0.009796956640191016630579918519
0.009795572701841513485942028698
0.009793884016433639953762827480
0.009792210658698413317592124643
0.009789854438371006509622382882
0.009787636509444915813651382020
0.009785199988926347045255653730
0.009790217738799722064603176598
0.009788873667525082122756952862
0.009786954237921923117400064939
0.009784841226439264427202755185
0.009790058937529112191255665396
0.009788416528777879565682536820
0.009786746517944098253122288136
0.009784750244826102440175259245
0.009782640686359349576644322527
0.009781032764024168288074147490
0.009779090944823356025372475110
0.009777423772535269305020408355
0.009775352357370032419384003876
0.009773391019795321768342208193
0.009793314051325927775837756115
0.009791397674195082593494250689
0.009789605941736295381613651253
0.009787833756597253523429728673
0.009785582594035737949778664833
0.009783730618620574107958894460
0.009781782917178899219900176313
0.009779586130823075391503730298
0.009778258591151216610878466590
0.009775647520427158829012965321
0.009795452913266057067544853324
0.009793911793012833084495844526
0.009799295433307638934866405385
0.009818474491684224817667592866
0.009816335532769792552218277231
0.009814441194336863191981721558
0.009819862610601456052611404355
0.009818155893245269381688825462
0.009816385887423424537844783998
0.009814512639276061286678808725
0.009812805979068919130863513418
0.009810735380227158469941854207
0.009808773905362073337507324276
0.009806550847108406347903040970
0.009804664701303278574554026837
0.009802646627293600711634510045
0.009800987794099123661539011576
0.009799031382790410295938977017
0.009797345743728044509974458462
0.009795272536857749676007218080
0.009793833960595692642950585415
0.009792393205958334665420775676
0.009790326815999527119739404270
0.009820129735944789935015468299
0.009818119628813545441829604844
0.009816412525825630320940099944
0.009814614302072336298751584670
0.009812169118868988202176736682
0.009809960085071401866573781169
0.009829757958341665232084989482
0.009828245243579276372266803222
0.009826189596009001676088507062
0.009824745280684541375218483679
0.009830014917172898741045424437
0.009827860225274814782491018013
0.009825925016061292482264621425
0.009823977265022259663627260448
0.009822348794208075753195732341
0.009841521783521556946616569773
0.009840147660105060492731459524
0.009858753897814316880616673243
0.009857224655571055085782651586
0.009854526513164534149752402587
0.009852707252581028238101468968
0.009850329863925233144679037582
0.009848229785433273699945253436
0.009846554709362251655514218195
0.009844990359843401606974331195
0.009843003234956821184454836336
0.009840639945263509422893687841
0.009845763827227926787041073539
0.009843772352493739798844402430
0.009841790690724841912240465019
0.009839794915624706999906876381
0.009837738753562850337892431070
0.009836464130359401534318953474
0.009834673524800666162702958220
0.009832378747476522999861169315
0.009830713954730253897750009656
0.009829147737396106695259221597
0.009827728533204203423155482546
0.009825806262940777336672051751
0.009843953882102004849133704947
0.009842164471416134370832107635
0.009839851451306124313026636048
0.009837878771679186366642172818
0.009835602683121614548573948412
0.009833368517621557346100615856
0.009831706608064071433359627754
0.009835541600499439539098087261
0.009834331292254234446843334043
0.009831862255220682360994933559
0.009830275195495954895500176772
0.009839077978165774178659636884
0.009836863602669151243746487781
0.009834665622369151081476818426
0.009832586035854811070325537092
0.009830930865448730473551258334
0.009849866866368281946988613908
0.009847851738569420898284943393
0.009853018934981297671294569245
0.009858453879869186254985722905
0.009877064117160053248953819012
0.009875245921329367008821048696
0.009873624204139826496577228372
0.009871228983725984488309371886
0.009874261558511866592591452059
0.009872131200459479975564467706
0.009870536649488836663636304634
0.009868022021284079287626963085
0.009866779999851797452592505693
0.009886258670452011009478395104
0.009884189412865362688089600539
0.009882292121132080963312264232
0.009880542189056702794487922790
0.009878566796329823496167046472
0.009876919446889455439037727598
0.009875195156064288719004264972
0.009873287511797780392162161484
0.009871310166371106674802739993
0.009870259745502042974963835133
0.009868220251494072400579086073
0.009866387836279102908273891384
0.009864168464613528328112570813
0.009863265583747074853643711129
0.009861052222497135777219858347
0.009879354940059636693054473892
0.009877518844878199753354888019
0.009875804441717899786814760161
0.009874158566352482795924701373
0.009877036504591003753894591677
0.009875011205612553202598449912
0.009873303164652756844574723209
0.009871834934621533685325460908
0.009869674064469299507030501182
0.009867752004969453827266003888
0.009865913056696693275789852064
0.009864238171853230596139201551
0.009862467195674175784343881772
0.009860550360798521558331463708
0.009869343714833377310881320939
0.009867268418468414956633979408
0.009865782866457380663629026618
0.009864082078058971833266984067
0.009862099792208198370653638826
0.009860185043746155820230892685
0.009858070102827223933162319872
0.009856873117969375710209646630
0.009855171558252937179874635621
0.009853310858031835059596136761
0.009851122926067592593177496390
0.009869648023641620395721138937
0.009867600899996028471352119308
0.009865769047464583618692591006
0.009864081869558932454751953472
0.009862699728260725574427369109
0.009861546021911211842575381286
0.009860394777627637747707198241
0.009858233392395076671149179078
0.009856686371230049570369022312
0.009859638092395085277156110863
0.009857676528850460450232117730
0.009855878862964606290679003707
0.009854733596300948608091547029
0.009853106095399963223584639107
0.009851673616620443124651384037
0.009850198009857089060702319335
0.009848442233163525556339472744
0.009846479976655633276200403365
0.009844789623198467885961992941
0.009842647194037145401504545127
0.009860570528652215779241437883
0.009858400839061588543105041182
0.009856893633468250563571807597
0.009854721812270548868057603123
0.009852793447326344403676179173
0.009851138374164739181463555018
0.009849700479502966544906877447
0.009848350307428197588569502369
0.009846047645348633474259499475
0.009844727884547145991907423007
0.009843119450017645663790866165
0.009841021246856677365181005924
0.009839314527007809191442930157
0.009838039366609686038530867527
0.009836165439230148373736631728
0.009834241481332094773474993917
0.009832577039096597412323408807
0.009831087871351553186660683249
0.009828647970557338390310704791
0.009827230649611813275300760790
0.009825284227618394320418725231
0.009823299940790724907815219162
0.009821305139629720729410157250
0.009819509218372218303270924092
0.009818296035890269202357267232
0.009816707550928483107417872307
0.009814336049998513756957583162
0.009812425614589747742719005423
0.009809887945317782595825328917
0.009808243948234212301830221539
0.009806550489214310775413873024
0.009805122051511733692638985295
0.009803462966741164490894544330
0.009801415835250867452768751272
0.009800344810948272770355869845
0.009807935802154577654851967683
0.009825925794704393230145139017
0.009843329339321611493914130775
0.009841667968353707946201342587
0.009839745928207108367177748936
0.009838190689868959178029649286
0.009836781988078464674697437480
0.009854750535324133135422822835
0.009852941943218784914850301332
0.01074975508687475045248020227
0.01074806872510708600281079336
0.01074578644557607429697638431
0.01074341775273882230192453312
0.01074113209410103302661556038
0.01073967343225913814399315768
0.01073709022769039157677938996
0.01074468063882007755268934750
0.01074282886095050386262629244
0.01074039716619329507604494505
0.01073812759935645554152566247
0.01073619691948528261431778089
0.01073433608366108549110338720
0.01073199597045270353738673240
0.01073035177666663269266479077
0.01072843553294857439602610235
0.01072751697762116300249945534
0.01073170369861300564133559183
0.01072982560543295292683271385
0.01072806377596541927563388653
0.01072612595762970642583901707
0.01072383525505064152962254588
0.01072165063121424089964491922
0.01071908172008457137099702799
0.01072336452967573556999222037
0.01072149330479319297374606033
0.01071963273775346690817251313
0.01071750002619770036358190456
0.01071522345494481699195347783
0.01071385669273076624394018666
0.01071168752352419938543177383
0.01070933927498393472705695183
0.01070716530872035126148539202
0.01070455400807315900514944906
0.01070292991332966324324596292
0.01070106034378894403298195851
0.01069864183194708233982366737
0.01069655814610628649214096156
0.01069420041776241935699691925
0.01069203041040433688708468138
0.01069474998814984178406724575
0.01069231719099370159477973953
0.01070972446270744438392028021
0.01072646094204889224974256166
0.01072436048442911882318666121
0.01072210816169716909100130770
0.01071993831523817293256003889
0.01071789884837438490687937570
0.01072195795117192055687630889
0.01071993551201294558883068117
0.01071774793414119407471413942
0.01071528888507755574524439920
0.01071328581952201922751068494
0.01071170810095038702015892590
0.01070956905633075827482832512
0.01070778274746481286522999811
0.01070552683624283733565995410
0.01070386362381427984485263489
0.01070124435301536776686993696
0.01069930518817687380461424860
0.01069750188746558757643579020
0.01069580682746240215919339707
0.01069412552846173036485052661
0.01069192805656242952996184854
0.01068962373591805346355105849
0.01068703166327486072560335963
0.01069177185751861194533089805
0.01068949389979409942831261628
0.01068790261425359331580639031
0.01068577824451826566257372401
0.01068359249391044178840736062
0.01068167908775031389872105996
0.01067969525992121436885508135
0.01067781752500248940023751343
0.01067533454516033739813360232
0.01067305918150293271783985559
0.01067143575511219663003737031
0.01066915299887500359443097808
0.01066749001982905932059590042
0.01066508579720219709382651274
0.01066244252764714371245696018
0.01066057848348588841649441123
0.01065842793664677240052460880
0.01065665504047897901400193256
0.01065478701618009973871193564
0.01065294761869965017490624417
0.01065072870824944578101562090
0.01064892576655785657069007294
0.01064706351948833204182631117
0.01064528596787931981199583838
0.01064357483717022019046512252
0.01064111741951038304353031383
0.01063985050606745885535723840
0.01065667500648636172724806618
0.01065451028322909658103596259
0.01065252264073054847758390055
0.01065057725464217716624159837
0.01064834676113591734611220247
0.01064680356142389742689290940
0.01067042369757928030041467592
0.01066830757138170657808256700
0.01066640821084313629307605379
0.01066467399875532805543443380
0.01066296259097438553356580659
0.01066111057140279221029467736
0.01067804967510232600645667361
0.01069461492241171175114137486
0.01069245465337042254868259798
0.01069042060905686052721424417
0.01068892990034743234179419484
0.01068707485228444591360008112
0.01068488646438162754380402119
0.01068322991035664713647821031
0.01068091452711787836295788016
0.01067887728277436372526592125
0.01067653884555984978328502539
0.01067454673515154867352124693
0.01067225486050298380144605117
0.01067091758637771637957301094
0.01066898309711947022216633371
0.01066698914800478537515644024
0.01066446040796845756773486941
0.01066220782632396689218453653
0.01065998370114884978813598429
0.01065773430087601641633914361
0.01065564142353106510805564434
0.01065283864675359404586088410
0.01065091956498480025606703792
0.01064872267629236197641693812
0.01064723494144978712629120279
0.01064519948444564010492982922
0.01064342684211245912310259721
0.01064117242318956743264311531
0.01063905929742528345859698855
0.01063737218643412235508666984
0.01063525441883960463131937397
0.01063366447695409390598597213
0.01063158437256929042354138465
0.01064852704681828476925420981
0.01064624581235679340187589866
0.01064396337332250466624751949
0.01064222520477403954402555508
0.01064009346547702151909305985
0.01063790439937741837737539523
0.01063617234135880260051490510
0.01064001877307327378654974832
0.01063804491785113762966843006
0.01063582571563169563852244771
0.01063383622168803481756636993
0.01063220921263408232781813531
0.01063019932162119835943377590
0.01064513754277122862135023431
0.01066139396638838649262918023
0.01065942542095690311614344614
0.01065716747634001219785484062
0.01065512130276022193070870463
0.01065319943752617605731595136
0.01065102681459567087707831584
0.01066741591275519846886576707
0.01066545510928533203836428677
0.01066939571358451682986061208
0.01066747767520737527350767566
0.01067042245510917207742678710
0.01066837048691732996054612923
0.01066675198805536043559491346
0.01066451966993806178401340453
0.01066263155891287579300353769
0.01066084705798990516383602482
0.01065908203100161806359881323
0.01067549752964845301388153182
0.01067395737000425636264082237
0.01067186021774597466389255874
0.01066976947209235565094519890
0.01066816118725373858721799456
0.01066651231962725658142292205
0.01066437273529869523705452652
0.01066185077828318500060763985
0.01065981953520743433525962380
0.01065802387970198155313777020
0.01065613533600518747512406365
0.01067279644867143137985127885
0.01067080941370012692911369273
0.01066905144289405876495485074
0.01066701617996324656494422291
0.01066463070531025497727047408
0.01066264751405758163169038290
0.01066024602518488751111192056
0.01065867013106490158230439074
0.01065654999976989714138323024
0.01065438574726140368889118035
0.01065215488644548548777664394
0.01066827610579064707338747340
0.01068451104173936608095969769
0.01068211482924748251601355377
0.01068011530602792274343978860
0.01067813447752730802968197379
0.01067630013093632798759068344
0.01067410286502835023957413126
0.01067280314975416628567777159
0.01067025012872886290769223786
0.01066841787078903045391453774
0.01066670693633370773890691903
0.01066479909971363526756460026
0.01066243944368960534051667057
0.01066059663480723195281100900
0.01065898384865592820907764044
0.01065702514730056922613090912
0.01065514023730368377977386910
0.01065330983666901600821950311
0.01065173119151921586381755601
0.01064999466820927041224720840
0.01064734191787168713503713132
0.01064576488183431148800653482
0.01064381303668092227752537043
0.01064200854595196774901669722
0.01064881826010701841281014519
0.01064721928724830992784217887
0.01064515461230481752100085886
0.01065220845685192220958614413
0.01065038786534935377998924877
0.01064880924886442876330993142
0.01064694233880883642834894407
0.01064519758648004302539939936
0.01064283898604013750390262969
0.01064064834229506426387077858
0.01063916275221240894110762198
0.01063694691551680191105010578
0.01063506599292273755040390603
0.01063298645756480991433197806
0.01063097031853726355233247646
0.01062941299619756182975686493
0.01062737765867612688800420241
0.01062506099321542538035424676
0.01062276781294228048366983771
0.01062045875226753649789385594
0.01061871761107782220654872146
0.01061634742996215072595160270
0.01061463106555326282683755421
0.01061250185093103744144724996
0.01061043802581132771066702730
0.01060847101903849488363790853
0.01060601005736552271139285283
0.01061009552681674638779438929
0.01060845036648091335776936111
0.01060636441411138354960313280
0.01062247487466324570098990600
0.01062001059628413364408400310
0.01061810262570058841505319169
0.01061665520062795800322352646
0.01061511382607752463449159236
0.01061328800096460050862334767
0.01061131510713980631276858078
0.01062773951001890196486327782
0.01062605759459248078182328020
0.01062432216468943543593092018
0.01062274630109619219512429866
0.01062087856598225611363532113
0.01062465248643343218524899736
0.01062257644791592015639777772
0.01062064801093838092231680648
0.01061883770682644951125214891
0.01061711122594437645549395550
0.01063285973764786382902851639
0.01063110432826495682461683023
0.01064662756737781919223581274
0.01064514067832736592624831389
0.01064737931808220014532363086
0.01064518674016644113094301258
0.01064355201893124662853196894
0.01064126764756763102329878649
0.01063904097198305352934117988
0.01063753076198089659332934087
0.01063595485875503474545019672
0.01063413108167718239088425692
0.01063238039317217010863305952
0.01063057642659732798868976719
0.01062852913069091609531489829
0.01062616326725143234035313452
0.01064163762575815219242415617
0.01063974954780440679050349401
0.01063805759373023134147330928
0.01063611865051843924801923613
0.01063462820919366481403919506
0.01065064679458300803511244061
0.01064877927413733832555204000
0.01064731907841262643946335943
0.01064553701782202479192191150
0.01064388227890733777822582943
0.01064181796931910809023405276
0.01064013813814339311727856307
0.01063821829743563587360891157
0.01063623862219070311503910395
0.01063416388622783364572632728
0.01063237928222347991033531532
0.01063065093149992479533599334
0.01062895967495249427662718872
0.01062717260431578015712710437
0.01062531688426837256828015944
0.01062346303223504254291480841
0.01062157176550974156960410315
0.01061976047545701697140267514
0.01061744433473697373176553624
0.01061577630595707030348858733
0.01061421513874848846568828104
0.01061227780902867909641268531
0.01061956930682615401833418942
0.01061795940399087512718204341
0.01061608456668633054251634456
0.01061405802953314865138407531
0.01061196856808169750653651501
0.01060989726709407159447495267
0.01060829814065479583850223967
0.01060668338901095334900435219
0.01060484431179189383079375224
0.01060338372605482537862147452
0.01060172184382986344871767567
0.01059985032130977424268515923
0.01060647965044711801947469196
0.01060467418964242062187485307
0.01060273264460973904470494301
0.01060106308882197840401314531
0.01059871419727084303812125425
0.01059641474697237448502249124
0.01059468345986829691547689538
0.01059246676848612212911650500
0.01059069666567657289854959734
0.01058888769194414420493784029
0.01058743699304844734934765084
0.01058602072301334991798352018
0.01058384753404926291297093951
0.01058162198182493362100578950
0.01057957927897832820399821406
0.01057724396908610595879158616
0.01057537270291560110126501179
0.01057329576186178093887508766
0.01057215805044095385833012988
0.01057038489325703082088539110
0.01056838413717502591136912013
0.01056623175453399340307641217
0.01056443133636907745083225288
0.01056225336577871742012324497
0.01056012652312998523149950784
0.01055871255324241896799017974
0.01055673026893481354631437463
0.01055535293852682124654692283
0.01055388028651290742750210223
0.01056134413764924571201192969
0.01055961046522380504407403668
0.01055733466612929388203676919
0.01055572793112198169003796550
0.01055926151784914734857227093
0.01055765562865906827295890150
0.01055525553748900190142017572
0.01055358940750916460507020358
0.01055776207571705617889305696
0.01056503864580479277946273127
0.01056321505236299172663335191
0.01056127902309326483623805052
0.01055905419179668055095977780
0.01055726480470263453868458683
0.01055587051365995493739287892
0.01055393491389359451597028786
0.01055243809816249699438159434
0.01055068610793468418897627302
0.01054938250836800560249527113
0.01054724344449772507940822892
0.01054515586391598303382006572
0.01054339392548607421867870777
0.01054199638383348995978140878
0.01053983633237988076745333266
0.01053828961431698818290021544
0.01053689459935906878615509304
0.01053544479139643928514475474
0.01053329703804696066548863485
0.01053174753093031780700843385
0.01053605446187356172357963091
0.01053400825899063996692160623
0.01054966878117766727016814804
0.01054769533613514266462432330
0.01054592162600497992470838774
0.01054405209746176982437058793
0.01054202723524721464488652605
0.01054053623024244145714624334
0.01054697385757173747505248659
0.01054511478530586020807115496
0.01054319464503158679475929176
0.01054156228964054043998764232
0.01054012608657662105721599785
0.01053820005844890379293739970
0.01053662898239457571421410276
0.01053478972289887700752981539
0.01053296041800436525040366221
0.01053113678466626481654748349
0.01052934868270259165900642834
0.01052747693739157278068967720
0.01052597606869814840895258773
0.01052461163378296119410260125
0.01052262177472771528992488771
0.01052147741534639154085945869
0.01051967362571768210591985673
0.01053514397798845173076429136
0.01053285386133212978513672844
0.01053138496487728062244777932
0.01052936453859131257516473168
0.01052745160206894816312813501
0.01052573561253314312262037214
0.01052391210178839694270593093
0.01052198875263669503704022487
0.01051993710581237331798690431
0.01052650480981910282937548772
0.01054155869793976050995043000
0.01053971773995948263111682556
0.01053797753534880597213382453
0.01053651266498549074465991223
0.01053452864465807995446307951
0.01053281434243286237915440502
0.01053047902672383709310876898
0.01052855552432085539757911653
0.01052643534471478972787545714
0.01052493270871830009916184618
0.01052301772633237656645268215
0.01052164435995460659468210403
0.01052042206122606032358551996
0.01051886212107021354463067321
0.01051714451145417944510451213
0.01051557247750359616161872580
0.01051393247536452937402866334
0.01051232653641642748667789609
0.01051063242398746992317157017
0.01050880377324377529750453565
0.01050714854022424366436594357
0.01050515967544278933870545569
0.01050370173407146770565106605
0.01050261893983958481505248173
0.01050149121596306858133073429
0.01051641049290506840590947691
0.01051493873712805207487945482
0.01051329484850436983571392579
0.01051159256329722940539529934
0.01050955232362261106757901341
0.01050857808392664177082358068
0.01052440400153933107396192328
0.01052249254167685290948517966
0.01052079423472946680598528106
0.01051899924745207673994540900
0.01051729656953114119569279069
0.01051571827808866470802961641
0.01051393591596918578673450624
0.01051188324722825210773832614
0.01051030695652584515429113941
0.01050851918424265937109326197
0.01050678895245972984911542754
0.01050519287405402175853814079
0.01050332915383009113429404185
0.01050149120893846444965110510
0.01049970806926145816060937082
0.01049799229132494925260683527
0.01049633973509907102993764802
0.01049487076720746466810432755
0.01049323727077293871502060233
0.01049141268221172818745827667
0.01048991666300095603956906440
0.01048821236611172080284464236
0.01048633014112034438784225468
0.01048455221013003157257841892
0.01048294765389340160807806152
0.01048095337322309564588344417
0.01047943613233316607116614669
0.01048250314159034924635998566
0.01048050567876623885665484923
0.01047876060685197803501795304
0.01047705919527827746209955368
0.01049168766027364922719787471
0.01048976714729051910467418962
0.01048870247016395593127960216
0.01050345800819514620102836677
0.01050218240492089088698144382
0.01050025192337964552690035490
0.01050436796753271708341829056
