1.863224704994743832461283285E-10
0.005554601659688581054187242068
0.005791663707277348955936665672
0.005658840451821377505231192744
0.005630791078576021030079342404
0.005652968570830475126265765703
0.005533845656875494332080040015
0.01254698931598278495737493807
0.01167719361236270718472550417
0.01301348352498661210662313171
0.01226346594403189423026302841
0.01616726957258123730785848659
0.01940091507209851961991212520
0.01828558043263942777623697502
0.01729030146444870488575837621
0.01651049264600508967731956724
0.01582201673480958288358306918
0.01520385412744379957500169712
0.01468093900175462649123123578
0.01422459143943638525341631711
0.01625860197388248600514258634
0.01569824701036827174386728448
0.01531550818295877476341841316
0.01487075536929943767859524604
0.01450433854597931926545302125
0.01415455407281430224095740169
0.01383684943387929081230524946
0.01351741495089972433869930418
0.01497043356428153805907083864
0.01460499736746662617066395494
0.01428371378745406165550479808
0.01406074102009843653485228883
0.01382951816993803665354866509
0.01354376588511292858311249846
0.01331901426061242884485089818
0.01450486517558839427245630965
0.01423285557836074382682730464
0.01397224760818255107510694436
0.01372238686190168577146561598
0.01350825702870576142091107308
0.01330926985050365886431444455
0.01309550333281639234401503743
0.01293762404056661817285239569
0.01276797394469547023629337758
0.01259714111000795348078864613
0.01241986986625573863988214061
0.01228322700333676783297266840
0.01214470038108572174065768537
0.01199895235159184864360762854
0.01187321650123550399680750747
0.01176293175820667206294450166
0.01165805634483933842701990287
0.01204508348330300120316613670
0.01191892781963361389847394985
0.01180604231046044603706209663
0.01170174180918138038499275086
0.01159433063960167455291115428
0.01148207069409580834905545354
0.01139568588401608270493112956
0.01130268855705985984975601853
0.01118780527880063579693813585
0.01110752517667319408432449124
0.01101717004122569519173132531
0.01091518698641908115245988734
0.01080786335075142065827963864
0.01072347533071156883384144011
0.01138236798047072906401543525
0.01129258949423129124757865566
0.01119322243213739249075752255
0.01110097066490075944793183693
0.01103161915499776114344482791
0.01093212163934090559968659271
0.01083196785453425856836779053
0.01075174442233871829338670614
0.01067613169049544455415578814
0.01060150055804858447436767141
0.01054496439434856883696359938
0.01048299362361327909602045791
0.01105445486650152177970121081
0.01099022694513030986397288362
0.01091893534688340468506196390
0.01084327261388815400253614307
0.01076884531929525395552847766
0.01070052594389944423454375648
0.01061944400463957820156493193
0.01054535908535817828233850176
0.01048171627768408478346246477
0.01041015636120953245176011728
0.01036235796632986850903914215
0.01031728802659430861407782819
0.01026213165138392583494006388
0.01020899852822333054973393659
0.01014680126430693920418529804
0.01009507694599957702772842793
0.01004692283064967596561941021
0.009980651843118106444244309413
0.009945162337993251819010696327
0.009904227957094282877643531667
0.009856350344120741397827062626
0.009806973006932397864794209577
0.009755007883729772027323688145
0.009694177558380893594201114550
0.009893063022095015799276178600
0.009855559412166344232678831948
0.009808225238246765507844273503
0.009749244092745510991968920988
0.009715841116954573046792506726
0.009666111533034371815456173003
0.009622284148330333118574496945
0.009590887683726301722666327906
0.009544967345446372842290829879
0.009504767947290135310436378912
0.009478106328515126650286076520
0.009439900407537583613031608150
0.009412284115647609982340038269
0.009377796959584343242990331719
0.009344731205947605814840142091
0.009314811131264892099999036852
0.009691169276110872927242924523
0.009654819401371464953599609445
0.009617108875577610990702472044
0.009584457898855983728776008760
0.009555245473958109855150146857
0.009522985573663922589498912706
0.009577159656841607771319519748
0.009555972845052322960518563107
0.009529190963845765650614930077
0.009489929316555624241688616133
0.009457499663183986573469430615
0.009432406286321297257301790900
0.009405331598398793406325714868
0.009379191948369351179763413800
0.009353024996714621453492330907
0.009339228537824478720641546094
0.009310707204575717052040964510
0.009282339018892255589622238708
0.009254983848922387718512946070
0.009223471653792379599750067893
0.009206994593076148182966243366
0.009189948447529030015215843486
0.009160394241714146163686167788
0.009128379887917767408334223069
0.009102107533584813681080910936
0.009072540981955706227470046095
0.009047642197765870381049990973
0.009024277404583798386589160258
0.009007023339266587151670730402
0.008979517467219233369037918502
0.008954126549816435775827515681
0.008940842729003902097549855110
0.008921261857593539561525591127
0.008909090961488545761727029819
0.008886782717925177320497423143
0.008856558075947215483143358016
0.008832965681843876319212608727
0.008812278176217554933574584962
0.008787703543855231520595604359
0.008762701297128709402356272766
0.008743216864404941287247215676
0.008716752250951594530009123910
0.008691652068640818570324929992
0.008673684708013561181909886069
0.008654111410812354925570661348
0.008639385258125924277423333930
0.008617724217213166898463929742
0.008603829304485322052896409339
0.008582320318465084285014863785
0.008566709841572589071559862362
0.008553653839808986877426798768
0.008535216635845574491546582072
0.008519331921448761738061636174
0.008494434822688139347687088743
0.008481889678231399748099255287
0.008755229130830854788866906335
0.008728921664010852632954426659
0.008711366263141501635717990195
0.008688970970211743858535889029
0.008676749801651974533225984662
0.008663135311902759577581471339
0.008638954493836834523998285783
0.008616482399830464235807767424
0.008595838063138791506166280813
0.008573211672221362279750370743
0.008828158732225629249505134763
0.008810846477554242302315928281
0.008792452469073476394683082066
0.008778670704410386044026582985
0.008759541690952151448411412021
0.008737603816024160868580042732
0.008724332863407023169827369070
0.008831491771558381191600326920
0.008816646136305054663537546877
0.008791498981720736812108829498
0.008776109840792044534627765753
0.008757114114473122400683666625
0.008752561030196002095722054402
0.008733205280756482453811363027
0.008718922414618682773053657368
0.008699507457214730239432819842
0.008682071435393946666400047063
0.008671572380391965035934321829
0.008656768380744663020107630322
0.008876705661522225047144428202
0.008855083261688633080044953382
0.008836834072268000529311032680
0.008820078163063846922537013785
0.008809183186008186088058230814
0.008912581666949763253622168407
0.008897976363392261289404920744
0.008877679812898847388305493460
0.008865419364620874646572613576
0.008922686060237004628725368817
0.008907107965763032871787283270
0.008893140711977980750932456063
0.009110427406764898642624135008
0.009326565366614277756923407493
0.009308077977749131190469332512
0.009287126529311689457708223501
0.009502383802242207272770263098
0.009484907225612972755872449801
0.009462600879029220209062469629
0.009440995391214457081017860423
0.009419648679385382831924328697
0.009399150478459753219757854872
0.009381584660362496194175877559
0.009583693528953641135081122177
0.009566611160880048953474772453
0.009550607234067859307460158394
0.009645465065397235984784690812
0.009627918218610866512686397432
0.009614820991893641451191278471
0.009601572051557502793604548768
0.009581768908164272372108035085
0.009562161574424042707465261899
0.009547752529523948389760677304
0.009532230592121474401393026561
0.009518826383388058214743658951
0.009503895819256022230938792616
0.009485618356402026774061146859
0.009467458513002890110097161797
0.009449835805389728235433711212
0.009433933214542716716414818468
0.009414498171801097448970699054
0.009393300147311068287744904889
0.009372266107375586178376771554
0.009349722595790754969503227064
0.009337729183446833410523099443
0.009320364616391454841452437970
0.009308157081740573310673113455
0.009299238263904527436479789498
0.009350211722592391862960139634
0.009336494100159332256571985323
0.009320459762109300998738401151
0.009301460366773952669601460353
0.009286449256548641822602552522
0.009271614456007953726031719223
0.009261699140057387903973095110
0.009246997718487209199227220486
0.009233920384102088418524646390
0.009221564653193508498388817134
0.009202905474198671682708818930
0.009186181514522386255543073564
0.009173682297856532703179397321
0.009160020413444631112153180849
0.009147430494725956598492960892
0.009131615340457305981124125158
0.009112603185450887773185049795
0.009099124690932652963403417119
0.009083331398352984340579530077
0.009069251226830182606082962195
0.009057212454168292410110202833
0.009288910140018413360364595115
0.009275195044604285768497116290
0.009260152644208204739199209549
0.009246263444086513940865616729
0.009234966072384659460919234977
0.009221274771303247199033594305
0.009204312351491800618014631530
0.009199184458244724476596182342
0.009183765442974565069613255475
0.009176780064395648278770081165
0.009163952288887847850825585047
0.009324916423842261445713625439
0.009311019953199501715148460775
0.009297640002094694704611799222
0.009285651682128497610839565731
0.009274130311165256169221171116
0.009436872515684186444599452824
0.009420467139861921605221275588
0.009399777593478294767925846732
0.009387409571443181661457511765
0.009378040536996037321030123518
0.009364248453842215950884521821
0.009349754184272164324360478550
0.009333937342388847298225037291
0.009321821176193496489815772516
0.009310736897198001680405551049
0.009301306622836992679427151641
0.009291230572292995578718862464
0.009281342877590666078867848323
0.009357438760148296627236421296
0.009343842788354394791090931006
0.009325432515386939796750448475
0.009313073536375070494178779879
0.009300465827762172228959197244
0.009285281033335113614875560772
0.009273142507914581448364633411
0.009297947099420244894475723224
0.009288580937974779831981189682
0.009278853343713229334831126543
0.009267974318303650716150854660
0.009309188278945510352868662744
0.009303072801691208258825711500
0.009285941852355024803004630271
0.009275139335641330461687191854
0.009259491855735478023289993235
0.009248971495452984282566635727
0.009235881473565651150923581326
0.009225044357309668604633681699
0.009215167865131333136654259114
0.009204306012859143029386110540
0.009187340801559210297032350276
0.009170754709123679800035561408
0.009311890747425705161782320043
0.009298666730548436787591216055
0.009285525335839822136654517815
0.009273399588815101106775002451
0.009258900141910494410131943971
0.009247086857763422823907065120
0.009234594782137987662850891085
0.009223567680527527464493523254
0.009216655051925817695759722779
0.009204216020463704961649232782
0.009187154862330473572409999096
0.009178548368800947816825492737
0.009169392719902698996161056452
0.009154556221824077951805833127
0.009144348813497840313307013670
0.009133046637323530820109963548
0.009118529988306107610907105315
0.009248844738849138959850705979
0.009240202631125668180737543002
0.009226015943575324417496022245
0.009213309245590861889766316198
0.009201176168187657560774489436
0.009188734908970112939431619231
0.009176417866906541022658852259
0.009160614349883117525466811392
0.009147021064758497812573020011
0.009137260862254578787326536045
0.009123039504287222644047862592
0.009114279384743533008158237235
0.009106465612645239773379079756
0.009094433019898653010536266179
0.009085188469727033515794307658
0.009074367584036833920176086172
0.009064646927883803202470144209
0.009056029506534776958715476631
0.009042677373743293337113657591
0.009031567033166778879590813910
0.009023155533631130542203548560
0.009059090102303357476775041506
0.009050135146115020737242570139
0.009040036624369473018957481904
0.009034738526910617188544510426
0.009070334496529150985080371061
0.009061813856566426738003017762
0.009050706586515432372183256045
0.009041175950994331911684476327
0.009165482167627696626807673331
0.009157325024378222874635158425
0.009147027724006631712744270214
0.009199772902969664904143958536
0.009188371747109638228310955189
0.009176404870430272117462688131
0.009201001526365459497954997216
0.009187850328989065636285388115
0.009178729933812058739948825031
0.009168109937517964961347225989
0.009222972822933399820930966093
0.009212939236034157507925821215
0.009201687291714868394216299126
0.009194226087971992580857141211
0.009186636360673589263056435921
0.009180731032241991643879539770
0.009168972103854036900824787408
0.009161776888496967862162883620
0.009151651509013604449718118116
0.009395250185880944213145327234
0.009383224003289718567727407190
0.009412449780248976754290239407
0.009403773293522494450975805123
0.009396977928382972360744523869
0.009391514419699411655722984097
0.009381701288910595013967552603
0.009371017684817757993399667892
0.009359287530524635266427288366
0.009347973019712413895622062721
0.009339603999399135737553619344
0.009329166768064485153584740490
0.009317917709501107281951737464
0.009304922221229531510012832084
0.009418587212957327097197234347
0.009410508036851624087890753758
0.009400197204048842422204262531
0.009392787900440133736175620224
0.009506725523623918674685265259
0.009499909204194909507183004273
0.009491867999974629838293829965
0.009482499518829879584833264852
0.009472340281008064639318891864
0.009500306607006873336575615883
0.009494062693549869258253785857
0.009484372942458286745821167872
0.009471913881441353854630882522
0.009460917101858092323044574408
0.009448217871437142781557710476
0.009438365689453243421861727594
0.009431754540258245321661077077
0.009424715522443777835511109558
0.009416030047436319075875570670
0.009446828916453222536690580155
0.009438017080049773834671468069
0.009429052536541857367303057795
0.009418802399766664748847712646
0.009410522996085471264961128355
0.009458939743773671921764243952
0.009447397587219803055433086227
0.009437546921365049417320548686
0.009428663768367416433373696480
0.009418205160560198943879223855
0.009411332086455546335408577432
0.009404182989078102933929108405
0.009511387680270494368680874841
0.009501513652153676669880263858
0.009494985149885436320747812970
0.009488799696358055689224777881
0.009478835986531882930000982433
0.009467607771716059255234054145
0.009456913136216244528994223849
0.009452134786030704150115770807
0.009443162348209353502587633657
0.009437199669741716609490063996
0.009430667236136450120010505706
0.009420188262097365786747059330
0.009468204306387122653304112606
0.009458583097911995263972105004
0.009477957511692451847951794266
0.009465106843647750807748820633
0.009456815090938914924098231881
0.009446225558174442731910014433
0.009434680298148381159435394368
0.009426209744412764070910045371
0.009416164002903483039105668232
0.009407440956105135307237693941
0.009398464433808353068847260478
0.009387379516790733665767727412
0.009376061977574548553759489897
0.009365096535566126493388180920
0.009356454556072586895348738919
0.009349576318162302222134060536
0.009376385789755428515111726596
0.009369423514334605129534853436
0.009359750545132056810211981914
0.009354417044540613144939005312
0.009345803892460741145585282228
0.009340100197235792239464362278
0.009329274442159133355945185424
0.009320145305835682477831482532
0.009453905126701269813284888120
0.009446720621494845469937827040
0.009438299272141962641225709906
0.009430256816029311834117078426
0.009417316377836909075032431200
0.009409197196344705075179171058
0.009400985682547835981225657119
0.009392718800901143446401480721
0.009382621538053649173794259219
0.009375984829211169477192094333
0.009364749162527359975442278274
0.009359364814356860117238397113
0.009352251111955033736831519316
0.009342572599997005509118948551
0.009333593317954744234058700286
0.009324439674693904121176358635
0.009315378907694406524792006959
0.009308571211876390898974478358
0.009350137899180314124150880434
0.009342478943988155160877041268
0.009388620341562126905166268293
0.009379547654000161791695928132
0.009371601054248979181353663037
0.009361399240648422919996474557
0.009355441152403759885963879810
0.009346200425237779548632159560
0.009337928683239646396481463358
0.009329762924781701568152935467
0.009420100941707971469763997117
0.009413610067667909918315566471
0.009406361371678092195099901972
0.009396387980604454425750687896
0.009487285555166363840007081018
0.009478907076891650709240604321
0.009504790865595262227379493213
0.009494934532021438076623993262
0.009483294413459871582683295016
0.009475272201620353663551829563
0.009466821065511997649405063091
0.009458218038325419180556000234
0.009448331454214753648254962109
0.009439591022123433617830940168
0.009433453509580813824112788333
0.009426693854866878311469534099
0.009420803848220819198981558862
0.009412242867819625097457267520
0.009499670827106829504219196074
0.009492043081265430437873491605
0.009482456968516185478888809153
0.009475721391097247844325670367
0.009468628607304031681790558743
0.009460732379799157006160069445
0.009452994845096256951642617869
0.009478886459483149619538866803
0.009471918255772271664617653766
0.009467162833185581069039682227
0.009463274206169636531448055233
0.009450937674878567669971552005
0.009536847884127853261357137462
0.009528353508182858841713381601
0.009521218817884010242206926710
0.009513285773194923241303203075
0.009506155748726706969865489576
0.009499726668723356973905873750
0.009493588341502134611455492963
0.009485817468743266010949525728
0.009478752355766636354252931796
0.009500726049879520693852766482
0.009495385480153824105406000883
0.009488529205931271212506717622
0.009482659770331803554374760108
0.009476085816299757538464511868
0.009469467014297922083264435188
0.009462392287980074664527835623
0.009455250934851659025480255119
0.009448104604556230125404548933
0.009441047111187412163191297635
0.009432532783437840409083147756
0.009422097824533039234596375816
0.009414930543526964085083392387
0.009407445353419622436415926468
0.009401345340392863700975048081
0.009394803838915831041524583256
0.009386199297994721781894642564
0.009380263212199086895596675760
0.009375375473867954720967959591
0.009370033752104557845948290867
0.009362479763337988038314106021
0.009353723195215035011362145213
0.009434237263717995676296716862
0.009426738012900420316897343473
0.009419327674116976917660083288
0.009412325966798783426909934481
0.009405134881957318362417713240
0.009397965185682000712948252122
0.009390399993408603702632691685
0.009471133929174500008379536583
0.009464224953821732942304286090
0.009458508372255304588876217252
0.009452177467931847988032331987
0.009443850557833601185798737221
0.009522518648600486168063116437
0.009517781664110087090097808406
0.009513791567480141549072372782
0.009506876010203258780186774192
0.009499998660069123425113456173
0.009493020490652593331718269068
0.009483894276673681393713278141
0.009478474923253095914425184622
0.009471535977262441357122368184
0.009464306939088034326873128842
0.009497257401915171698136396733
0.009489645497181303248273159428
0.009565946788856856419794069397
0.009558561111136382304952128933
0.009591263845944965997673559117
0.009584492583189944125835024507
0.009578606100964577477065486831
0.009572401108047927652652239921
0.009563739600164457156697908462
0.009556566714732765632636276620
0.009550431582559586008697538120
0.009541924048316936695175159430
0.009535455383599159984851691064
0.009527534670147897899306603083
0.009547375705673108605806993224
0.009625726914842128772555902407
0.009618772607643568698229159751
0.009612760294069206163176658989
0.009606372255109193538135845207
0.009602805057100840478964515013
0.009594646731823645584766889369
0.009588592069398610763424545954
0.009581140594793829072945545609
0.009660698206405212364891464203
0.009653749795658492158393695525
0.009647845852910082198407365326
0.009640141502963129964739315985
0.009633028211736088768228962609
0.009626424900751741496997364211
0.009619343376327124115450627835
0.009615305017167349672234800295
0.009607077889814878546299171156
0.009598068072315861905666592082
0.009591103056599085479082056490
0.009585362196780914474266820615
0.009604057800334554349544365098
0.009598221946767380924368610513
0.009590413203712898971460021006
0.009586385080816836800427353014
0.009578652829341776412236428575
0.009571191688923459979982517235
0.009566402811713030546378755155
0.009559031387584354786979392548
0.009552248085057588835682793618
0.009547329671743350223887746031
0.009541283822418062382646830681
0.009534531380712376494505737260
0.009527698918569693414310441511
0.009519941726473528868812612162
0.009513889925033643730426972992
0.009507533041347426981019890222
0.009504440040166291503848815258
0.009522435159247322028288835200
0.009514264027088405343715571686
0.009507004149232056968097126255
0.009500065970406729553414662854
0.009497184953190506915120195481
0.009493863688145280408583089451
0.009565436901612484579217741380
0.009558842180718760196224340126
0.009552100477189067713052161352
0.009546171299125580246888424121
0.009538645291518432730072591659
0.009533528215218581385709938083
0.009525859244535395504283397590
0.009520678751162649660452921060
0.009513166517788018042679608090
0.009524620780249431421273041551
0.009518417323273166459026682037
0.009511759639642332112562390011
0.009504489181213064116526969050
0.009500643016607483954569761778
0.009496102880465768394648492989
0.009490937301479936353869154691
0.009485369001458959635020530974
0.009476877328573574317394347900
0.009470353620610499452034138707
0.009466809276877460715090502556
0.009460975800193206808436309077
0.009455249743176227188968998237
0.009448432042329603448392863854
0.009441997560953807824625844949
0.009435651736973041305882655229
0.009429307210725314926173619855
0.009424012504505551582476161437
0.009417602736452661938825619167
0.009413908962401666861296381709
0.009407453059270860367610663308
0.009476967681353841574090306819
0.009470458751296112552274561615
0.009463088916350250440404310703
0.009456348746268634930459648276
0.009449672420109268154005800676
0.009444665520999624032976087031
0.009437602382239071167523673121
0.009432563416049079068991985348
0.009499829347675885904697645399
0.009493415188051437168130155132
0.009487103511443333897330484129
0.009480125343669551324970472821
0.009473909785149558128186692541
0.009469367784845082036168464641
0.009464244857850458199199915182
0.009483881782215527793618451728
0.009477590102553923484969872799
0.009469783898640419097286253809
0.009464001674803493298150289366
0.009530693414141549833244517717
0.009523808339032380503788755075
0.009518728745960206170027250416
0.009510800673912467649626278593
0.009503799003128029684134142693
0.009501332019825854017916318920
0.009494384772712236791466521469
0.009489466420096047831156045142
0.009485374796444577689082509080
0.009480571479044491128914017786
0.009477131133651068721439166600
0.009470604587572350142352254069
0.009464154038759118876529920725
0.009459532226236724278008774753
0.009454593484849003234511837486
0.009448661197707619714660008162
0.009443589647300822065497989808
0.009435084232404192379058983502
0.009427166712160170726109233208
0.009420316476503465820083237794
0.009416259423378529951179725086
0.009410064625189462579523185052
0.009404507234461566636561945820
0.009399873139492770805105454492
0.009418341637953003413100277464
0.009413171864957296842861596221
0.009408971026622063069317731763
0.009473950100579494808383965384
0.009468105347355721478045599487
0.009461944617755901907830934034
0.009456925781007195175425232839
0.009452558760977500630909533274
0.009446724501569345307249853308
0.009441832305947585845433923247
0.009435163167673480968893816765
0.009429031817641722284509413857
0.009458006221358388956344887529
0.01362679900286952838418146984
0.01368353635924196347779700294
0.01367094505831483932335997980
0.01369319304240194381476048244
0.01371537269067244132828726003
0.01370435718659651120545643881
0.01369322379244251574580739952
0.01368241183268781417769854200
0.01367119750500690663703991120
0.01365957374861343730886160185
0.01364820761293464265129278086
0.01363977421695071733632790759
0.01362853696119975636375864772
0.01361658727005448750398755375
0.01360463908440419468882351216
0.01359532579051741735672302430
0.01360024493559736524298211593
0.01359273198168802493278725749
0.01358274461485417752395551127
0.01357056346394551213868937141
0.01356176188008100046064163967
0.01354979495204375665876497591
0.01353885677815401031516428317
0.01352686850078312674892846733
0.01351555877868213914222175848
0.01350313979839269240920554130
0.01349276987888591127575803588
0.01348281788494512523149897045
0.01347378192557018451276686012
0.01346210702898441351805198752
0.01345078690411499722100549958
0.01343809234306092344371219079
0.01342745790235349459316951568
0.01341629534487390533586354740
0.01340393795889293793526608005
0.01339580901723341053724621002
0.01338437191308881067158773486
0.01337445013247648366637931197
0.01336333355651324143278853339
0.01335441411425911408918043290
0.01334388000991129286418374054
0.01333318448940516944752867795
0.01334493169271502994134942058
0.01333386516099866687672592687
0.01332450970803453374317785814
0.01331331944424395764182968532
0.01330381667521836731285246237
0.01329406479519507426340012395
0.01331705831921669284320094333
0.01330607925556200575366705771
0.01329727940924725837934521796
0.01328904989637330722455259970
0.01334363818448795180662936208
0.01333406106822853427670928614
0.01332360235034480164567191950
0.01331344520159171297049921612
0.01336507291670596106261025962
0.01335569899316319268930727316
0.01340785046939135773562697474
0.01339583762127352058981257923
0.01338502014762468436391346499
0.01337489983207026385209600146
0.01336743975817787428544862922
0.01335731348775418863761850968
0.01334680119545240437680774508
0.01333689400262256516387734617
0.01332773642106406705998103601
0.01331756252335381116997412861
0.01332932180446485162983710507
0.01344386239735211996957211826
0.01343400636547657969347321815
0.01907966631145515234115246022
0.01906208856074135365658735370
0.01904588297092176215402480665
0.01902837410878984645467041833
0.01901357248905114178487438145
0.01899608401062203124608989835
0.01898024169515284178359957378
0.01896190128944585910911891076
0.01894677925024069863437159338
0.01892968392233786806431039507
0.01891380018519836741727892709
0.01889407823060806740096704334
0.01893847513039167075301061023
0.01892221384817226419352299923
0.01896553598721654836850673673
0.01894993662381782564584904027
0.01893375926012910036080197053
0.01891565135421016096378687245
0.01890069335967785513138917652
0.01896578638353751064933545138
0.01895146959837336658140678616
0.01893491021321399122435738154
0.01891845446898938954969879752
0.01890178201874861689121829580
0.01894616896692341914657956668
0.01894542242803185683272194378
0.01892876709216572710447675012
0.01891335511016269245111615072
0.01889638130428229785795821268
0.01888065200975011192204632137
0.01886511331722156688775180103
0.01884879285840151465623634627
0.01883088473521494957100134330
0.01881363542238844850516333617
0.01881764127069540352678815637
0.01880231508124746713265354552
0.01878705272004159387744845886
0.01877018884016881850665658263
0.01875381047497693589003173263
0.01876654351582610192614349131
0.01875075190734077093949242543
0.01873577932465659160506306454
0.01871930401690652762624634114
0.01870326250745279387953861993
0.01868849201209943651848695783
0.01867336358183844582383480232
0.01865834322473557675585897189
0.02220438952316300549374894425
0.02218492850708104971958620177
0.02216547795028885600143001303
0.02220263497428140764269287663
0.02218180365836830413161549926
0.02216240566132743475212425007
0.02220040820360643024050811384
0.02217977235948556724753377694
0.02216120216317622215936031941
0.02214115994998632569443393657
0.02212139966782595958417321169
0.02210012508098842314230875231
0.02208092420061104096137981056
0.02206077105540324592924015502
0.02204181505318613058006037064
0.02202330666837822683856954274
0.02200419051663109482665615520
0.02198536382513383952552801373
0.02196744517862800288602132132
0.02194618376667483623930430148
0.02192700849522285239466288254
0.02191021885640328750474346874
0.02189144724925155326742489110
0.02187161208444330889923397578
0.02185451660349610819382988065
0.02183404436150130922447772793
0.02181432625411107282645717985
0.02179625469222161097459364187
0.02177594030928426473994122656
0.02175591243817034010031799254
0.02173796243993711266526503716
0.02172097359754608900391578988
0.02170225807886130902546919137
0.02168450358577554473878621211
0.02177820653438502023274465681
0.02175948296909767228135727753
0.02174222524680322963774737716
0.02172302366339397269898892005
0.02170457738728995086840522613
0.02168516922976423887295467325
0.02166751850136045456030176178
0.02164823000063744652386538049
0.02163094773843548860072559128
0.02161250645035126799037428228
0.02159373354671117761290175129
0.02157739772139223193298305918
0.02155880741511520980747219749
0.02154104759839652228399451440
0.02152403401612508006605859251
0.02150678463153934004868844147
0.02148889019330518813679268704
0.02147008565396593123562159025
0.02145150935076508251380550657
0.02143310075776828878365970271
0.02141483404236879714355185393
0.02139714575020216885569875833
0.02143409086834306651908226873
0.02141626021206315180451210391
0.02139821685953404208497294781
0.02138065033492871963122419032
0.02136131875683928150962438171
0.02134276149301455195332024868
0.02132469997751424907991077349
0.02131885107760152199942696978
0.02130170437431240574345448496
0.02128411330958257714103568462
0.02126641379993039574047534465
0.02124937087050643747129093425
0.02123226657445309848472786085
0.02121597193168190464798282847
0.02122590261100585551578501117
0.02121031051922526342392334141
0.02119487359754948311039021145
0.02117651323606472835815167468
0.02116057423333283624020712113
0.02114523566566446474100778300
0.02112877604643390275807437146
0.02111215513314017206382288303
0.02109436990175959363800848339
0.02107781804152091189608524029
0.02106253356501030378696683589
0.02104461038991511015866991375
0.02102841864499528136025281673
0.02106581734492049201755415313
0.02104883505022919103167936898
0.02108472567592263135744520137
0.02106652511463336608701987500
0.02104900940846862026995783213
0.02103286727806501538081919051
0.02101576360200236907354489573
0.02099937762717460088580059986
0.02098163447047602009145745798
0.02096469978592878388631393347
0.02094728814431345146037539802
0.02093026461980892242201672030
0.02091475955813387669506346082
0.02089941908047719936276447189
0.02088465767402661510773122547
0.02086669067182052932414936810
0.02085072827211125750408536355
0.02083522639065727228203148552
0.02081960211740456869405480640
0.02080206394777433081331292479
0.02078699649548772195243194811
0.02077080347542194096500017911
0.02075396583408170818147847371
0.02073739232499631897863095916
0.02072172261728248409961633732
0.02070369965079326167327127450
0.02068780518126641826474942199
0.02067149210643960562962639366
0.02065465821217853490769800900
0.02069108280863951408546975377
0.02067709337605875168878206341
0.02066206096846841314829943701
0.02064405982542018925228508406
0.02062809184524908952220385559
0.02061258002698876810336087723
0.02059570893002760482998029235
0.02058134840580000387924492935
0.02056571052823708910793217598
0.02054967688222849519826193136
0.02053404667849106288537743988
0.02054513045136913959191640249
0.02053045442552934599659929803
0.02051507983633717883568879923
0.02050009446958731026095799362
0.02048502666839326221849773935
0.02046965898408032936295073349
0.02045315901857809434344881003
0.02043759490127717060165579721
0.02042306746718476332008857871
0.02042525678918546649555431006
0.02046072519391507012525083680
0.02044702071438125666797079849
0.02043136419691323930866341132
0.02041617045319683251985382573
0.02040123954447617584715522719
0.02038667527825575060259976073
0.02037209658405037540793045164
0.02035643660161710670190469587
0.02034293363407943292719873952
0.02032796957570806007659300167
0.02031289001717960078473763214
0.02029907949743145441957094666
0.02028329209799492754522595560
0.02026933403346980218615239489
0.02025493736591438199842215356
0.02023871762130996796710741367
0.02022369927856865427526118357
0.02020894588378779239251660996
0.02321463057439209230665739803
0.02319637615687202222229178369
0.02322788779327112948035123168
0.02321105994618002340245269070
0.02324372588168732283032536602
0.02322581459028015661683752526
0.02320845589839244554969919266
0.02323967732384534483421298171
0.02322262868745002497822503631
0.02320654773128417428808518331
0.02321384920290540085245955896
0.02319628360743255152896288337
0.02322765967484519646984137180
0.02322659405886480883216784961
0.02320828559156168746164793267
0.02319185823742634554148762483
0.02317435578969676602619126675
0.02315668272347628832794842714
0.02314046002780562184660752509
0.02312458674363466706494750547
0.02310739511717562890447686410
0.02308915599767879279990981836
0.02307070061286492129690320899
0.02305317421079758833467995935
0.02303588845380631227693656646
0.02301854255550640796696525622
0.02300119544757412499254093536
0.02299473693334204323827624020
0.02302740002341275952510562105
0.02301009643699084919760527738
0.02299372154386242738821669031
0.02297697253078813231552968980
0.02295885063175783359971990267
0.02294064431290079109550877769
0.02292390677952487858309097894
0.02293121364197022940175136227
0.02291414046101653887791407150
0.02289733684831485830754667449
0.02288156237941827433948890451
0.02288165615488139127820039399
0.02291275550446434496175534216
0.02289531424107803690985972183
0.02287823403979493398011687227
0.02286068938894979967848042675
0.02289066740951755316754901764
0.02287343354815419426978345390
0.02285741026619198935953399778
0.02284128418253819900868532221
0.02282513577165276434800468010
0.02280741481256475145021221277
0.02279117706726950413942903301
0.02277365728732121377742544697
0.02275734246000124267509771266
0.02274106288872567738220647864
0.02272381232619612616191564613
0.02270697719375860671408135094
0.02269017520737194845573473936
0.02269078489385179400557023963
0.02267431314195728819631432376
0.02267208618718146908547266541
0.02265664568687876546830878707
0.02264085821489574337976710569
0.02262443204719267169521146147
0.02260897325929053036515675304
0.02259179349607520317349012318
0.02257658643919444001170925815
0.02256114968605366826684366053
0.02254570399660320566986775029
0.02252945807498185807509278089
0.02251399614347837443811316236
0.02249843426566632585256967712
0.02248342351200635282238589142
0.02246648158903533274601124746
0.02249754750911634630798323009
0.02249766301033791392677178836
0.02248270252410362151234083352
0.02246707836817708516476286245
0.02245168683782944404808384455
0.02243481824000360096794996275
0.02241905530853031195112938568
0.02240293373090272241718391450
0.02238716833337934301040420392
0.02237238946279761864173324578
0.02235774041781680631364380917
0.02234211729963130804188720913
0.02232520233044039355873728306
0.02233214498863375637150824438
0.02231875423254656552946839976
0.02230339888936197095809096775
0.02228943212923675024978386340
0.02227394705568308904868302253
0.02230469573713908849510182401
0.02229074972872243572824004292
0.02227454750768529455807697012
0.02225812646208021942522200813
0.02224219265002648237149189880
0.02222803048098016237269635486
0.02221403723931315945706087306
0.02219953268057595571282123758
0.02218495008173825000197493096
0.02216927893096125072476382593
0.02215427809502699222222827470
0.02213884392435162315000550505
0.02212437222296420531230180427
0.02212336173834991684057332558
0.02210844920547030837646072227
0.02209268576155834252648152728
0.02207852089034029529516245665
0.02206326533041536895111873657
0.02204760768117161573797177508
0.02203463249254702604090366249
0.02202041605666266311722297049
0.02200653757859184962355277340
0.02198976103763380564975743601
0.02197584053549648925586809194
0.02195994276364143304105336341
0.02194540256956760873154905068
0.02197480812208895313406024504
0.02196023457000098001531285143
0.02194400226502385460336919521
0.02192901734312135504245846695
0.02191372023573106595058870658
0.02189870498727552536419604358
0.02188356976049838766425522540
0.02191340958768826928462920033
0.02189750418814712217589757794
0.02188138595148698506628766107
0.02191011691400666305054391046
0.02189535715666797328034521899
0.02190292792308052318626805412
0.02188850693803282551152920706
0.02187366909589040358337424203
0.02185906291228753390265640551
0.02184436006975580018044309400
0.02183072367975267178249802129
0.02181640171775763071497065436
0.02180260402648160150006967520
0.02178805528782945732359790580
0.02177457457333061871175698587
0.02176085362609697051091211609
0.02176882104922341161233536404
0.02175345462728834006654284566
0.02178202513146898989101962445
0.02176808704701166896616583017
0.02175485344867532971185468871
0.02174052526004376079152923598
0.02172646184481425769109506589
0.02171282037415557716631164612
0.02169798596000726196969796899
0.02168475040190030892067548373
0.02167059887270312728012597961
0.02165703243807067536454121439
0.02164260784885484191376916476
0.02162909728748786874676294658
0.02162860189924055795512279327
0.02161546761588241679088527049
0.02162238494177704761406442441
0.02160780197482732996221385735
0.02159314441192846720989200659
0.02157964783082449325466407422
0.02156606916578454805150811404
0.02155240980311390966828455044
0.02155240740555388594947269399
0.02153841233398532195145018985
0.02152461171587961183584918199
0.02151067929093683534129430432
0.02149837492148959034654948726
0.02148383292242553306128081767
0.02147052358276299283593150056
0.02145692156826553190600971610
0.02144414037296382991636754082
0.02144142917548614337838959180
0.02142721126017541045960499996
0.02141326128318091148709996033
0.02140074003952812969121718660
0.02138719537754922129932607357
0.02137365764752533840136385435
0.02135982232763530095904548875
0.02138834478009829551753035816
0.02141641841260598379149392074
0.02140185542654579495966001170
0.02138807619123700124784713560
0.02137382388565164821629779383
0.02136040822967728293774548244
0.02134656115338909947209073924
0.02133399255179860362704453046
0.02133543710219718730725857212
0.02132221369001074602924462734
0.02130892987191173475334476823
0.02129553071948505284590029307
0.02128234278160432435626041171
0.02126911448513577231565154948
0.02125535713770766223861158299
0.02125518829822521999994682035
0.02124107038899711470072869555
0.02122856575551722447948712848
0.02121544264695821903970040418
0.02124310445419239287297911283
0.02122925512470425016697100369
0.02121516221087791227796730083
0.02120167490848427522342690892
0.02123049611818253239824591246
0.02125878368896544931172676156
0.02124373273144450792001843946
0.02123058953982721046125698449
0.02121693811319700064132274634
0.02120385810377967044847079458
0.02119127286330983806717519304
0.02119120057974339456386408133
0.02117857085557635092861075276
0.02116449473000867018289259369
0.02115157964263599523747509026
0.02113939263855552536851622171
0.02112671173422422069938797423
0.02111431326534496294083806307
0.02110175225736403814870404681
0.02108923909317976924650710883
0.02107599990875798106668210894
0.02106236687765338467059017673
0.02104883451485026340178299240
0.02103516450786910814681179891
0.02102252672290844116117559367
0.02101014598930382738247923625
0.02099659394853671641494108166
0.02098507098003745575338221880
0.02097280517841241531805833286
0.02099398623644568992161117400
0.02098218722408844753070962249
0.02096994586913205143289835143
0.02095742799316647128487157085
0.02098448936095575176207212027
0.02097184649594867265428501953
0.02095883129630940977286387732
0.02094652963034285928705869703
0.02093308600807798782572313976
0.02092095476934581693251728864
0.02090737584289672020823883620
0.02089479258727483821450662986
0.02088343543534617149826378420
0.02088398845236937422922366068
0.02089031658162348185846761403
0.02087715520171446180019874791
0.02086432677869491297273404886
0.02085084950131182457849333198
0.02083821600848027756515208052
0.02082618937293316079789260788
0.02081408529670001294783285966
0.02080222054000071527111352319
0.02078971238571573249179795760
0.02077680680717197340697277033
0.02076508669298520085656099101
0.02075322234216001029487482548
0.02074115412728366978400801354
0.02072854245356104543012349827
0.02071667198703380260102299718
0.02070415707095469467963699981
0.02069193049895265763474908716
0.02068075539842913678986915952
0.02066915069634728808407553024
0.02065596450898180879437655918
0.02064419286264559874067758644
0.02063153917111532540817680386
0.02061832805776829403217618183
0.02064588909142579210701833598
0.02067189888119193335165884944
0.02066015080426532302379910087
0.02064957127209750363436738441
0.02063804788000756574449202125
0.02062666577307912126188117561
0.02061436772409744969413670297
0.02060206322794274212793746664
0.02059090987993466823463350500
0.02057895892175213527531426908
0.02060677200422655841958619088
0.02059458245465839128773062504
0.02058247508137840123069438599
0.02056956439515451446377888181
0.02055706989587517061696849086
0.02054519715440660959823764096
0.02053346043140531175194325180
0.02052112469353815638178079511
0.02051012729426489224800360725
0.02049820653905591291288439786
0.02048632600414193487480820058
0.02047431551703401590496313434
0.02046269361249094375098149846
0.02045186065188825330995664728
0.02044108280851447536180679822
0.02042955150225716676858786818
0.02041722160070297014389703645
0.02040474100574413585266380878
0.02039370233614301384389852416
0.02038158993082048378145462521
0.02037006249297598005855549094
0.02035798433333368444769118174
0.02034618312082455948094838453
0.02037328542906053672842610715
0.02036190235839235143898787938
0.02035083406131881644569207592
0.02034010615478904095629137210
0.02032846957693580163327531260
0.02031598104401363549252366987
0.02030424749806011991597861579
0.02029254460817718134525224264
0.02029370434062084016713765987
0.02028254175883907490581643551
0.02028305071308945140791986924
0.02027214737961590608769095105
0.02026073721070272965053992732
0.02025005336453686779058363885
0.02023874577210291204874285106
0.02022610954235637411184432224
0.02021466130499791382616369191
0.02020357313858889980737257714
0.02019230065017444842245467622
0.02018131027836857214275254241
0.02016923497223617381131434470
0.02015797955519541138013033645
0.02014734223045037576351735675
0.02013692321527188928206727539
0.02012591626736291395519862402
0.02013296445130618068131878534
0.02012205556330102848233823064
0.02011150828067803688189406208
0.02010117675597939830223991706
0.02012825166926315755671104640
0.02011698120933051456724458800
0.02014300847828803246980622233
0.02013264157132325342473363635
0.02012109734694627826920368613
0.02010927745556093194345965612
0.02009831271587772667184347408
0.02008754532437968502910429649
0.02007753260816615848726488441
0.02006605791000442225432384048
0.02005582363618449903925923164
0.02004543098747542898492563199
0.02003471927675926953119094517
0.02002402586234045888321280040
0.02002277095287905289817226151
0.02001126099876463505544970656
0.01999942335448307672635849511
0.01998867672093348811944978208
0.01997852234922122471037210182
0.01996752698565967390260067024
0.01995601751847897668202406117
0.01994483032730175245921804659
0.01993320549969770151261339112
0.01992267453453280423113167079
0.01991116010377276576905567857
0.01989998674004744412501769265
0.01989711285262527810268262517
0.01992310566874044113485983295
0.01991325909604617064552747749
0.01990227959800022443930666635
0.01989177143903490968424888408
0.01988104030720742757660905617
0.01987033395685357293407838522
0.01986018929029464928914722817
0.01984944808122579202843790822
0.01983888495951066185800376343
0.01982867625706132687020141195
0.01981815684945750128146220647
0.01982432384188120717994054197
0.01981404367033532068770125104
0.01980392634250280999608873006
0.01979415987394837856093236700
0.01978339785047079634327275458
0.01977343457273839213515510746
0.01976176282617697586579308573
0.01976306667927999733265896919
0.01975262035419952114108023428
0.01974267704493279580531830675
0.01973256680656301274957875333
0.01972175858280673498085927371
0.01971137985009747345295071236
0.01970189529045569224547154110
0.01969105067853952062230587150
0.01968067261424313167247757056
0.01967008262718476233757653981
0.01966011832159993955966527424
0.01965019116931631270333592314
0.01964075390938836929104218407
0.01963037423508439578381471606
0.01962008643000087515745566699
0.01960986279624303252074541140
0.01959871899353925712533484957
0.01958846583123428327056886532
0.01957822903026857257642648479
0.01956733469619868675550319726
0.01959422924445563228478621930
0.01958354695190901768139270536
0.01957322812651660441259905915
0.01956324557978468156318155171
0.01955270319853617952449230634
0.01954263384943967517261443088
0.01953210600383633255483534360
0.01955637177139832093984844381
0.01954634043721095291466839988
0.01953661418666716347264877477
0.01952659907358607361824073098
0.01951623339344854342813064125
0.01950503917140406266282306596
0.01949436325297416447671248033
0.01948434512978388483736203986
0.01947524308887976281250458294
0.01946436380543480884053172351
0.01945350901474038252993584832
0.01944367602039752184196087115
0.01943365243798791651817899001
0.01942380757487656602032390327
0.01941459063498772087285968658
0.01940531056542448184106605318
0.01939545385300417442686285679
0.01938564551339951794810800173
0.01937614123644084160005653359
0.01936676428082348923037244758
0.01939294718208631674514097858
0.01938407161050705517602476041
0.01937443273743522310835328180
0.01936447460243947498793147797
0.01935521924249347154539591071
0.01934592036899653127257253740
0.01937160574200936866048098854
0.01936117935329975472722528828
0.01935155898711755901407801125
0.01934189497426559788367547338
0.01933239142793090027905815659
0.01932342666423426160602172615
0.01931349105346535382758038048
0.01930373167443025567214630213
0.01929489379990647769333658561
0.01928481398342811958174975547
0.01927584427655955490553095633
0.01926614513630672392721526059
0.01925626446628288069459960270
0.01924583993275949223438643722
0.01923734454281438300256053462
0.01922726343400383447462044224
0.01921785711991990629679884968
0.01922557533161285292999049861
0.01921610236569848011300520054
0.01920770244182651439233724208
0.01919870465754170905616604048
0.01918887428015484188139965743
0.01917906303390028435588984801
0.01916887583099956086850056430
0.01915893110031854456022282824
0.01918406436132877382075754782
0.01917432543660718431291545403
0.01916552137122098853134678264
0.01915543773622840530452668175
0.01914730940082187242867919674
0.01913792306458714088571344933
0.01912860583564343612987609383
0.01911826399289318014782347620
0.01910973537523704923743341882
0.01910062403199522306584538765
0.01909061924395545008288208801
0.01908134519991661768606836262
0.01907153913042876955825404708
0.01906300881514119248088989159
0.01905361641315955060453802971
0.01904439911157186607111415211
0.01904646959544426831028657179
0.01903722525899072063261088320
0.02056891212611419463265286075
0.02055805595687533233709673480
0.02054803452490188454171012378
0.02053722639607140288587385030
0.02052733439475287064275691662
0.02051772029059449677230678625
0.02050828285709117541362072692
0.02049782245702369121086747970
0.02048778669750260394281319419
0.02047710555846795062331152816
0.02046574181295944790470547907
0.02045510806477149826667442417
0.02044434929036266340441032525
0.02043420498057375909856614784
0.02042400900037102497259961778
0.02041409992143313609140911271
0.02040436706606105257943307929
0.02039480203283122344670096089
0.02038454733601609523272972067
0.02037515856776075776495143571
0.02039821951447828716078668912
0.02038827292952163719581350877
0.02038888099733966895185878618
0.02037834769107645886644107746
0.02036710304972969780936336146
0.02035711980612843003796353719
0.02038037051553918684205271160
0.02037097841750158524796633843
0.02036049984693159425785177234
0.02035200450351755067565661959
0.02034103663566165498943039630
0.02033186097712288918107727251
0.02033854591859515079555522404
0.02032946437769631278605063983
0.02032076396169025325846083925
0.02031033692850128395810733486
0.02030050255969818509930833581
0.02032497468046706775753526273
0.02031515119515491252756126280
0.02030505417582860137424101064
0.02029485632237251678974762833
0.02028513993221414137839850188
0.02027680785528475028459237441
0.02026670314604567903498030086
0.02025671267376294335465244528
0.02024615811731050778654564246
0.02023601460675262827408972242
0.02022577834320213601981292999
0.02021588835162266274617987838
0.02020671201648690531542300771
0.02019641418120097698466197993
0.02018643554130334198634136438
0.02017541031161543746233010805
0.02016469662807277566705671952
0.02015458964956997863672512070
0.02014465595256337411839620287
0.02014232042174903227742585980
0.02013244817770250764612990981
0.02012248020948187011006808268
0.02014526767660445000919294627
0.02013517936764234380788378025
0.02012623959435267657528195091
0.02011749201964801467972552823
0.02010744265882080111774557341
0.02009807032394131936936683651
0.02009567257782563417862085326
0.02008699615676925265196080220
0.02007684109832945401879845253
0.02008267101231386287740403952
0.02007264110165391524378415279
0.02006267015116237370251922694
0.02005342842063546117121149657
0.02004368823863255733810204153
0.02003451026873656832888905845
0.02005725872997245121156256774
0.02004847983826572642238845502
0.02003873909460500548743506947
0.02003937919761322378185915379
0.02003056276752618981574145996
0.02002125847673985656834766712
0.02001124867506407043268132661
0.02001004655946054889104973476
0.02001126020762058136337527575
0.02000084924411145399666785949
0.01999139133462695671286434612
0.01998148511849736467778123734
0.01997121694579869189921135631
0.01996265624309583339953633338
0.01995315880217440045255397389
0.01994345264001651295610691034
0.01993466259510525196154665018
0.01993346743063514259129245980
0.01992370415537095155809052377
0.01991417882557183156772638800
0.01990532155912251034456612953
0.01989538362150843286732062948
0.01988631413799871868989459359
0.01987646160026158478226735208
0.01986667352952009736731464407
0.01985712613141915762038741500
0.01984719843117846445467943494
0.01986961832457318236900391178
0.01986131487209838794300687377
0.01986305486342753079080701046
0.01985420588565830486510587889
0.01984408013029866820880532383
0.01983535141720524644507385329
0.01982600196595527149641596545
0.01981671240330557698276440638
0.01980734328572696162139110689
0.01982962052416765122531249026
0.01985207075917133496738486375
0.01984223340548648850529748566
0.01983351080160544229095520242
0.01985551787705988292651535540
0.01984626940500462357033753014
0.01984721869939222317276505595
0.01983806430853430019660202688
0.01982833894259981690440241659
0.01981975599830455707278832806
0.01981087127263844648384625303
0.01980193847911740971730763846
0.01979290453843415833924405152
0.01978455559867727587470968431
0.01977550875997314747671841199
0.01976784102757046693089370786
0.01978951736403483360839020981
0.01978050451126826033096361242
0.01977065711239529346731146476
0.01976147342548951219032521849
0.01975174961598193505414204059
0.01974317650280794282898834402
0.01973425307157204868711936040
0.01972524146311814761560240093
0.01971563734034780071105142987
0.01970620767183689393778455137
0.01969754866231065422529168682
0.01968864299839449406954928709
0.01971071809664560605265641119
0.01970118784889849631987612576
0.01969248405483355473502415052
0.01968370871391143206564844757
0.01967461056660022317299751745
0.01966490547377221378562714491
0.01965528800278075404549302177
0.01964578816405014020185912108
0.01963668609851858970737086643
0.01965915639996273337946259860
0.01964978175250821451266663023
0.01964130916279618848186459224
0.01963261957812307083037994436
0.01965434756047272749876279756
0.01964555476994286358141454253
0.01963660236005568498852161384
0.01962758782266281846863497431
0.01961849498175641022750297832
0.01961035582896582042888285406
0.01960311524602016344324962171
0.01962479579015632374634807536
0.01963112390485195691838944053
0.01962271050022799152348624887
0.01961370598217406489124575504
0.01960469098024305127000489442
0.01959737467347724634333695762
0.01958896481035210325438017143
0.01957995116693036784880332137
0.01957093956068240084431047998
0.01956125331543501897946669956
0.01955257349537930434157146343
0.01954348036885642649509122531
0.01953460890487493098440227545
0.01956613923457450823087392697
0.01955687697090819796324013079
0.01954845659319121279858444877
0.01953900665305823056529746331
0.01952990752297867118001226344
0.01952103192696458006913336479
0.01951346066876343809899000980
0.01950509954618643481828672338
0.01951257400335933227389917283
0.01953356388871947877445315082
0.01952472160693604783003360083
0.01951594582906421386302059905
0.01950804240679548096209886379
0.01949942430084310392120250467
0.01949172198491969309996460933
0.01949294656645412415328786439
0.01948374523938632293220723567
0.01947539634214732507885362028
0.01946735088396366083775287100
0.01945915195193792248259815694
0.01946118566914812606479639525
0.01945326475587658483925192340
0.01944433859143124992938029502
0.01943570145130285961578654098
0.01942726401912984349075720866
0.01944873642619065344418603086
0.01943986160101112124598456457
0.01944152533454354148647082444
0.01943353829855091083272165070
0.01942474531983235912392594667
0.01941612444731485348458834339
0.01940762688420995994744254432
0.01939952932124950715350901164
0.01939158518464521738246175941
0.01938331325708823319134933446
0.01937469099906329966161614525
0.01936655399461325272363235681
0.01935832058543471803741684850
0.01934986360303370603828111875
0.01937597045799559070858626458
0.01936747691677530630499427678
0.01935930624026660925887087202
0.01935123477075279321788262662
0.01934339982607177394985885523
0.01933523988302408807901351199
0.01932701826670358486022153150
0.01931879984056528600479572259
0.01931074930222514753200327487
0.01930225067251036081593230463
0.01929367474462511006814492504
0.01928513830788378342079808987
0.01927612264126396639870564477
0.01926744788969014731922108511
0.01925876105688840338321165747
0.01928017288662551732603395503
0.01927216446385515684816478450
0.01929231001274865004695250052
0.01928429903705365380060580708
0.01930561598928561136993975531
0.01929763394084280462946331061
0.01929006793083914908057685649
0.01928221684653785518247999215
0.01927523491056856711388010010
0.01926812774722809035001009311
0.01927480993380005840324763296
0.01926663978255380323122429114
0.01925849434184905498315783103
0.01925079120101671986475524263
0.01924231948572775984328084021
0.01923347541129808397439565596
0.01922468413685443909709093638
0.01921656310311498874623490339
0.01920895396900792710097864969
0.01920112364575579760581241839
0.01919266505859805594185239358
0.01920676661624201036205806760
0.01919911795447951575668929544
0.01919047926958268707010812190
0.01918244333815785068413574544
0.01917533423598773662453549893
0.01916715735355101722103936703
0.01915891495443134469241041592
0.01915122878860443259224048346
0.01914267122345308162410644773
0.01913455351565978971245510941
0.01912725505265647131802904778
0.01911878371814296623526320836
0.01911116388345730327316110686
0.01910320415521505435969910690
0.01909460124702831387236217192
0.01908697859936499108943967433
0.01907992586769479996885093396
0.01907206782036550979456345247
0.01909301894331923096064893775
0.01908489818070259637108341595
0.01907629968011479796053288577
0.01906886888820020215066133310
0.01906079355244847760579856096
0.01905298523964713160468989482
0.01904573219320473275495634762
0.01903717776560629256814974671
0.01902847995305289276913132290
0.01902109508317755156830751333
0.01901343372574482077382188539
0.01900581943376351883326098776
0.01899784822403774995632191191
0.01899020476216648618255527110
0.01901062414387511033260951847
0.01900313371835217805923528240
0.01899610344028133401174957964
0.01898863633129924940945168467
0.01899051070399752809207002920
0.01898285470094072390621189630
0.01897450745535658987947956876
0.01896685320748399202260528892
0.01895992227218678141668643453
0.01895219518798665018061549042
0.01894476539629458886753781163
0.01893748082749231858797421180
0.01892902666218668112470380577
0.01892112952977736614697182735
0.01891345122234037926932407322
0.01890709142005721328042496615
0.01889851099428789306683675891
0.01889134173857754167312524061
0.01888390022234818706834815918
0.01891793992111278192453519448
0.01891056037051001386833268170
0.01890244094853650613284051939
0.01889431278161110079978203731
0.01888642695792710727100965045
0.01887903305917547072573338632
0.01887116448042456989312564020
0.01886413868044370805698341298
0.01885703131398368339281472503
0.01885000084807895183937998390
0.01884171942689054437876513977
0.01886197278389320299602353276
0.01888218770017253144098789505
0.01887462386699206781468603236
0.01889570144147876810420588876
0.01888828720600203686253864712
0.01888022199548413432045384299
0.01887247509929963693265491622
0.01886553999948719200551289893
0.01885785797065638530072474644
0.01885059862678511194752058806
0.01884294388607182388616430749
0.01883549132350892593605937594
0.01882647740445165393508743204
0.01881965470333293623815515628
0.01881254403462370503290716850
0.01881815318640476837955805553
0.01881031067454736523363419422
0.01880321118106113082225719018
0.01879581241487932118790994850
0.01878903473545639702198069586
0.01878148696929704967452268413
0.01877315046047764299678773692
0.01877214895706801077141632269
0.01876473330791834140859955865
0.01875711816669996468039048042
0.01874938014404284367289486515
0.01874205523674575931696572114
0.01873461008736813986418838471
0.01872785173211077148807023978
0.01872733321755338207362138518
0.01872022660118758483512759957
0.01871314733906575429425187421
0.01870533491864665144605186304
0.01869772730560280754800266215
0.01869103249989961290466770907
0.01868300355900924299153442811
0.01870268433889793109005630794
0.01869550602655105675446952184
0.01868818608958899192363585393
0.01870761799589761286278189826
0.01870026342235046658972037059
0.01869368727166398871044995272
0.01868677556361604379753663869
0.01867944506179308520883084740
0.01869928333152771189567719582
0.01869217263685832931969456289
0.01869437010657614575284594323
0.01868693898749927500529527063
0.01867966264342559485032294666
0.01867267331602736776179006594
0.01866570652890800734557499633
0.01865890227633854245318839445
0.01865268791975692064072236467
0.01867285274586868433917583697
0.01866468849653014713089616645
0.01865737845445899354736291823
0.01865029683363857207796578966
0.01864365608885615030493573715
0.01863665321010393621882645353
0.01862985414345765407179491400
0.01862207159233811751880944292
0.01861505664981861000156549509
0.01860811844281777825239740137
0.01860059638125860929352023646
0.01859342690792025811934513560
0.01858655962342849730911850955
0.01857940121509996014708622170
0.01857956181687306975280415372
0.01857225053191421847186308544
0.01856492164579566213693236699
0.01855728874870264536783804879
0.01855048451982978939634391814
0.01854291842786722525374432041
0.01854448918817043380853596541
0.01856446987342389661330739771
0.01855743403954477906617258894
0.01854991887778865339294205640
0.01854243472388067640052541491
0.01853562333896686117305304570
0.01852860098417073729214527981
0.01852137954004900234733128161
0.01851432985316058795648885929
0.01850674741871491843677349857
0.01852565958255869036567485557
0.01851812159293923767670857875
0.01851117974117121675247013658
0.01850486750011529295626771439
0.01849839941086075529075901520
0.01849109808843033166125789965
0.01848389674366915628149089446
0.01850415129239509345727800130
0.01851146116606308320587024778
0.01850338633759897238548101559
0.01849674921011005815891649155
0.01848971924182731815598178644
0.01848312044103834562993142008
0.01847642097746895895309639466
0.01846964902751935364680836978
0.01846186672069121920450763571
0.01845511005666321772113203004
0.01844770711733871791044333428
0.01844061448775757526394983951
0.01843308181858564671675196651
0.01842623823085486743736250738
0.01841978251121027032392296076
0.01841320323032068991490590102
0.01840607833651022619253202249
0.01839939994452750741632935918
0.01839207524699376250676557684
0.01838474971172969756995757089
0.01837722777649224600073259843
0.01837108369112588997355864955
0.01836360383827439500811982860
0.01835623608329737272147948196
0.01834945259162357096405299842
0.01834233624745784014198829518
0.01833591833931434248814484300
0.01832995616342051173664592513
0.01832307450982499208711958709
0.01831593264455242598480246278
0.01830895004616872248763521297
0.01832833681485646365753213191
0.01832113725940899215802468533
0.01831459259908677343050957523
0.01830770923303138454002601969
0.01830059684454595102479992776
0.01829374239638901782468809356
0.01828759606463495761954110675
0.01830683632307570617923179946
0.01830032321494374214173003449
0.01829361117057524873761243031
0.01828716042057216632452499527
0.01828022324964000688549631061
0.01827285556165790207684775202
0.01826614827673874097206264387
0.01825947857049241668312196952
0.01825281301039708806434841956
0.01824648689390438040978859215
0.01823937865038470548897249578
0.01823252097549254808031405336
0.01822528853562368123189836654
0.01821855867795060276965536073
0.01821134356198051948298456295
0.01820472815108977169538046527
0.01819859222354230111482835497
0.01819180334883116181248101268
0.01821029235496887321467173327
0.01820303414349127734302540650
0.01819779585738465757363232830
0.01819171996504185454048783968
0.01818602978462323352896179103
0.01817873987025231589763251005
0.01817161694461660051156444197
0.01816519080174820395317265539
0.01818460420116000659756155080
0.01817792722986416606091049191
0.01817151762244027261212436315
0.01816459514840237772606368790
0.01815753235967098790329516667
0.01815101184435624158571751984
0.01814459276358856161430722064
0.01813860411939194910973147063
0.01813264022709767651078356837
0.01813492498622736481490336628
0.01812871923225722209427931507
0.01812204396582296790554147425
0.01811556886350998785621249939
0.01810903134219992314178203163
0.01810274495235482447761009876
0.01809548946535631459777806096
0.01808934551014820696407083245
0.01808278814877330482172161283
0.01810205185246861972160258927
0.01809550686779736004016637547
0.01808870140869226950367819405
0.01808273404718625088217048048
0.01807594826360596094476997991
0.01809500351361469402016650645
0.01808792386887429026275691929
0.01808122760569914928235931573
0.01807445852830948281714222734
0.01806818977441139173512118471
0.01806160745326932982344600077
0.01808030122618602607401667069
0.01807437195192737722858710787
0.01806781184573806319128930218
0.01806177460110301747090167274
0.01805517231365093210508347152
0.01804840754470094547783844172
0.01804173364842275842289716283
0.01803615982450384962915348571
0.01802943079198118601392324761
0.01802413771061645146738010325
0.01801694186072670114978923386
0.01801103630223383609400606406
0.01800445863249773472806145216
0.01799765470528029592303655152
0.01799942380861373353942307896
0.01801784082968257457980879902
0.01801168606760851498951440102
0.01800534082237480068782147079
0.01799902629660856681971242755
0.01799323341485208643363235203
0.01798661355821160559335661492
0.01797957002262189726370490214
0.01798658204743521297131396102
0.01797998279042944535775670801
0.01797314346512002955824628710
0.01796680850521936105234244264
0.01795991242586885029389689333
0.01795308652774663508243553555
0.01794717598931397303010281650
0.01794029410203599940978236919
0.01793425714309623023122302107
0.01792786514234481633006452768
0.01792140508069502504245097927
0.01791566341006103856981515398
0.01790893181462180288754074160
0.01790285495513803915179388628
0.01789613443278538280766195758
0.01790278196242950530240558742
0.01789669976356461203884118086
0.01789081886832819336903089805
0.01788498903202178214197335754
0.01787909704985745575579113535
0.01789764974890050877313432884
0.01789187918985320854721703541
0.01788546149245828099677299342
0.01790392803939503167515126610
0.01792263300352635175077853986
0.01791682818921147697720987414
0.01791913815467799863892552217
0.01791292802623988838885299269
0.01793173030198209713585720233
0.01792621562060126914320990344
0.01792811579647258630353740733
0.01792183033769299376314076987
0.01791479957947518271379513126
0.01791690379771957300990674991
0.01791074762612281678520084318
0.01790449638795101434103528297
0.01789883509531366278974611144
0.01789254167030959542882850040
0.01788627819971648776271699392
0.01787993606321746993638081179
0.01787357517894644284057451144
0.01786753625231278310852321621
0.01786133693888605285061107346
0.01785492600798920881671986518
0.01784816136487537378171750238
0.01784211297844255292397258425
0.01786077950569868965034631494
0.01785507836157937537999614330
0.01784909319816143697410076226
0.01784273293705665235645026532
0.01783665841461416052984250387
0.01783031023171631937915411884
0.01782355162032772539241978423
0.01782544078898594743516315029
0.01781943206774538493117883471
0.01781350529230900877186043871
0.01780732146295736880887173919
0.01780097035408059646866344085
0.01781967142173825970963878678
0.01781344412881421337090449058
0.01780766218382048471672048440
0.01780139086323355699928843792
0.01779513170774212163086360553
0.01778860292474965269605168007
0.01778285215713181797922729677
0.01777683640132832305428724631
0.01777033307597422387886689717
0.01776390883555392677940358540
0.01775834160353677395473967294
0.01775211976398817253037097951
0.01775410779018111218304717060
0.01774818355108730903627190172
0.01776632221120941947480968569
0.01776846292474582512258859592
0.01776194209550369694472251986
0.01775567695562960454734285477
0.01774982960408710253815232094
0.01774380720672213671104923841
0.01773762619908553495935394909
0.01773167954582290403521695838
0.01772572709723001513353273219
0.01772023717940380746513947556
0.01771446269066581164024927594
0.01770814877922844673837737067
0.01770299680559810610973128456
0.01769708759529203861997010096
0.01769169328943522439553428066
0.01769762179543635952394762863
0.01769161169981678265020199614
0.01768562456678925444333558589
0.01767918877202893074599530431
0.01767340426781467350940583384
0.01766742641393310637352373128
0.01766114530444241688688216396
0.01765533208908249240483835643
0.01764927136954573808179114978
0.01764319732782774163434375432
0.01763689746762525730214821904
0.01763170549799198400515071130
0.01762542369380448598867801256
0.01761962216061004597473996863
0.01761329778206838226397113023
0.01760776946266312017886590163
0.01760181612208890304159838234
0.01759545365624645725221202059
0.01759007580486276079965138405
0.01758451900111777991960541296
0.01757811458941770341590395883
0.01757301478601542929621498271
0.01757843887450967566249144756
0.01757282448596026689913853266
0.01756677905088793382844431063
0.01756109067679630972731323216
0.01757878636611143445293172901
0.01757241118336729854739234752
0.01756682203992551494419885999
0.01756103956289831493647319438
0.01755531216795584810606335319
0.01754895065102330945841250933
0.01756659974489661654083503771
0.01755990669914510787632473892
0.01755412895218606586071517183
0.01754853648700753321430456244
0.01754262395815053648488214169
0.01753735223679559776504261912
0.01753150100294031910403787620
0.01752572782873201068601332094
0.01752059675508366911025712104
0.01751428558870240960286517396
0.01750870434650577525631043613
0.01752742791775100526075537946
0.01754541483998646351136079928
0.01756366458395498430112026920
0.01756960806763300673592544405
0.01756366836381136942685456415
0.01755776719192904580383158174
0.01757569508228550298308955812
0.01756941604434056158772299298
0.01756359174215201574630184266
0.01755758036353556413909428761
0.01755188335701854819472743946
0.01754662268514733757348852097
0.01756371906803651806309521057
0.01755797063958809904024490305
0.01755213495570117258196930199
0.01754667810353528518797251557
0.01754071365980407820580787365
0.01755829481164545753076177038
0.01755223902759797392411476632
0.01755442787091738618292904714
0.01754855831436510336152295038
0.01756209283257307655993566302
0.01755608544050594053550059203
0.01755029215084089700775050734
0.01754450423045933400818503304
0.01753899779799729209935615539
0.01753326461811857972187474446
0.01752783970181037201281052325
0.01753417990490161186384318618
0.01752831965687620570942661751
0.01752268539167769475697804121
0.01751699094634465112881701298
0.01751162142121532960200473616
0.01750603661089595904357980072
0.01750059529729384860224166869
0.01749532214353080142196636285
0.01748981082450299234713673474
0.01748410305973415312651090856
0.01747860022057591863274375451
0.01747397522865834178287892111
0.01746792451943785744748618162
0.01746217529437278607139228138
0.01745659496289295224315089970
0.01745037671814504798003760577
0.01744498411983505678624825449
0.01743892963121656949317254307
0.01743344486660282994080074581
0.01742782511105141835806072552
0.01742196330642169209547788644
0.01741642606377740199108106887
0.01741170728490632030533766925
0.01742926154569312094638009726
0.01742432051774988893136396911
0.01741838097691964114821131500
0.01741273535447795340706702465
0.01740739060217356280185896513
0.01740225223966350904661196013
0.01739598991727929649722491752
0.01739065674387903346288240147
0.01738454719358698968880856412
0.01737901265152196659743730144
0.01737325861949701222774536186
0.01736797205982879635971044763
0.01736204863704531905387924051
0.01735610621887245614369587957
0.01735068889658876019837855350
0.01734505326765799154494392911
0.01733944820061404866941610385
0.01733381272387673772791488985
0.01732827716361579132025560713
0.01733114898486588249767834386
0.01732565498185243835244088914
0.01732011190615213989162239014
0.01733711739555043628457875132
0.01733141236082887540041224598
0.01732579326872772243246351430
0.01732714217647598787327011794
0.01732135790160884100063635715
0.01731642290994048756319845353
0.01731112990103085704690234967
0.01730517159856252945491327227
0.01729976642816230237895728779
0.01729461063527217648233057904
0.01728857834199290302755951174
0.01728295317234003028909521594
0.01727724023600936695016112660
0.01727120989668140532468767230
0.01727286155303535676107956850
0.01726741133037874875644252606
0.01726196305396572404817525987
0.01725609119616072531091654848
0.01727337779832511680002396602
0.01726778096167359831364854412
0.01726231211058737403138586760
0.01725709709679074783111529495
0.01725940174250554596329168727
0.01725405454082768310317879320
0.01724840635041248058793523106
0.01724866856311132425458634324
0.01724329209536991868273707479
0.01726050391673179339015585689
0.01725468505782974686469256179
0.01727216414181060420452932635
0.01726716853993271278088597080
0.01726236223330121521090020460
0.01725664217934512773356949015
0.01727392379641376103012201440
0.01726916350661386293808272306
0.01726445639886555717698378708
0.01726706831472539471204507498
0.01726268632315030611347367199
0.01725715872651588974146008799
0.01725216252068507809306572305
0.01724669973127563214290674011
0.01725426142266783620365663718
0.01724908317597493541152005805
0.01724394509494015056505203241
0.01723808925597640665820042148
0.01723267236528331630353518185
0.01722784948576636188472720440
0.01722300619741852629754167071
0.01721816461704311838001830052
0.01721267258669634132419704376
0.01720713289207606830054302197
0.01720263831608555148247312911
0.01721914327145173536009781287
0.01721398506986139586363530887
0.01720944246594426342440811135
0.01720517422276099112089961671
0.01720004800462829599741597363
0.01719452949123574280910826110
0.01718898441910907483388977756
0.01718398703500627459801045103
0.01717875243450203843869054529
0.01717332790568317333800628351
0.01716851427481859034041780714
0.01716317697683363960414554373
0.01715733805096841704574027663
0.01715234215698362259023326491
0.01714741322185669552447464275
0.01714262962304503502172378968
0.01713771146524331557373772347
0.01713171742559895027210317663
0.01712664491460917111142686394
0.01712132784754650980386550650
0.01711603157229693917030398802
0.01711026724758509714452360787
0.01710526028134975839838022689
0.01710072674927597937563296023
0.01709561611713016017496653959
0.01711214469093781456469258490
0.01710691221589630413218831398
0.01710226208003283921863343728
0.01709665800375341433084454039
0.01709224111385172657735642984
0.01710946653398135811685852558
0.01710395147260117687089285927
0.01709858541748479684655846860
0.01709380070104224386480203496
0.01708863248593617987832299046
0.01709132724301191522519919316
0.01708645059064896322420529154
0.01708112778153817068722631620
0.01707581409813354999815071549
0.01707017891094663415488657046
0.01706499633945611711603821710
0.01705983085800959516789779575
0.01705360125491822220861473941
0.01704891640129389723482595710
0.01704361008737825107309780954
0.01703863303286542799398393197
0.01703400724093664367730867797
0.01702970224727817454939908744
0.01702510255433566182375013269
0.01702081793040825992074045315
0.01701585964988818633848265720
0.01701023776225298635400099234
0.01701193917725538040837628216
0.01700690088639776329901757641
0.01700285128341349224895429222
0.01699768438379231507398593849
0.01699291915861022685101423755
0.01698774994569883430345420369
0.01698170855349940175434093021
0.01697663353603972272877846254
0.01697132777155924112925611299
0.01696628992823245008550901073
0.01696115125349008527114940828
0.01695702181487144845139464880
0.01695769509214224073013588986
0.01695325718424714425955049124
0.01694814564753203044005421326
0.01694306398458492900991806636
0.01693863705131130704133630577
0.01693303057608290384063292473
0.01692800884048382078026655358
0.01692305141800310528589060034
0.01691807932576048797360534621
0.01691334532786330305746771618
0.01690812761659014334716711049
0.01690293798108285826021697417
0.01689789488920766504862446710
0.01689317579868704390078155657
0.01688806737305304840133761244
0.01690405029826172223683874617
0.01689935490988322939430367114
0.01691632387692246157594334944
0.01691106399014492169599143243
0.01690557713846582861390471669
0.01690093091461858029372760054
0.01689638598697227345918712472
0.01689131235055325146560669530
0.01688656363546688468224303492
0.01688132144441668626321253410
0.01687600099582482591407354690
0.01687092428030447085831010847
0.01686623799337647418277674343
0.01688205545270999814264290224
0.01687719869452154149232845566
0.01687188538802764214607244836
0.01686726108293198564453362836
0.01686212934437240448557677835
0.01685746581553626422571471235
0.01685233277987779351143479116
0.01686853321656026402206658538
0.01688486103829668335027751807
0.01690083593416997163479100351
0.01689614387002289254345153105
0.01689140305959429762873146694
0.01688675013868175194788902256
0.01688171456151518831382022653
0.01687671521070683162402675751
0.01687156212034628757173194400
0.01686690464169278106811230826
0.01686153980229636429054731153
0.01685701685540985082995492256
0.01687328094888359379709803362
0.01686875896088124715334361213
0.01686394060953913120150286530
0.01685887050634411558726287795
0.01685399608501274769216061030
0.01684933500581576289501609973
0.01684423226678494258733896329
0.01684675953819360010175655367
0.01684183804769754801763435138
0.01683723074198909585766565234
0.01683269437072877441548704048
0.01682814069724023507635344816
0.01682324006848623186412714103
0.01681838212410047886683930786
0.01681313940623015067970651695
0.01680870975274061096175228222
0.01680361199835411597549256307
0.01679958323751887770068222307
0.01680545903957178354313340127
0.01680117926711553342121431037
0.01679644601399117416477718468
0.01679142728270365641994638339
0.01678694872628823470272184176
0.01678215059284258988971767847
0.01677702848735145505557260865
0.01677192285486304255684121539
0.01677227771358780607150958450
0.01676762654834846334344617018
0.01676320939372703107318799602
0.01675863303153719908682637186
0.01677463234035957624110881837
0.01677004535048966320729876020
0.01677256426873380348718978040
0.01676763558616379872541601838
0.01676253040036918192036045475
0.01675765627589036596951646372
0.01677361716218938659136904837
0.01676904551350258471062355578
0.01676495946361653629007024244
0.01676020806557838351571963331
0.01677748405333962198115757108
0.01677236154594467837237727075
0.01676776000217231051342140052
0.01676297645013504324863437631
0.01675810481110304111973101948
0.01676372789765594959546186834
0.01675934052335852389171770692
0.01675406101098478595841366282
0.01674907214368633584746705140
0.01674373361414535224826327805
0.01673922850790779477766886147
0.01673417534056731890589089831
0.01672907791358807004375392788
0.01672427916822809915748006492
0.01671933156264538906368586481
0.01671448140805154401739527702
0.01670938639337443294520637488
0.01670412058518788276970484922
0.01669939023526656318400147232
0.01669516144448450596779333268
0.01669080502911354432602993893
0.01668543740263921361477800085
0.01668050513547995211615185910
0.01669624998348683681506454455
0.01670223022207073233261722452
0.01669824135409050954844855832
0.01669395067104326849723535703
0.01669931913941374108461648604
0.01669516632617689160267915338
0.01669038109976834136908171389
0.01668589135795217115431210620
0.01668112277228154663158633080
0.01667619017399797692269069687
0.01667121691086382585355967774
0.01666653351011115322012597306
0.01666202747514168114445081617
0.01665750311103625754550568321
0.01667314767826452599644854766
0.01666867750083211393492147202
0.01666361497180803776577798884
0.01665894905761454864972426567
0.01667411327822187122302996334
0.01666921822474609687845664088
0.01666533786723606384288652607
0.01666094183818444639243432434
0.01665628091320510289330355126
0.01665161224107139602323752337
0.01664703532861364418470853065
0.01664203514273997020752341246
0.01663677178580604204048076204
0.01663248651285687103405671091
0.01662733482187660154477726132
0.01662963043104878008397822304
0.01662483307084027466886333159
0.01664059731308026885362564731
0.01663588855704611049420351272
0.01667166846575552208908506587
0.01666724573409234804997784186
0.01666310127438771899405129426
0.01666887844644836947859678783
0.01666471321518242726173599792
0.01666043040813202306943762071
0.01665549313818267434315210978
0.01665108841171367302830068824
0.01664687581795919553171435291
0.01664211771176827746029210675
0.01663825940215560524318389150
0.01663368323077212812708454216
0.01662879335107788034229989781
0.01662431440938046417332684842
0.01662001513692461740165711548
0.01661529482171563361148867818
0.01661730778536321699319583954
0.01661255472134837541741410120
0.01662818523588354940047795781
0.01662385431013560781481328374
0.01661969802037851173704350250
0.01661514992715659060095984770
0.01661093491115550622569399132
0.01660608866305284373311517013
0.01660170194801184482145168037
0.01659747325876601858405306215
0.01659278065434858001186633826
0.01658796827771430888238341246
0.01658337489856215919506651662
0.01657900722382850553328974397
0.01657433316447108512938162158
0.01657004019347946249820011521
0.01656533143033261738879889773
0.01656077477199024342451487532
0.01655622254611167501370268981
0.01655167512350739403212475620
0.01654735752470639977556528946
0.01654308579505595674938532979
0.01653921195691227189447126646
0.01653451953014739734324678177
0.01652938117632921385273727068
0.01652431965818377871459745372
0.01653907113056864695023110991
0.01653451799475467287585648234
0.01653684247354718795278584287
0.01653179354632539002555192948
0.01652745988063470843304209055
0.01652265515272352320243500644
0.01651759506434188648253657653
0.01651286543067952586258810130
0.01650858616727702088271292617
0.01650478202207322954709856272
0.01650024586993608464242889343
0.01649577923113512239303986892
0.01649149278906514410318311196
0.01648731251084402977732821111
0.01648308622941174060122730653
0.01647898334252052022921101167
0.01647403187711142792364573488
0.01646974693247710041796234874
0.01646529528176004278835541529
0.01648070521851982361776350083
0.01649604055243099640444870735
0.01649129925389706470180409098
0.01648715737753024935623337142
0.01648320634520004672076211293
0.01647857493294373594931768441
0.01647377596902728635954180803
0.01646959142956614845130809200
0.01646525222881999548971084107
0.01646078492598142525494848398
0.01646561174088822539148167519
0.01646147125435618643913673809
0.01645759738495811402651397515
0.01645353263900309562042277281
0.01644899480531030277989949889
0.01644446947829758488317079967
0.01644006053708418245584535383
0.01643577527499561236633584990
0.01643097343502090214809490903
0.01642690734588422324667786698
0.01642280022647962005449343614
0.01641837394696057973814951870
0.01641384882237191617041380077
0.01640943320833511475997833019
0.01640475627852819499414027571
0.01640071391593324408442888024
0.01639634899823406638505046717
0.01639653596363442544152615994
0.01639247936515340713260764391
0.01639817163449391312826316721
0.01639370883364655304064374826
0.01638987238367825140737605245
0.01638544736614973969376038929
0.01638134828497615151216341769
0.01637699284602814895051033293
0.01637209436434586202929166820
0.01636827334936321182379808795
0.01636389336557551220152653272
0.01635964011554464654805004951
0.01635507100286839122942553251
0.01635104287358178993511858728
0.01634680941271987262150971712
0.01634259038039329992638286349
0.01634525813456656187155942126
0.01634075123190134558718557519
0.01633717181811966695857212139
0.01633310935035584444728322592
0.01632915859174010773851674893
0.01632525471238619526722407304
0.01632149379151904682077949150
0.01631756332770177187476763641
0.01631413245537142268419504349
0.01631009907242402323409145972
0.01630599082017685610511382088
0.01718432245496030039919538132
0.01717953785896803637510631498
0.01717497740127036809628199113
0.01717080950387732468660764554
0.01718584691033346231490386651
0.01718116625966037511156458235
0.01717654675394856359159924607
0.01717205294307838813540217257
0.01716754637104360991549967004
0.01716340200443718194751364782
0.01716880818479160325408968181
0.01716403607972915608335710144
0.01715933611957106898215977782
0.01715496778767815124420645189
0.01715069523676995732181821925
0.01714591467955395797556751090
0.01714136478918575979570610525
0.01713662832865259563067759147
0.01713210679649163430378667084
0.01712750052265544276236580182
0.01713246922790811612648193291
0.01712761668222153456801588230
0.01712300049294739357390651601
0.01711803267022600518811520275
0.01711384968076920334659365589
0.01710887465948704411295835636
0.01711384365639806165562653178
0.01710988126145054451237489280
0.01710557304005697316783162914
0.01710085570037091046085603818
0.01709666116842662125381551355
0.01711185888593216656271453862
0.01710829280826621623096723147
0.01711032392115078155599420969
0.01710553460612378870660901484
0.01710118834616376152045792697
0.01709668787501390836198263762
0.01709224708682957043360973917
0.01708780346342710075584443754
0.01708296076754521208396556345
0.01707842491244677038228417880
0.01707425996758816488406435503
0.01706980712963677184377971378
0.01706524134599947078202113617
0.01706133183795694541772422160
0.01707610686906526844723791107
0.01707155922523615783004583318
0.01706636780315797987906571260
0.01706284821287143829217671102
0.01705836657375217840382189420
0.01705400688222818837972020947
0.01704932578084418449621006605
0.01704472800162214306737020994
0.01704001558199629231041295699
0.01703570287269360293899564088
0.01703736399655291158725354807
0.01703228882007992251473174354
0.01702751912601053834643989326
0.01702285753911153753013857193
0.01701824809095109186910483348
0.01701367879858185207975553875
0.01700889809693426008374057924
0.01700457799672114031519425571
0.01700017210961517341442082618
0.01699520269702344765107224892
0.01699064484505421087307363736
0.01698564933121156704923923396
0.01698193617565909935712149275
0.01697746151793008297616093546
0.01697306257978631786298175848
0.01696846747217182108481990179
0.01696387826045702136550057825
0.01695972638860223730197778739
0.01695534622910878584278238343
0.01695120354044505864766827542
0.01695142582326626433389484290
0.01694714482130643041218023112
0.01694333753432294677482177969
0.01693883114830175311776998220
0.01693437947805550871496185517
0.01692992670392279218668325285
0.01692562495191734273501660961
0.01692137716501876795482522214
0.01691690585315797663154144377
0.01691268161708530821762504079
0.01692695836699856972119761619
0.01692232104695113883042752245
0.01691819479785212143288705176
0.01691359804825478957856367088
0.01690905694360893800605184974
0.01690458260834683774103768655
0.01690039774916284416622512682
0.01689641561295733640273375780
0.01689215984447157739413663564
0.01688787642852938627896297954
0.01688317591390193702759556005
0.01687843434269760149318920500
0.01687367568751291383842620549
0.01686942897525796771034903312
0.01686523907542360165584943811
0.01686085303634019163937293059
0.01685624923836215401977460759
0.01685211478082426448753287858
0.01684835915080926743653728679
0.01684361636317540559906508209
0.01683938145876596980234279469
0.01683461306942869278837088342
0.01683092913278697517976492248
0.01682652042489158664958507206
0.01682230631370269071330882528
0.01683695866694857754879883760
0.01683249885241257859051807895
0.01682778746737180826150659271
0.01682329631896949009249530912
0.01681937067649674528499993623
0.01681525302965237021744103277
0.01681057459871303722454926326
0.01680645401619884467583707127
0.01680221697943892519853982060
0.01680421488925556867326347346
0.01679931505703146786700531468
0.01679501590214214018777297307
0.01679039350294853454854508128
0.01678664402089078791395231363
0.01679463081296969769744892269
0.01679479984878178141413227496
0.01679037889665567656609115048
0.01680461973573414333206825267
0.01680004772487982171246422419
0.01679560078846318198895283242
0.01679156453462724152251127112
0.01678687646761993679561439829
0.01678292045687859869780478863
0.01677852875189602921937746495
0.01677372103119415390185934844
0.01676958426805245633973024451
0.01676529265436870890810774371
0.01676088466740648297800699708
0.01675676888829576034444257869
0.01675292437086253945720587779
0.01674827560333234219184568886
0.01674371601423664081436891989
0.01674867794676397224778319764
0.01674463194878528319859993893
0.01674040530427530525037415134
0.01673619117327890600196663662
0.01673207808305720124878534946
0.01672830565889000721486443601
0.01672450842574098485126251926
0.01672038681191178158308792604
0.01671585795543871401392113314
0.01671205296995072915920844448
0.01670791849330226846025146405
0.01672236345670476137777440905
0.01671811832062630685706524479
0.01671344242914914569208142093
0.01670951153169247058046617698
0.01670560416122318689280549525
0.01670171020744678610822930987
0.01671608085477198567906359630
0.01671197967975849027731462299
0.01670794756532287585679352026
0.01670374074261825533231652053
0.01669935642262811055544153944
0.01669571643120034621942177797
0.01669156285150620797252836491
0.01668766072378074645193764056
0.01668365517655265192350426528
0.01667933080112307334827109848
0.01667528094228448008092353056
0.01667151607518292871594356650
0.01666783934864314006030809521
0.01666320962575807075683447881
0.01665905111119331144119517331
0.01665526811502264168660815592
0.01666923845408265822243375952
0.01666515422630352314459096793
0.01666135093464647280849004785
0.01665733619372135620130606714
0.01665288385575111826214254430
0.01666722088422644242536721603
0.01666286427867659338372246263
0.01665886971952461628399177386
0.01665498148665800066875723068
0.01665119146012196366340678933
0.01664727014232599012793130940
0.01664325854499023778018869454
0.01663938441934868885710218852
0.01663528755066800824264396052
0.01663596958213636438368158641
0.01663171659335140071958774919
0.01662784443588801887719959943
0.01662439712209441390677356527
0.01662065414761930650690988836
0.01661675584105728009062069697
0.01661230865788771265636227462
0.01660852498783237432945118959
0.01662260382058648431559765641
0.01661839709523477629094707359
0.01661392695891872142209478106
0.01660958724478677941632751235
0.01660474646557476058350271152
0.01660043284892754517687470894
0.01659628862300805275474634231
0.01659224940409638742221100493
0.01658782834472074517559029480
0.01658348185638563800032633812
0.01657951965806791706209004601
0.01657531426335306440035880955
0.01657093340617536175591531262
0.01656666534007617782830112959
0.01656275489780055028615432731
0.01655841382521483568503198731
0.01655412494814227890424940395
0.01655043676673694923733842009
0.01654654147375438385124581498
0.01654269381922739871348873949
0.01653812226544289333617961049
0.01653432486138467562187516852
0.01654793792845707430601082653
0.01654416783817787745281731656
0.01653972700216748451576695569
0.01653546478406630421179128089
0.01653116702622084423779627728
0.01652709755282301482968479295
0.01652312338511681410933342241
0.01652797196528978995368787814
0.01652412476722134845230353425
0.01651988103549475650192367055
0.01651574029547700863916991449
0.01651207137148086396390860407
0.01650755352802400359934321376
0.01651221487072468965624290458
0.01650841609479622235305444729
0.01650414939547436948649606307
0.01651788753694539465039132699
0.01651362124600410627849541922
0.01651399021547075326873614969
0.01650957106128066407115234945
0.01650599608301860206808094695
0.01651087381346848994231376193
0.01650658248928702073013653655
0.01650224752955223966157908685
0.01649830805617284000238170197
0.01649462339929580699409549886
0.01649061540907768539228048424
0.01648633385429876302623240427
0.01650006087719528342047584337
0.01649559390573617355093365572
0.01649726283200426447410438928
0.01649358045001293380261829116
0.01650723585217333335941950022
0.01650317809954584469327063338
0.01649928563024831882271695134
0.01649505132133487276365550815
0.01649139259862836274525872201
0.01648741128544734129192780092
0.01648371905963405817201397800
0.01647992019004799538281620754
0.01647569919580735260730712882
0.01647187512711765789982594186
0.01646816624281175048260100202
0.01646422812158502916686694383
0.01647844426782091484880644328
0.01648337641070364840141469759
0.01647923159146296173134453613
0.01647555814061989257284390752
0.01647634716375777801107892201
0.01647283971449694270157906393
0.01646950851966623806205818948
0.01648349192553274186301819888
0.01648516995403715285510470813
0.01648108937570198829348138595
0.01647726217658425174211277109
0.01649028105049277798171577286
0.01648588215593286717118074224
0.01648213787363249872002081651
0.01649606644552335416397696702
0.01649243056213528035928363269
0.01650657577293413116898706522
0.01650245505643663863884634751
0.01649822189054061951179473179
0.01649434848276642415306642375
0.01649028274742580221332808114
0.01648622373620891601644852929
0.01649083137685872089652011189
0.01648659921908656084577741663
0.01648303840069409879762512075
0.01647955146984997815521292527
0.01647563941059940712381042503
0.01647137881717239187851699662
0.01646759242557834083110237928
0.01646443204611927986815530133
0.01647769136136713206275807223
0.01647486800578515123781267506
0.01647064346385428940326613943
0.01646731664870066275900147814
0.01646300741008351834579563919
0.01645891734769663505177830035
0.01645483309176263320350090087
0.01646908216194430702983798392
0.01646515386568749307635007299
0.01646117773855258272244648202
0.01645757237042574152200109567
0.01645356457549911278186250844
0.01644958996135292467804665989
0.01644603909144492569323070920
0.01644187651767597369636515091
0.01643828608264932404966870317
0.01643481820282164838980990014
0.01643124043926650481848077785
0.01642711164627871577519252125
0.01642292775582229781225507799
0.01641969282748825355676338991
0.01641590243743627632784026547
0.01641185682882995492321809098
0.01640812810536326221868913493
0.01640415422064134318826672416
0.01641766978161280925201503995
0.01641434803961761708708531050
0.01641918142498831176792965156
0.01641535299936901885834723649
0.01641126616351605492613000628
0.01640760635037487239632266031
0.01640400518378471458129914266
0.01640089022296998907029181027
0.01639713793777145266598198855
0.01639328091394463972752068020
0.01638983174696322188326945017
0.01638589512635602356048998608
0.01638204081181328057629123586
0.01637804800561683612281534334
0.01637414584254990295508641339
0.01637059472137110811921221677
0.01636664383206838796822494243
0.01636317346682444252189114335
0.01635898957472488361668003302
0.01635517542613953232822364465
0.01635125806822376799335982387
0.01634722881006427920953001510
0.01635203230479822940936784202
0.01635359612761922703798378727
0.01634985448874940432344779308
0.01634629044113602384067116871
0.01634846645224464245093196112
0.01634446855407247640321254908
0.01634030893821549671211145643
0.01633679484704137813628567014
0.01633273237063396944423908965
0.01632899352801835124871314551
0.01632525539095252683829828563
0.01633006862537611589653650829
0.01632624973491663013945181500
0.01632266563954543809876682300
0.01631889436386332567111389526
0.01631472436566322755189237689
0.01631115088431191197095386810
0.01630748637777447547654607315
0.01630318993959238075236021160
0.01630394329106374985827197838
0.01630003706721115157543037270
0.01630237653878369985206979517
0.01629863097928748571962207643
0.01629492782526316091930763379
0.01629104618162331623839408395
0.01630464677190416936654973903
0.01630094564260984123825323938
0.01629698256697298225028232708
0.01629318450575102897328598309
0.01628941251697058445012395778
0.01628574727841549357617109361
0.01629905202537315488910533053
0.01629580833363297375530561760
0.01629216189959761608134095678
0.01628830294184843390858806014
0.01628378580653189507615302948
0.01627985257979412394761535050
0.01627594355805725597242020708
0.01627232496139654578542986489
0.01628563802373744982995620141
0.01628181125581825137136837905
0.01627818510072565803911242701
0.01627472880003842986640897511
0.01627058259554842920345580473
0.01626655667437914119738224625
0.01626292348171293295724039061
0.01626321241913024537582335645
0.01625967440907903223086782885
0.01625588431761060396607681897
0.01626054350383381930704412238
0.01625685129080193717003820403
0.01625324171641825063871723695
0.01624954795205908939548126450
0.01624537428969406549286848982
0.01624177200625808402940466219
0.01623838297393433220684899999
0.01623507148133933741725152205
0.01623147384337628936754608490
0.01622769033323316235381330918
0.01622379150130218050510259987
0.01622035283487818865873507313
0.01621691467074972642853517471
0.01621355611203911549811234302
0.01620958851520448763439267336
0.01620586881308123457036831834
0.01621111653542761944044487877
0.01620738007506877452358570042
0.01620364324288259740547922350
0.01621615230106186953874101040
0.01621248120190522327867379329
0.01620849566805038628413922884
0.01620564212221314666953432276
0.01620215002109717738746346985
0.01619854931606959963180227086
0.01619478113086044184007931365
0.01619137860077159115928782257
0.01618765592108151247759172152
0.01618955509115919672338305975
0.01618612267425160827455211341
0.01618264115296768107805678501
0.01619575012019473129011421933
0.01619244256654849878415388101
0.01618835576128872356934637357
0.01618515645027848679123448994
0.01618168887772829755534235817
0.01617809311145199035475123091
0.01617430495244405144349256327
0.01617075374807423904774760245
0.01616712220992825653986193949
0.01616342645697596667385337912
0.01616011025647715392628974093
0.01615631249325680376585189343
0.01615272409974443240645165349
0.01614961738988492621066402121
0.01614584676123418933631346629
0.01614283291296664791159047737
0.01613898949311607817386477381
0.01614363897930261335913534574
0.01614020778758741324715706385
0.01613668420567818008153289582
0.01613950085297504047486693731
0.01613603062512055791326597393
0.01613238027190639502469059706
0.01612849638114825584781906475
0.01612459827459014969980749362
0.01612096736815493431297539305
0.01611789009159602588060127602
0.01611414744921964065270138467
0.01611061323753387602015480876
0.01610669998627280240298336527
0.01610729841867694048166195821
