0.00004404238629488748416532248479
0.00004404238629488748416532248479
0.00004404238629488748416532248479
0.00004508995839800504808327060833
0.00004508995839800504808327060833
0.00004508995839800504808327060833
0.00004329135181064635920659282758
0.00004329135181064635920659282758
0.00004329135181064635920659282758
0.00004153258800439297071993421692
0.00004153258800439297071993421692
0.00004153258800439297071993421692
0.00004132397142787450194663988613
0.00004132397142787450194663988613
0.00004132397142787450194663988613
0.00004113675061466460148869080564
0.00004113675061466460148869080564
0.00004113675061466460148869080564
0.00004120462414157429355220084787
0.00004120462414157429355220084787
0.00004120462414157429355220084787
0.00004117624575253636865372052686
0.00004117624575253636865372052686
0.00004117624575253636865372052686
0.00004037738985807520223054976471
0.00004037738985807520223054976471
0.00004037738985807520223054976471
0.00004037738985807520223054976471
0.00003950161005015129210645776505
0.00003950161005015129210645776505
0.00003950161005015129210645776505
0.00004093223775026721937434039983
0.00004093223775026721937434039983
0.00004093223775026721937434039983
0.00003995093189043139174687710097
0.00003995093189043139174687710097
0.00003995093189043139174687710097
0.00004013528484070079717499710424
0.00004013528484070079717499710424
0.00004013528484070079717499710424
0.00004120591351811420138086115492
0.00004120591351811420138086115492
0.00004120591351811420138086115492
0.00004117363959789663870291898682
0.00004117363959789663870291898682
0.00004117363959789663870291898682
0.00004065684990181749712724296393
0.00004065684990181749712724296393
0.00004065684990181749712724296393
0.00004092228692151958500376642240
0.00004092228692151958500376642240
0.00004092228692151958500376642240
0.00004092228692151958500376642240
0.00004104582136604337356243466878
0.00004104582136604337356243466878
0.00004104582136604337356243466878
0.00004099569130002150312250131414
0.00004099569130002150312250131414
0.00004099569130002150312250131414
0.00004141371957094650563031847193
0.00004141371957094650563031847193
0.00004141371957094650563031847193
0.00004117536003735881459949476023
0.00004117536003735881459949476023
0.00004117536003735881459949476023
0.00004115224808492702724155523761
0.00004115224808492702724155523761
0.00004115224808492702724155523761
0.00004194965237256979919777856770
0.00004194965237256979919777856770
0.00004194965237256979919777856770
0.00004190762490654174229006532771
0.00004190762490654174229006532771
0.00004190762490654174229006532771
0.00004182210077236738091456664235
0.00004182210077236738091456664235
0.00004182210077236738091456664235
0.00004182210077236738091456664235
0.00004182466058932743620926568988
0.00004182466058932743620926568988
0.00004182466058932743620926568988
0.00004176376772912221496102261584
0.00004176376772912221496102261584
0.00004176376772912221496102261584
0.00004154231925598847513945356807
0.00004154231925598847513945356807
0.00004154231925598847513945356807
0.00004123603612086467325644744150
0.00004123603612086467325644744150
0.00004123603612086467325644744150
0.00004159761854166262300814079277
0.00004159761854166262300814079277
0.00004159761854166262300814079277
0.00004253013922225868375617146553
0.00004253013922225868375617146553
0.00004253013922225868375617146553
0.00004250538098410582983701685460
0.00004250538098410582983701685460
0.00004250538098410582983701685460
0.00004246103837289378086564867487
0.00004246103837289378086564867487
0.00004246103837289378086564867487
0.00004281593250691907666132944403
0.00004281593250691907666132944403
0.00004281593250691907666132944403
0.00004281593250691907666132944403
0.00004255557281551365604421102871
0.00004255557281551365604421102871
0.00004255557281551365604421102871
0.00004234621797884373035500085691
0.00004234621797884373035500085691
0.00004234621797884373035500085691
0.00004243449855237505668817995736
0.00004243449855237505668817995736
0.00004243449855237505668817995736
0.00004294105820309146053014812815
0.00004294105820309146053014812815
0.00004294105820309146053014812815
0.00004285841971683008817975281777
0.00004285841971683008817975281777
0.00004285841971683008817975281777
0.00004273245610158169100326947999
0.00004273245610158169100326947999
0.00004273245610158169100326947999
0.00004267769201778282603751410511
0.00004267769201778282603751410511
0.00004267769201778282603751410511
0.00004242371676694776607691084196
0.00004242371676694776607691084196
0.00004242371676694776607691084196
0.00004242371676694776607691084196
0.00004251067853518970131599469253
0.00004251067853518970131599469253
0.00004251067853518970131599469253
0.00004279451796655335777030329154
0.00004279451796655335777030329154
0.00004279451796655335777030329154
0.00004268866358835635299913224334
0.00004268866358835635299913224334
0.00004268866358835635299913224334
0.00004258330909334103009033221038
0.00004258330909334103009033221038
0.00004258330909334103009033221038
0.00004260871585900373677257284438
0.00004260871585900373677257284438
0.00004260871585900373677257284438
0.00004248085715403223785904029866
0.00004248085715403223785904029866
0.00004248085715403223785904029866
0.00004248875043276664612295707194
0.00004248875043276664612295707194
0.00004248875043276664612295707194
0.00004263198648809519958142661485
0.00004263198648809519958142661485
0.00004263198648809519958142661485
0.00004263198648809519958142661485
0.00004268157307522186745090702355
0.00004268157307522186745090702355
0.00004268157307522186745090702355
0.00004257984046077893291127715090
0.00004257984046077893291127715090
0.00004257984046077893291127715090
0.00004254073570764554121681868767
0.00004254073570764554121681868767
0.00004254073570764554121681868767
0.00004253945651573627845447223986
0.00004253945651573627845447223986
0.00004253945651573627845447223986
0.00004254511520909605808072724089
0.00004254511520909605808072724089
0.00004254511520909605808072724089
0.00004248911636636860714540212799
0.00004248911636636860714540212799
0.00004248911636636860714540212799
0.00004248934523727768042776599364
0.00004248934523727768042776599364
0.00004248934523727768042776599364
0.00004270042997904282153161938839
0.00004270042997904282153161938839
0.00004270042997904282153161938839
0.00004249490632129159164625804474
0.00004249490632129159164625804474
0.00004249490632129159164625804474
0.00004249490632129159164625804474
0.00004272752830927917856674021243
0.00004272752830927917856674021243
0.00004272752830927917856674021243
0.00004264179654772832227948516518
0.00004264179654772832227948516518
0.00004264179654772832227948516518
0.00004243935107621510986740314106
0.00004243935107621510986740314106
0.00004243935107621510986740314106
0.00004232569751618452923996025292
0.00004232569751618452923996025292
0.00004232569751618452923996025292
0.00004233250148514821608370829249
0.00004233250148514821608370829249
0.00004233250148514821608370829249
0.00004239378892795531486394230609
0.00004245051282038552028894623043
0.00004245051282038552028894623043
0.00004245051282038552028894623043
0.00004220841613280390140863461773
0.00004220841613280390140863461773
0.00004220841613280390140863461773
0.00004234480552472627117297774463
0.00004234480552472627117297774463
0.00004234480552472627117297774463
0.00004246472690854332325639478165
0.00004246472690854332325639478165
0.00004246472690854332325639478165
0.00004238721763682365923309861100
0.00004238721763682365923309861100
0.00004238721763682365923309861100
0.00004253451705907731386839194454
0.00004253451705907731386839194454
0.00004253451705907731386839194454
0.00004254448272980671634866558530
0.00004254448272980671634866558530
0.00004254448272980671634866558530
0.00004245462990391033843957705744
0.00004245462990391033843957705744
0.00004245462990391033843957705744
0.00004245462990391033843957705744
0.00004247697781792398141169662691
0.00004247697781792398141169662691
0.00004247697781792398141169662691
0.00004227352363148595735139913524
0.00004227352363148595735139913524
0.00004227352363148595735139913524
0.00004243249303474373211805863900
0.00004243249303474373211805863900
0.00004243249303474373211805863900
0.00004235960472258059111508675837
0.00004235960472258059111508675837
0.00004235960472258059111508675837
0.00004248733191581431575815710015
0.00004248733191581431575815710015
0.00004248733191581431575815710015
0.00004247719298562724534697158255
0.00004247719298562724534697158255
0.00004247719298562724534697158255
0.00004247604115974440267591310634
0.00004247604115974440267591310634
0.00004247604115974440267591310634
0.00004246728725401297712226726599
0.00004246728725401297712226726599
0.00004246728725401297712226726599
0.00004246728725401297712226726599
