0.00006054114054645173714337225328
0.00006054114054645173714337225328
0.00006054114054645173714337225328
0.00005203412559299657911844474446
0.00005203412559299657911844474446
0.00005203412559299657911844474446
0.00005294108443958635983517294127
0.00005294108443958635983517294127
0.00005294108443958635983517294127
0.00005344244475529042506957024898
0.00005344244475529042506957024898
0.00005344244475529042506957024898
0.00005612299118984721307715897770
0.00005612299118984721307715897770
0.00005612299118984721307715897770
0.00005369856897972307334357977465
0.00005369856897972307334357977465
0.00005369856897972307334357977465
0.00005226139660466301188982288321
0.00005226139660466301188982288321
0.00005226139660466301188982288321
0.00005102796533070537793923434366
0.00005102796533070537793923434366
0.00005102796533070537793923434366
0.00004957247209407092888369630742
0.00004957247209407092888369630742
0.00004957247209407092888369630742
0.00004957247209407092888369630742
0.00005078884393593472795025698741
0.00005078884393593472795025698741
0.00005078884393593472795025698741
0.00005056899319684621255667737788
0.00005056899319684621255667737788
0.00005056899319684621255667737788
0.00005014107616152423201938825201
0.00005014107616152423201938825201
0.00005014107616152423201938825201
0.00005061466002561869989026141254
0.00005061466002561869989026141254
0.00005061466002561869989026141254
0.00005110839237263862018568668210
0.00005110839237263862018568668210
0.00005110839237263862018568668210
0.00004985846866462671332549138742
0.00004985846866462671332549138742
0.00004985846866462671332549138742
0.00004935496680861822970485556344
0.00004935496680861822970485556344
0.00004935496680861822970485556344
0.00004786491618468926892370133156
0.00004786491618468926892370133156
0.00004786491618468926892370133156
0.00004786491618468926892370133156
0.00004759343099233844674513781594
0.00004759343099233844674513781594
0.00004759343099233844674513781594
0.00004670080594996452402983867229
0.00004670080594996452402983867229
0.00004670080594996452402983867229
0.00004627339461643384649276560965
0.00004627339461643384649276560965
0.00004627339461643384649276560965
0.00004672034883217756909397209336
0.00004672034883217756909397209336
0.00004672034883217756909397209336
0.00004640235548962530539086627025
0.00004640235548962530539086627025
0.00004640235548962530539086627025
0.00004653325418020659832657409950
0.00004653325418020659832657409950
0.00004653325418020659832657409950
0.00004641942959796352092456098680
0.00004641942959796352092456098680
0.00004641942959796352092456098680
0.00004604887934465719117791701349
0.00004604887934465719117791701349
0.00004604887934465719117791701349
0.00004604887934465719117791701349
0.00004628352874674217578329578243
0.00004628352874674217578329578243
0.00004628352874674217578329578243
0.00004674508014192730036522404935
0.00004674508014192730036522404935
0.00004674508014192730036522404935
0.00004676456444160205030140517083
0.00004676456444160205030140517083
0.00004676456444160205030140517083
0.00004649447234332270675020087306
0.00004649447234332270675020087306
0.00004649447234332270675020087306
0.00004639551052065902819973400093
0.00004639551052065902819973400093
0.00004639551052065902819973400093
0.00004603427968169520192589069773
0.00004603427968169520192589069773
0.00004603427968169520192589069773
0.00004610040075237516107276850713
0.00004610040075237516107276850713
0.00004610040075237516107276850713
0.00004598860339300095748019025517
0.00004598860339300095748019025517
0.00004598860339300095748019025517
0.00004595692198305501013699072371
0.00004595692198305501013699072371
0.00004595692198305501013699072371
0.00004595692198305501013699072371
0.00004592930026596735112390161556
0.00004592930026596735112390161556
0.00004592930026596735112390161556
0.00004560338401681811279425864697
0.00004560338401681811279425864697
0.00004560338401681811279425864697
0.00004533653577370292876722340808
0.00004533653577370292876722340808
0.00004533653577370292876722340808
0.00004523094325025900811329798753
0.00004523094325025900811329798753
0.00004523094325025900811329798753
0.00004503642605376654596521305991
0.00004503642605376654596521305991
0.00004503642605376654596521305991
0.00004469569435899810464931958137
0.00004469569435899810464931958137
0.00004469569435899810464931958137
0.00004452918106624504453567648696
0.00004452918106624504453567648696
0.00004452918106624504453567648696
0.00004436950864354808735282684501
0.00004436950864354808735282684501
0.00004436950864354808735282684501
0.00004436950864354808735282684501
0.00004426020222944549536346893476
0.00004426020222944549536346893476
0.00004426020222944549536346893476
0.00004417714191971880165774338487
0.00004417714191971880165774338487
0.00004417714191971880165774338487
