0.00004326637973258166120191368115
0.00004326637973258166120191368115
0.00004326637973258166120191368115
0.00004137582426750354392963744462
0.00004137582426750354392963744462
0.00004137582426750354392963744462
0.00004337921980085536667278793573
0.00004337921980085536667278793573
0.00004337921980085536667278793573
0.00004371004268936144096424928142
0.00004371004268936144096424928142
0.00004371004268936144096424928142
0.00004558819273973830108815351276
0.00004558819273973830108815351276
0.00004558819273973830108815351276
0.00004336404464208510399691245530
0.00004336404464208510399691245530
0.00004336404464208510399691245530
0.00004320243417221055942095301066
0.00004320243417221055942095301066
0.00004320243417221055942095301066
0.00004302905033588233317643340161
0.00004302905033588233317643340161
0.00004302905033588233317643340161
0.00004335036023049579935668489011
0.00004335036023049579935668489011
0.00004335036023049579935668489011
0.00004335036023049579935668489011
0.00004315166202051301864677987144
0.00004315166202051301864677987144
0.00004315166202051301864677987144
0.00004256909770832258255058874899
0.00004256909770832258255058874899
0.00004256909770832258255058874899
0.00004215802085532732125899853491
0.00004215802085532732125899853491
0.00004215802085532732125899853491
0.00004228747382082870542607225363
0.00004228747382082870542607225363
0.00004228747382082870542607225363
0.00004273779259284390511913227175
0.00004273779259284390511913227175
0.00004273779259284390511913227175
0.00004264276266891938014960289566
0.00004264276266891938014960289566
0.00004264276266891938014960289566
0.00004232219855177880939537222126
0.00004232219855177880939537222126
0.00004232219855177880939537222126
0.00004243223619228219137808873263
0.00004243223619228219137808873263
0.00004243223619228219137808873263
0.00004243223619228219137808873263
0.00004229639830427277993223275862
0.00004229639830427277993223275862
0.00004229639830427277993223275862
0.00004223331942296600392305173506
0.00004223331942296600392305173506
0.00004223331942296600392305173506
0.00004194028147794027267387429531
0.00004194028147794027267387429531
0.00004194028147794027267387429531
0.00004209285063105681370134632530
0.00004209285063105681370134632530
0.00004209285063105681370134632530
0.00004237604723571911717994166735
0.00004237604723571911717994166735
0.00004237604723571911717994166735
0.00004228360976317167716117758995
0.00004228360976317167716117758995
0.00004228360976317167716117758995
0.00004231612904935547896481263004
0.00004231612904935547896481263004
0.00004231612904935547896481263004
0.00004191545506381205979031530329
0.00004191545506381205979031530329
0.00004191545506381205979031530329
0.00004191545506381205979031530329
0.00004203806534478778431830504889
0.00004203806534478778431830504889
0.00004203806534478778431830504889
0.00004192704132122194345024448869
0.00004192704132122194345024448869
0.00004192704132122194345024448869
0.00004189518312992862666915703525
0.00004189518312992862666915703525
0.00004189518312992862666915703525
0.00004156765650478879654229160802
0.00004156765650478879654229160802
0.00004156765650478879654229160802
0.00004190717957723671196866253959
0.00004190717957723671196866253959
0.00004190717957723671196866253959
0.00004197389155514824702885958179
0.00004197389155514824702885958179
0.00004197389155514824702885958179
0.00004225438519232557184789156228
0.00004225438519232557184789156228
0.00004225438519232557184789156228
0.00004227833196324836403901577992
0.00004227833196324836403901577992
0.00004227833196324836403901577992
0.00004245382107043192333673541649
0.00004245382107043192333673541649
0.00004245382107043192333673541649
0.00004245382107043192333673541649
0.00004235665066879551939504686971
0.00004235665066879551939504686971
0.00004235665066879551939504686971
0.00004236336403764830994547039926
0.00004236336403764830994547039926
0.00004236336403764830994547039926
0.00004277315088162016355514398336
0.00004277315088162016355514398336
0.00004277315088162016355514398336
0.00004280797971479600609682827845
0.00004280797971479600609682827845
0.00004280797971479600609682827845
0.00004272115081778373350529446979
0.00004272115081778373350529446979
0.00004272115081778373350529446979
0.00004315003755558975866552441691
0.00004315003755558975866552441691
0.00004315003755558975866552441691
0.00004314134674062463997510295904
0.00004314134674062463997510295904
0.00004314134674062463997510295904
0.00004327509913201043698672847273
0.00004327509913201043698672847273
0.00004327509913201043698672847273
0.00004327509913201043698672847273
0.00004336913195896092080549596304
0.00004336913195896092080549596304
0.00004336913195896092080549596304
0.00004322454028621378199471587350
0.00004322454028621378199471587350
0.00004322454028621378199471587350
0.00004312014980097758570377718856
0.00004312014980097758570377718856
0.00004312014980097758570377718856
0.00004299113235608144105706978887
0.00004299113235608144105706978887
0.00004299113235608144105706978887
0.00004309891030110862251542742252
0.00004309891030110862251542742252
0.00004309891030110862251542742252
0.00004313317877777447326193469976
0.00004313317877777447326193469976
0.00004313317877777447326193469976
0.00004313810990045455041710832199
0.00004313810990045455041710832199
0.00004313810990045455041710832199
0.00004352196252176304532783496237
0.00004352196252176304532783496237
0.00004352196252176304532783496237
0.00004352196252176304532783496237
0.00004339424037086936623625526644
0.00004339424037086936623625526644
0.00004339424037086936623625526644
0.00004354137720512204042626328648
0.00004354137720512204042626328648
0.00004354137720512204042626328648
0.00004353299259660466227362122168
0.00004353299259660466227362122168
0.00004353299259660466227362122168
0.00004340950949327028871771400898
0.00004340950949327028871771400898
0.00004340950949327028871771400898
0.00004329596421769455789066703810
0.00004329596421769455789066703810
0.00004329596421769455789066703810
0.00004332437838773000844426218367
0.00004332437838773000844426218367
0.00004332437838773000844426218367
0.00004328091078840940403597661123
0.00004328091078840940403597661123
0.00004328091078840940403597661123
0.00004321700801586339202978518963
0.00004321700801586339202978518963
0.00004321700801586339202978518963
0.00004325277242677674513659920626
0.00004325277242677674513659920626
0.00004325277242677674513659920626
0.00004325277242677674513659920626
0.00004329587344485759326388494335
0.00004329587344485759326388494335
0.00004329587344485759326388494335
0.00004316619618361836318309565051
0.00004316619618361836318309565051
0.00004316619618361836318309565051
0.00004334549584503118663883510541
0.00004334549584503118663883510541
0.00004334549584503118663883510541
0.00004329449988162569351662754058
0.00004329449988162569351662754058
0.00004329449988162569351662754058
0.00004334367071905896422769292742
0.00004334367071905896422769292742
0.00004334367071905896422769292742
0.00004333239221051801452619430738
0.00004335456590825416736010296376
0.00004335456590825416736010296376
0.00004335456590825416736010296376
0.00004337534751405312581281400989
0.00004337534751405312581281400989
0.00004337534751405312581281400989
0.00004337707708398328821887466170
0.00004337707708398328821887466170
0.00004337707708398328821887466170
0.00004347489923517197949727069052
0.00004347489923517197949727069052
0.00004347489923517197949727069052
0.00004354130752108645873345111390
0.00004354130752108645873345111390
0.00004354130752108645873345111390
0.00004332114312764804627451529706
0.00004332114312764804627451529706
0.00004332114312764804627451529706
0.00004332354625432636150161708570
0.00004332354625432636150161708570
0.00004332354625432636150161708570
0.00004341412955534707860366084277
0.00004341412955534707860366084277
0.00004341412955534707860366084277
0.00004341412955534707860366084277
0.00004331268341693816938454479415
0.00004331268341693816938454479415
0.00004331268341693816938454479415
0.00004336148024122273089118390768
0.00004336148024122273089118390768
0.00004336148024122273089118390768
0.00004330812390476077026902230713
0.00004330812390476077026902230713
0.00004330812390476077026902230713
0.00004330648801095175643873365566
0.00004330648801095175643873365566
0.00004330648801095175643873365566
0.00004327542882271091886878301887
0.00004327542882271091886878301887
0.00004327542882271091886878301887
0.00004316518015945673201304480897
0.00004316518015945673201304480897
0.00004316518015945673201304480897
0.00004315436658893388096867991546
0.00004315436658893388096867991546
0.00004315436658893388096867991546
0.00004313104815798887571148371726
0.00004313104815798887571148371726
0.00004313104815798887571148371726
0.00004313104815798887571148371726
0.00004312952561432281662085125048
0.00004312952561432281662085125048
0.00004312952561432281662085125048
0.00004327373740787841188546631715
0.00004327373740787841188546631715
0.00004327373740787841188546631715
0.00004333465928917655912002523329
0.00004333465928917655912002523329
0.00004333465928917655912002523329
0.00004337335822939418959916830985
0.00004337335822939418959916830985
0.00004337335822939418959916830985
0.00004332950045678420200024744510
0.00004332950045678420200024744510
0.00004332950045678420200024744510
0.00004334280013414735458242124057
0.00004334280013414735458242124057
0.00004334280013414735458242124057
0.00004341837596106563021882796303
0.00004341837596106563021882796303
0.00004341837596106563021882796303
0.00004339965952964098402387020282
0.00004339965952964098402387020282
0.00004339965952964098402387020282
0.00004338621397880470913377964191
0.00004338621397880470913377964191
0.00004338621397880470913377964191
0.00004338621397880470913377964191
0.00004345160517415857158833263929
0.00004345160517415857158833263929
0.00004345160517415857158833263929
0.00004346133573484296805139575580
0.00004346133573484296805139575580
0.00004346133573484296805139575580
0.00004351265281137364038063236168
0.00004351265281137364038063236168
0.00004351265281137364038063236168
0.00004355661160154263568078900691
0.00004355661160154263568078900691
0.00004355661160154263568078900691
0.00004359862521152329734927012168
0.00004359862521152329734927012168
0.00004359862521152329734927012168
0.00004357583636297015696731864396
0.00004357583636297015696731864396
0.00004357583636297015696731864396
0.00004360570026390861944601544903
0.00004360570026390861944601544903
0.00004360570026390861944601544903
0.00004360015013380373047467145763
0.00004360015013380373047467145763
0.00004360015013380373047467145763
0.00004360015013380373047467145763
0.00004359391429923675104653712308
0.00004359391429923675104653712308
0.00004359391429923675104653712308
0.00004356832445965135173767378201
0.00004356832445965135173767378201
0.00004356832445965135173767378201
0.00004361909186759788167680999786
0.00004361909186759788167680999786
0.00004361909186759788167680999786
0.00004361447314067626291913800179
0.00004361447314067626291913800179
0.00004361447314067626291913800179
0.00004367356211310485622147504599
0.00004367356211310485622147504599
0.00004367356211310485622147504599
0.00004374681655951191979006766280
0.00004374681655951191979006766280
0.00004374681655951191979006766280
0.00004372883160404064789749081836
0.00004372883160404064789749081836
0.00004372883160404064789749081836
0.00004379411653133878044993271597
0.00004379411653133878044993271597
0.00004379411653133878044993271597
0.00004379411653133878044993271597
0.00004387939324044204759967199267
0.00004387939324044204759967199267
0.00004387939324044204759967199267
0.00004394775816225054867438858672
0.00004394775816225054867438858672
0.00004394775816225054867438858672
0.00004401741327256490107172893232
0.00004401741327256490107172893232
0.00004401741327256490107172893232
0.00004401479161400348475785019534
0.00004401479161400348475785019534
0.00004401479161400348475785019534
0.00004404057313491760964139861787
0.00004404057313491760964139861787
0.00004404057313491760964139861787
0.00004402454312607914001541438423
0.00004402454312607914001541438423
0.00004402454312607914001541438423
0.00004400693672391443256514277259
0.00004400693672391443256514277259
0.00004400693672391443256514277259
0.00004404184751147145478599254504
0.00004404184751147145478599254504
0.00004404184751147145478599254504
0.00004402351165930423194228386315
0.00004402351165930423194228386315
0.00004402351165930423194228386315
0.00004402351165930423194228386315
0.00004405955415008855069413371765
0.00004405955415008855069413371765
0.00004405955415008855069413371765
0.00004404543400736531959567129860
0.00004404543400736531959567129860
0.00004404543400736531959567129860
0.00004404730865565697080993650958
0.00004404730865565697080993650958
0.00004404730865565697080993650958
0.00004397894241563457663063930529
0.00004397894241563457663063930529
0.00004397894241563457663063930529
0.00004395246530785576963784561754
0.00004395246530785576963784561754
0.00004395246530785576963784561754
0.00004396351527550789389738372889
0.00004396351527550789389738372889
0.00004396351527550789389738372889
0.00004396975498459149837012731204
0.00004396975498459149837012731204
0.00004396975498459149837012731204
0.00004395473565081227676431862098
0.00004395473565081227676431862098
0.00004395473565081227676431862098
0.00004395473565081227676431862098
0.00004395547778478928595775141804
0.00004395547778478928595775141804
0.00004395547778478928595775141804
0.00004389660870105848452329271066
0.00004389660870105848452329271066
0.00004389660870105848452329271066
0.00004388319203412483244069682007
0.00004388319203412483244069682007
0.00004388319203412483244069682007
0.00004385279382521459986032894973
0.00004385279382521459986032894973
0.00004385279382521459986032894973
0.00004389430826442505213377606511
0.00004389430826442505213377606511
0.00004389430826442505213377606511
0.00004395540898283725550641265634
0.00004395540898283725550641265634
0.00004395540898283725550641265634
0.00004404153843875440951678650780
0.00004404153843875440951678650780
0.00004404153843875440951678650780
0.00004402067741906646652298348509
0.00004402067741906646652298348509
0.00004402067741906646652298348509
0.00004402067741906646652298348509
0.00004408957245748594666097676548
0.00004408957245748594666097676548
0.00004408957245748594666097676548
0.00004408385065162853464356287499
0.00004408385065162853464356287499
0.00004408385065162853464356287499
0.00004400459300010787843666469099
0.00004400459300010787843666469099
0.00004400459300010787843666469099
0.00004409772919124515912082363268
0.00004409772919124515912082363268
0.00004409772919124515912082363268
0.00004409870178496186152187629909
0.00004409870178496186152187629909
0.00004409870178496186152187629909
0.00004406462448813502866819871582
0.00004406462448813502866819871582
0.00004406462448813502866819871582
0.00004413051006958481018545444930
0.00004413051006958481018545444930
0.00004413051006958481018545444930
0.00004411459338350302944696298694
0.00004411459338350302944696298694
0.00004411459338350302944696298694
0.00004414549494754750640769384077
0.00004414549494754750640769384077
0.00004414549494754750640769384077
0.00004414549494754750640769384077
0.00004417102343127624999286044890
0.00004417102343127624999286044890
0.00004417102343127624999286044890
0.00004416392819415656899611058328
0.00004416392819415656899611058328
0.00004416392819415656899611058328
0.00004417269600359832315538193914
0.00004417269600359832315538193914
0.00004417269600359832315538193914
0.00004411459459256482476328476131
0.00004411459459256482476328476131
0.00004411459459256482476328476131
0.00004410777583822295917569571215
0.00004410777583822295917569571215
0.00004410777583822295917569571215
0.00004408784475055607050999684798
0.00004408056715749777703426411829
0.00004408056715749777703426411829
0.00004408056715749777703426411829
0.00004409262346903675013938858397
0.00004409262346903675013938858397
0.00004409262346903675013938858397
0.00004407468863380156604186478863
0.00004407468863380156604186478863
0.00004407468863380156604186478863
0.00004404102587440009737833373130
0.00004404102587440009737833373130
0.00004404102587440009737833373130
0.00004403390215018923643866607372
0.00004403390215018923643866607372
0.00004403390215018923643866607372
0.00004400462722123295869265501974
0.00004400462722123295869265501974
0.00004400462722123295869265501974
0.00004398521259663980282944356024
0.00004398521259663980282944356024
0.00004398521259663980282944356024
0.00004394472501995097554984069418
0.00004394472501995097554984069418
0.00004394472501995097554984069418
0.00004394472501995097554984069418
0.00004398598617024882047617924578
0.00004398598617024882047617924578
0.00004398598617024882047617924578
0.00004400448216207870192625755824
0.00004400448216207870192625755824
0.00004400448216207870192625755824
0.00004396034858705238084614386162
0.00004396034858705238084614386162
0.00004396034858705238084614386162
0.00004399006743148996940938331869
0.00004399006743148996940938331869
0.00004399006743148996940938331869
0.00004399508499132217851101905782
0.00004399508499132217851101905782
0.00004399508499132217851101905782
0.00004400348080404937766903399537
0.00004400348080404937766903399537
0.00004400348080404937766903399537
0.00004399093607139301949987810443
0.00004399093607139301949987810443
0.00004399093607139301949987810443
0.00004397967271971389016388955430
0.00004397967271971389016388955430
0.00004397967271971389016388955430
0.00004397967271971389016388955430
