0.00004937142233998914491828856192
0.00004937142233998914491828856192
0.00004937142233998914491828856192
0.00004298704717835446675178848600
0.00004298704717835446675178848600
0.00004298704717835446675178848600
0.00004194845808518870319825425606
0.00004194845808518870319825425606
0.00004194845808518870319825425606
0.00003820875840007480381313119612
0.00003820875840007480381313119612
0.00003820875840007480381313119612
0.00003901957926992687784657533933
0.00003901957926992687784657533933
0.00003901957926992687784657533933
0.00003955686941518550933901027413
0.00003955686941518550933901027413
0.00003955686941518550933901027413
0.00004065450384570893272867511557
0.00004065450384570893272867511557
0.00004065450384570893272867511557
0.00004048546809459921100167360706
0.00004048546809459921100167360706
0.00004048546809459921100167360706
0.00004085629509186586627479882950
0.00004085629509186586627479882950
0.00004085629509186586627479882950
0.00004085629509186586627479882950
0.00004125468703377115432064112974
0.00004125468703377115432064112974
0.00004125468703377115432064112974
0.00004190079519164330719657340852
0.00004190079519164330719657340852
0.00004190079519164330719657340852
0.00004230379024435380519113628308
0.00004230379024435380519113628308
0.00004230379024435380519113628308
0.00004245885099029542009663331967
0.00004245885099029542009663331967
0.00004245885099029542009663331967
0.00004203595417849371404633825511
0.00004203595417849371404633825511
0.00004203595417849371404633825511
0.00004227647961684811906855366124
0.00004227647961684811906855366124
0.00004227647961684811906855366124
0.00004176327778727522196028669991
0.00004176327778727522196028669991
0.00004176327778727522196028669991
0.00004147247437024724591448493730
0.00004147247437024724591448493730
0.00004147247437024724591448493730
0.00004147247437024724591448493730
0.00004155383469101805211590615255
0.00004155383469101805211590615255
0.00004155383469101805211590615255
0.00004224465837456444978796050262
0.00004224465837456444978796050262
0.00004224465837456444978796050262
0.00004213881698021746762465698484
0.00004213881698021746762465698484
0.00004213881698021746762465698484
0.00004264102040290112070603463796
0.00004264102040290112070603463796
0.00004264102040290112070603463796
0.00004297714912195417465687862505
0.00004297714912195417465687862505
0.00004297714912195417465687862505
0.00004271752174588499631558142444
0.00004271752174588499631558142444
0.00004271752174588499631558142444
0.00004317123898995404884364868128
0.00004317123898995404884364868128
0.00004317123898995404884364868128
0.00004300093791596128571583608265
0.00004300093791596128571583608265
0.00004300093791596128571583608265
0.00004300093791596128571583608265
0.00004290625485172911687194512637
0.00004290625485172911687194512637
0.00004290625485172911687194512637
0.00004298730788891899029851945009
0.00004298730788891899029851945009
0.00004298730788891899029851945009
0.00004289769382423161255200789884
0.00004289769382423161255200789884
0.00004289769382423161255200789884
0.00004281438988514272882260725354
0.00004281438988514272882260725354
0.00004281438988514272882260725354
0.00004301553985181138046737173780
0.00004301553985181138046737173780
0.00004301553985181138046737173780
0.00004313702680731114373592861859
0.00004313702680731114373592861859
0.00004313702680731114373592861859
0.00004293534537413467828129638505
0.00004293534537413467828129638505
0.00004293534537413467828129638505
0.00004319786782315314456704759412
0.00004319786782315314456704759412
0.00004319786782315314456704759412
0.00004340985045423656698814782913
0.00004340985045423656698814782913
0.00004340985045423656698814782913
0.00004340985045423656698814782913
0.00004353520083792737753233111138
0.00004353520083792737753233111138
0.00004353520083792737753233111138
0.00004366921877870500704394802872
0.00004366921877870500704394802872
0.00004366921877870500704394802872
0.00004366689747604360892644325388
0.00004366689747604360892644325388
0.00004366689747604360892644325388
0.00004376295796364995547601250056
0.00004376295796364995547601250056
0.00004376295796364995547601250056
0.00004367934958535755906323289017
0.00004367934958535755906323289017
0.00004367934958535755906323289017
0.00004364068175917569935076735885
0.00004364068175917569935076735885
0.00004364068175917569935076735885
0.00004357115209994897521963449740
0.00004357115209994897521963449740
0.00004357115209994897521963449740
0.00004373605701696170307576982287
0.00004373605701696170307576982287
0.00004373605701696170307576982287
0.00004373605701696170307576982287
0.00004352518562625150383817232818
0.00004352518562625150383817232818
0.00004352518562625150383817232818
0.00004346390041519909836326541979
0.00004346390041519909836326541979
0.00004346390041519909836326541979
0.00004347922273822650447066419564
0.00004347922273822650447066419564
0.00004347922273822650447066419564
0.00004368779522998852376866997808
0.00004368779522998852376866997808
0.00004368779522998852376866997808
0.00004366705017144877318639077629
0.00004366705017144877318639077629
0.00004366705017144877318639077629
0.00004361988634978981455655592990
0.00004361988634978981455655592990
0.00004361988634978981455655592990
0.00004344610811703026577032274026
0.00004344610811703026577032274026
0.00004344610811703026577032274026
0.00004344995797294700800648699857
0.00004344995797294700800648699857
0.00004344995797294700800648699857
0.00004344995797294700800648699857
0.00004351410698812294477773411230
0.00004351410698812294477773411230
0.00004351410698812294477773411230
0.00004357168593008713528182864221
0.00004357168593008713528182864221
0.00004357168593008713528182864221
0.00004339389605809827886542076143
0.00004339389605809827886542076143
0.00004339389605809827886542076143
0.00004341774407467784805723317166
0.00004341774407467784805723317166
0.00004341774407467784805723317166
0.00004354791301924525828044031333
0.00004354791301924525828044031333
0.00004354791301924525828044031333
0.00004336568485588916546186057320
0.00004336568485588916546186057320
0.00004336568485588916546186057320
0.00004336520609928746762078750559
0.00004336520609928746762078750559
0.00004336520609928746762078750559
0.00004363527655852357767300986982
0.00004363527655852357767300986982
0.00004363527655852357767300986982
0.00004385790608329281958211232867
0.00004385790608329281958211232867
0.00004385790608329281958211232867
0.00004385790608329281958211232867
0.00004377104548835100122671326393
0.00004377104548835100122671326393
0.00004377104548835100122671326393
0.00004377818374906500082890294417
0.00004377818374906500082890294417
0.00004377818374906500082890294417
0.00004386467145797135995735462672
0.00004386467145797135995735462672
0.00004386467145797135995735462672
0.00004371995027046105365761046384
0.00004371995027046105365761046384
0.00004371995027046105365761046384
0.00004373111423657884279869002046
0.00004373111423657884279869002046
0.00004373111423657884279869002046
0.00004367392927496696129749903632
0.00004375164575790607827289103236
0.00004375164575790607827289103236
0.00004375164575790607827289103236
0.00004375740296012702199869447184
0.00004375740296012702199869447184
0.00004375740296012702199869447184
0.00004378596652406099223798464535
0.00004378596652406099223798464535
0.00004378596652406099223798464535
0.00004385177255371392349010477436
0.00004385177255371392349010477436
0.00004385177255371392349010477436
0.00004391696563688042568371484684
0.00004391696563688042568371484684
0.00004391696563688042568371484684
0.00004391585408663057250878578900
0.00004391585408663057250878578900
0.00004391585408663057250878578900
0.00004389078208815203349687753229
0.00004389078208815203349687753229
0.00004389078208815203349687753229
0.00004401660266133311017709074532
0.00004401660266133311017709074532
0.00004401660266133311017709074532
0.00004401660266133311017709074532
0.00004406004031420542473559274078
0.00004406004031420542473559274078
0.00004406004031420542473559274078
0.00004406294339645488959287035039
0.00004406294339645488959287035039
0.00004406294339645488959287035039
0.00004421453804898892228920865027
0.00004421453804898892228920865027
0.00004421453804898892228920865027
0.00004423091005560313173214381488
0.00004423091005560313173214381488
0.00004423091005560313173214381488
0.00004421500946549152054387501204
0.00004421500946549152054387501204
0.00004421500946549152054387501204
0.00004426523259087308069272805107
0.00004426523259087308069272805107
0.00004426523259087308069272805107
0.00004419337672327838041825823341
0.00004419337672327838041825823341
0.00004419337672327838041825823341
0.00004407068318555185502122921402
0.00004407068318555185502122921402
0.00004407068318555185502122921402
0.00004407068318555185502122921402
0.00004402131869559565011992020044
0.00004402131869559565011992020044
0.00004402131869559565011992020044
0.00004412780752047457235718273496
0.00004412780752047457235718273496
0.00004412780752047457235718273496
0.00004412569710470401993160899825
0.00004412569710470401993160899825
0.00004412569710470401993160899825
0.00004410677803343145199762182856
0.00004410677803343145199762182856
0.00004410677803343145199762182856
0.00004411750343807738150894710383
0.00004411750343807738150894710383
0.00004411750343807738150894710383
0.00004407072309649289595927451418
0.00004407072309649289595927451418
0.00004407072309649289595927451418
0.00004406864004921028075835817596
0.00004406864004921028075835817596
0.00004406864004921028075835817596
0.00004401067198988811711768376282
0.00004401067198988811711768376282
0.00004401067198988811711768376282
0.00004390534741574126355327670086
0.00004390534741574126355327670086
0.00004390534741574126355327670086
0.00004390534741574126355327670086
0.00004391158178590155703305891122
0.00004391158178590155703305891122
0.00004391158178590155703305891122
0.00004394123293264839823889262192
0.00004394123293264839823889262192
0.00004394123293264839823889262192
0.00004397837816707842007788346689
0.00004397837816707842007788346689
0.00004397837816707842007788346689
0.00004400108399487829843559286963
0.00004400108399487829843559286963
0.00004400108399487829843559286963
0.00004397089915499129963909771090
0.00004397089915499129963909771090
0.00004397089915499129963909771090
0.00004395399663548679445899895140
0.00004395399663548679445899895140
0.00004395399663548679445899895140
0.00004390185922933630734885387533
0.00004390185922933630734885387533
0.00004390185922933630734885387533
0.00004394662217666746295918062600
0.00004394662217666746295918062600
0.00004394662217666746295918062600
0.00004394662217666746295918062600
0.00004404496803700076494769335410
0.00004404496803700076494769335410
0.00004404496803700076494769335410
0.00004407711730940056919349472479
0.00004407711730940056919349472479
0.00004407711730940056919349472479
0.00004409332448052584895911977683
0.00004409332448052584895911977683
0.00004409332448052584895911977683
0.00004403277393354908966171239808
0.00004403277393354908966171239808
0.00004403277393354908966171239808
0.00004398080760714322514263322976
0.00004398080760714322514263322976
0.00004398080760714322514263322976
0.00004394637347612701141989382754
0.00004394637347612701141989382754
0.00004394637347612701141989382754
0.00004403103040806409914193526889
0.00004403103040806409914193526889
0.00004403103040806409914193526889
0.00004405050465782273417825914756
0.00004405050465782273417825914756
0.00004405050465782273417825914756
0.00004405050465782273417825914756
0.00004407716882941647269899437604
0.00004407716882941647269899437604
0.00004407716882941647269899437604
0.00004414159174860833093299835323
0.00004414159174860833093299835323
0.00004414159174860833093299835323
0.00004414509727010729305643261487
0.00004414509727010729305643261487
0.00004414509727010729305643261487
0.00004418542727389943254195344002
0.00004418542727389943254195344002
0.00004418542727389943254195344002
0.00004414765331680002706668750854
0.00004414765331680002706668750854
0.00004414765331680002706668750854
0.00004425947119766753517712697977
0.00004425947119766753517712697977
0.00004425947119766753517712697977
0.00004420016832023594823238223852
0.00004420016832023594823238223852
0.00004420016832023594823238223852
0.00004416506009441965118290113175
0.00004416506009441965118290113175
0.00004416506009441965118290113175
0.00004417383817534536257526041856
0.00004417383817534536257526041856
0.00004417383817534536257526041856
0.00004417383817534536257526041856
0.00004414159207806975065037155541
0.00004414159207806975065037155541
0.00004414159207806975065037155541
0.00004419779943964516732762092509
0.00004419779943964516732762092509
0.00004419779943964516732762092509
0.00004421582878857351495338566216
0.00004421582878857351495338566216
0.00004421582878857351495338566216
0.00004414714662178000665412024887
0.00004414714662178000665412024887
0.00004414714662178000665412024887
0.00004412204656215530672597489648
0.00004412204656215530672597489648
0.00004412204656215530672597489648
0.00004412482354140962503394954058
0.00004412482354140962503394954058
0.00004412482354140962503394954058
0.00004407271522236542872954243375
0.00004407271522236542872954243375
0.00004407271522236542872954243375
0.00004418134063807221091137912586
0.00004418134063807221091137912586
0.00004418134063807221091137912586
0.00004418134063807221091137912586
0.00004422742551531943131362145854
0.00004422742551531943131362145854
0.00004422742551531943131362145854
0.00004424747161964937029663710270
0.00004424747161964937029663710270
0.00004424747161964937029663710270
0.00004422659401737213886293037508
0.00004422659401737213886293037508
0.00004422659401737213886293037508
0.00004416414995783306132772447454
0.00004416414995783306132772447454
0.00004416414995783306132772447454
0.00004413433997640419370462960430
0.00004413433997640419370462960430
0.00004413433997640419370462960430
0.00004416122599675269222669798246
0.00004416122599675269222669798246
0.00004416122599675269222669798246
0.00004420570250960858662435601247
0.00004420570250960858662435601247
0.00004420570250960858662435601247
0.00004419648053851079443817869411
0.00004419648053851079443817869411
0.00004419648053851079443817869411
0.00004419648053851079443817869411
0.00004422115373620969194969930910
0.00004422115373620969194969930910
0.00004422115373620969194969930910
0.00004421987799389296294586937688
0.00004421987799389296294586937688
0.00004421987799389296294586937688
0.00004423023368579957444758861528
0.00004423023368579957444758861528
0.00004423023368579957444758861528
0.00004415033626757709568108290891
0.00004415033626757709568108290891
0.00004415033626757709568108290891
0.00004415173899678696166497489073
0.00004415173899678696166497489073
0.00004415173899678696166497489073
0.00004415027682255679866182072587
0.00004415027682255679866182072587
0.00004415027682255679866182072587
0.00004414816727852249573657570023
0.00004414816727852249573657570023
0.00004414816727852249573657570023
0.00004410734466670789844159736697
0.00004410734466670789844159736697
0.00004410734466670789844159736697
0.00004411549091444054755464112957
0.00004411549091444054755464112957
0.00004411549091444054755464112957
0.00004411549091444054755464112957
0.00004406463099221674854521889621
0.00004406463099221674854521889621
0.00004406463099221674854521889621
0.00004406411398619293066812681149
0.00004406411398619293066812681149
0.00004406411398619293066812681149
0.00004407230534019282830278757263
0.00004407230534019282830278757263
0.00004407230534019282830278757263
0.00004410835809108743697722639166
0.00004410835809108743697722639166
0.00004410835809108743697722639166
0.00004411790400903578136581565316
0.00004411790400903578136581565316
0.00004411790400903578136581565316
0.00004411533438055300363418396439
0.00004411667839431045011925399447
0.00004411667839431045011925399447
0.00004411667839431045011925399447
0.00004410693864912288591807814616
0.00004410693864912288591807814616
0.00004410693864912288591807814616
0.00004410323168747371724090467367
0.00004410323168747371724090467367
0.00004410323168747371724090467367
0.00004411938383442257178336361100
0.00004411938383442257178336361100
0.00004411938383442257178336361100
0.00004414015167450593908096593230
0.00004414015167450593908096593230
0.00004414015167450593908096593230
0.00004413478347037730434398692323
0.00004413478347037730434398692323
0.00004413478347037730434398692323
0.00004409778899791735970273465894
0.00004409778899791735970273465894
0.00004409778899791735970273465894
0.00004403487010764484518587728349
0.00004403487010764484518587728349
0.00004403487010764484518587728349
0.00004403487010764484518587728349
0.00004395766399458258672948129806
0.00004395766399458258672948129806
0.00004395766399458258672948129806
0.00004397973831130959693351098410
0.00004397973831130959693351098410
0.00004397973831130959693351098410
0.00004397992228429760070315591706
0.00004397992228429760070315591706
0.00004397992228429760070315591706
0.00004401400226031801453951442612
0.00004401400226031801453951442612
0.00004401400226031801453951442612
0.00004408969179968186088989227674
0.00004408969179968186088989227674
0.00004408969179968186088989227674
0.00004408509388577181682124943639
0.00004408509388577181682124943639
0.00004408509388577181682124943639
0.00004408101904082313573659515583
0.00004408101904082313573659515583
0.00004408101904082313573659515583
0.00004405071183037379505542793886
0.00004405071183037379505542793886
0.00004405071183037379505542793886
0.00004405071183037379505542793886
