0.00004121719102685770763700532328
0.00004121719102685770763700532328
0.00004121719102685770763700532328
0.00004661787737992719451787768665
0.00004661787737992719451787768665
0.00004661787737992719451787768665
0.00004607764861470508494639197942
0.00004607764861470508494639197942
0.00004607764861470508494639197942
0.00004578772477684137616811582998
0.00004578772477684137616811582998
0.00004578772477684137616811582998
0.00004537054240958275096936155475
0.00004537054240958275096936155475
0.00004537054240958275096936155475
0.00004451257741450446214325176602
0.00004451257741450446214325176602
0.00004451257741450446214325176602
0.00004411620857879786708170239223
0.00004411620857879786708170239223
0.00004411620857879786708170239223
0.00004434656608905066180863789289
0.00004434656608905066180863789289
0.00004434656608905066180863789289
0.00004447671725845236550420642214
0.00004447671725845236550420642214
0.00004447671725845236550420642214
0.00004447671725845236550420642214
0.00004450133297470612339066765308
0.00004450133297470612339066765308
0.00004450133297470612339066765308
0.00004484948396904094033798733705
0.00004484948396904094033798733705
0.00004484948396904094033798733705
0.00004446961284811634890389457682
0.00004446961284811634890389457682
0.00004446961284811634890389457682
0.00004521780022660829793062626199
0.00004521780022660829793062626199
0.00004521780022660829793062626199
0.00004538927468257619575005450227
0.00004538927468257619575005450227
0.00004538927468257619575005450227
0.00004538258776247742719022506577
0.00004538258776247742719022506577
0.00004538258776247742719022506577
0.00004514460036916021927215229078
0.00004514460036916021927215229078
0.00004514460036916021927215229078
0.00004424623089059557493302654841
0.00004424623089059557493302654841
0.00004424623089059557493302654841
0.00004424623089059557493302654841
0.00004429337564225539853492965337
0.00004429337564225539853492965337
0.00004429337564225539853492965337
0.00004466472980684288715097446487
0.00004466472980684288715097446487
0.00004466472980684288715097446487
0.00004481267402384347238769611839
0.00004481267402384347238769611839
0.00004481267402384347238769611839
0.00004434192497628508590034179754
0.00004434192497628508590034179754
0.00004434192497628508590034179754
0.00004393559713008242029393942526
0.00004393559713008242029393942526
0.00004393559713008242029393942526
0.00004393402231086897497448947727
0.00004393402231086897497448947727
0.00004393402231086897497448947727
0.00004366511123185626157852348878
0.00004366511123185626157852348878
0.00004366511123185626157852348878
0.00004377255442720502701525208270
0.00004377255442720502701525208270
0.00004377255442720502701525208270
0.00004377255442720502701525208270
0.00004368039577709011722043446481
0.00004368039577709011722043446481
0.00004368039577709011722043446481
0.00004394674603285871260044358393
0.00004394674603285871260044358393
0.00004394674603285871260044358393
0.00004371790306161261823859923844
0.00004371790306161261823859923844
0.00004371790306161261823859923844
0.00004368627984858856946900445492
0.00004368627984858856946900445492
0.00004368627984858856946900445492
0.00004370932447854564358053781849
0.00004370932447854564358053781849
0.00004370932447854564358053781849
0.00004382945213078104692866884072
0.00004382945213078104692866884072
0.00004382945213078104692866884072
0.00004406542964384166098657318548
0.00004406542964384166098657318548
0.00004406542964384166098657318548
0.00004394632594354005293877046743
0.00004394632594354005293877046743
0.00004394632594354005293877046743
0.00004416292331851521419158311684
0.00004416292331851521419158311684
0.00004416292331851521419158311684
0.00004416292331851521419158311684
0.00004455053419837544611993698732
0.00004455053419837544611993698732
0.00004455053419837544611993698732
0.00004452898349411662681249226486
0.00004452898349411662681249226486
0.00004452898349411662681249226486
0.00004460037724131753160199510296
0.00004460037724131753160199510296
0.00004460037724131753160199510296
0.00004465334816551328492720198132
0.00004465334816551328492720198132
0.00004465334816551328492720198132
0.00004479732706958064467094583494
0.00004479732706958064467094583494
0.00004479732706958064467094583494
0.00004498637284594088576677900110
0.00004498637284594088576677900110
0.00004498637284594088576677900110
0.00004513855286727209018998359934
0.00004513855286727209018998359934
0.00004513855286727209018998359934
0.00004506771746108619914814485638
0.00004506771746108619914814485638
0.00004506771746108619914814485638
0.00004506771746108619914814485638
0.00004500150798204591443466759116
0.00004500150798204591443466759116
0.00004500150798204591443466759116
0.00004495202856863336742428877882
0.00004495202856863336742428877882
0.00004495202856863336742428877882
0.00004498679737190124465541900486
0.00004498679737190124465541900486
0.00004498679737190124465541900486
0.00004481301832867984770089388971
0.00004481301832867984770089388971
0.00004481301832867984770089388971
0.00004470195336794395545425986934
0.00004470195336794395545425986934
0.00004470195336794395545425986934
0.00004471380721886878904436941562
0.00004471380721886878904436941562
0.00004471380721886878904436941562
0.00004461552499899194760337434570
0.00004461552499899194760337434570
0.00004461552499899194760337434570
0.00004449714365876469148647830883
0.00004449714365876469148647830883
0.00004449714365876469148647830883
0.00004449714365876469148647830883
0.00004440472018666991164577284095
0.00004440472018666991164577284095
0.00004440472018666991164577284095
0.00004445911811663524851714837563
0.00004445911811663524851714837563
0.00004445911811663524851714837563
0.00004438948612665494316336398480
0.00004438948612665494316336398480
0.00004438948612665494316336398480
0.00004444242725446354825367017410
0.00004444242725446354825367017410
0.00004444242725446354825367017410
0.00004446657561215224658918593321
0.00004446657561215224658918593321
0.00004446657561215224658918593321
0.00004454214710558389545201365889
0.00004454214710558389545201365889
0.00004454214710558389545201365889
0.00004448660646602163033097268925
0.00004448660646602163033097268925
0.00004448660646602163033097268925
0.00004464870006120039091582896603
0.00004464870006120039091582896603
0.00004464870006120039091582896603
0.00004464581248472478631249273957
0.00004464581248472478631249273957
0.00004464581248472478631249273957
0.00004464581248472478631249273957
0.00004475585541942464337988060732
0.00004475585541942464337988060732
0.00004475585541942464337988060732
0.00004478884334748102626715259264
0.00004478884334748102626715259264
0.00004478884334748102626715259264
0.00004484893382535331473429704804
0.00004484893382535331473429704804
0.00004484893382535331473429704804
0.00004485500425958084388937248149
0.00004485500425958084388937248149
0.00004485500425958084388937248149
0.00004479616548788921002524790186
0.00004479616548788921002524790186
0.00004479616548788921002524790186
0.00004479616548788921002524790186
0.00004488486173840424970392334949
0.00004488486173840424970392334949
0.00004488486173840424970392334949
0.00004495858025858354342536021508
0.00004495858025858354342536021508
0.00004495858025858354342536021508
0.00004505649291732658876446607256
0.00004505649291732658876446607256
0.00004505649291732658876446607256
0.00004506488595730049552736864534
0.00004506488595730049552736864534
0.00004506488595730049552736864534
0.00004516050452424557730565411790
0.00004516050452424557730565411790
0.00004516050452424557730565411790
0.00004509689990474187707463181224
0.00004509689990474187707463181224
0.00004509689990474187707463181224
0.00004517054651377535999933541500
0.00004517054651377535999933541500
0.00004517054651377535999933541500
0.00004519356657167273314220239959
0.00004519356657167273314220239959
0.00004519356657167273314220239959
0.00004519356657167273314220239959
0.00004524335789557517552753097750
0.00004524335789557517552753097750
0.00004524335789557517552753097750
0.00004513110286444292904884265511
0.00004513110286444292904884265511
0.00004513110286444292904884265511
0.00004513002680930313992533896337
0.00004513002680930313992533896337
0.00004513002680930313992533896337
0.00004502467672502919847645108498
0.00004502467672502919847645108498
0.00004502467672502919847645108498
0.00004515940486157787053272765479
0.00004515940486157787053272765479
0.00004515940486157787053272765479
0.00004514252614981855656610263880
0.00004514252614981855656610263880
0.00004514252614981855656610263880
0.00004518063541975126853627664559
0.00004518063541975126853627664559
0.00004518063541975126853627664559
0.00004518763265018737331289015120
0.00004518763265018737331289015120
0.00004518763265018737331289015120
0.00004518763265018737331289015120
0.00004530642081819679972190304565
0.00004530642081819679972190304565
0.00004530642081819679972190304565
0.00004534220161147368686198548597
0.00004534220161147368686198548597
0.00004534220161147368686198548597
0.00004537948775010457988206299775
0.00004537948775010457988206299775
0.00004537948775010457988206299775
0.00004538762985531360667666923528
0.00004538762985531360667666923528
0.00004538762985531360667666923528
0.00004538948044729691844652949388
0.00004538948044729691844652949388
0.00004538948044729691844652949388
0.00004543429898431933165342329290
0.00004543429898431933165342329290
0.00004543429898431933165342329290
0.00004550063405275670328118494001
0.00004550063405275670328118494001
0.00004550063405275670328118494001
0.00004554944429355987085379678964
0.00004554944429355987085379678964
0.00004554944429355987085379678964
0.00004545196851366866861272396805
0.00004545196851366866861272396805
0.00004545196851366866861272396805
0.00004545196851366866861272396805
0.00004551413559294484777888692621
0.00004551413559294484777888692621
0.00004551413559294484777888692621
0.00004556167996112235486550630406
0.00004556167996112235486550630406
0.00004556167996112235486550630406
0.00004548960493462191344195932964
0.00004548960493462191344195932964
0.00004548960493462191344195932964
0.00004538712542624719535646175951
0.00004538712542624719535646175951
0.00004538712542624719535646175951
0.00004540397033430954138837701720
0.00004540397033430954138837701720
0.00004540397033430954138837701720
0.00004541055427374553400418847578
0.00004541055427374553400418847578
0.00004541055427374553400418847578
0.00004544903363755222183667650369
0.00004544903363755222183667650369
0.00004544903363755222183667650369
0.00004539623470199092874012552825
0.00004539623470199092874012552825
0.00004539623470199092874012552825
0.00004539623470199092874012552825
0.00004542985794286441819888303789
0.00004542985794286441819888303789
0.00004542985794286441819888303789
0.00004540037774037202581248355341
0.00004540037774037202581248355341
0.00004540037774037202581248355341
0.00004539818062696135407216727028
0.00004539818062696135407216727028
0.00004539818062696135407216727028
0.00004533977622155068346388670719
0.00004533977622155068346388670719
0.00004533977622155068346388670719
0.00004535361998475144362125758708
0.00004535361998475144362125758708
0.00004535361998475144362125758708
0.00004541204423346988931413407244
0.00004541204423346988931413407244
0.00004541204423346988931413407244
0.00004539288526404800061102068526
0.00004539288526404800061102068526
0.00004539288526404800061102068526
0.00004531389412182451134406904120
0.00004531389412182451134406904120
0.00004531389412182451134406904120
0.00004531389412182451134406904120
0.00004537538912022375039432012301
0.00004537538912022375039432012301
0.00004537538912022375039432012301
0.00004544883093420722248849223499
0.00004544883093420722248849223499
0.00004544883093420722248849223499
0.00004549698220163793164324994626
0.00004549698220163793164324994626
0.00004549698220163793164324994626
0.00004551473143445941362885594202
0.00004551473143445941362885594202
0.00004551473143445941362885594202
0.00004545746207570628828598592044
0.00004545746207570628828598592044
0.00004545746207570628828598592044
0.00004541627041547694692010244024
0.00004541627041547694692010244024
0.00004541627041547694692010244024
0.00004548992020131606326124468369
0.00004548992020131606326124468369
0.00004548992020131606326124468369
0.00004548580223980673867904973971
0.00004548580223980673867904973971
0.00004548580223980673867904973971
0.00004542242855228200080682802495
0.00004542242855228200080682802495
0.00004542242855228200080682802495
0.00004542242855228200080682802495
0.00004537885549467833803221410158
0.00004537885549467833803221410158
0.00004537885549467833803221410158
0.00004537779245877048349034688908
0.00004537779245877048349034688908
0.00004537779245877048349034688908
0.00004537738416507109235806808415
0.00004537738416507109235806808415
0.00004537738416507109235806808415
0.00004537222954546524910301510006
0.00004537222954546524910301510006
0.00004537222954546524910301510006
0.00004534248715437279795167841085
0.00004534248715437279795167841085
0.00004534248715437279795167841085
0.00004527871465984568937899513409
0.00004527871465984568937899513409
0.00004527871465984568937899513409
0.00004529260982884230595077311840
0.00004529260982884230595077311840
0.00004529260982884230595077311840
0.00004526931931764431659251157610
0.00004526931931764431659251157610
0.00004526931931764431659251157610
0.00004526931931764431659251157610
0.00004527160564436253907637803294
0.00004527160564436253907637803294
0.00004527160564436253907637803294
0.00004522830082694159911381832148
0.00004522830082694159911381832148
0.00004522830082694159911381832148
0.00004520330214899824442493462941
0.00004520330214899824442493462941
0.00004520330214899824442493462941
0.00004521771574893156824907462724
0.00004521771574893156824907462724
0.00004521771574893156824907462724
0.00004521286353735160171586898256
0.00004521286353735160171586898256
0.00004521286353735160171586898256
0.00004514750595947483339950744776
0.00004514750595947483339950744776
0.00004514750595947483339950744776
0.00004506483561579241909784490559
0.00004506483561579241909784490559
0.00004506483561579241909784490559
0.00004502706769483846359689234232
0.00004502706769483846359689234232
0.00004502706769483846359689234232
0.00004502706769483846359689234232
0.00004495362715543538068181553626
0.00004495362715543538068181553626
0.00004495362715543538068181553626
0.00004490479744290764857063602818
0.00004490479744290764857063602818
0.00004490479744290764857063602818
0.00004493846464801064005582446155
0.00004493846464801064005582446155
0.00004493846464801064005582446155
0.00004487028008319236957343001004
0.00004487028008319236957343001004
0.00004487028008319236957343001004
0.00004483828150380352372928727414
0.00004483828150380352372928727414
0.00004483828150380352372928727414
0.00004479575273864904850679141224
0.00004479575273864904850679141224
0.00004479575273864904850679141224
0.00004479409342026972957973905226
0.00004479409342026972957973905226
0.00004479409342026972957973905226
0.00004480595570400526940714957538
0.00004480595570400526940714957538
0.00004480595570400526940714957538
0.00004474369996909130958072960325
0.00004474369996909130958072960325
0.00004474369996909130958072960325
0.00004474369996909130958072960325
0.00004475180449536013116916562061
0.00004475180449536013116916562061
0.00004475180449536013116916562061
0.00004478713662003654629667364469
0.00004478713662003654629667364469
0.00004478713662003654629667364469
0.00004479167537736602307806305869
0.00004479167537736602307806305869
0.00004479167537736602307806305869
0.00004476854127898259249771390731
0.00004476854127898259249771390731
0.00004476854127898259249771390731
0.00004468869411872441393782898963
0.00004468869411872441393782898963
0.00004468869411872441393782898963
0.00004468869411872441393782898963
0.00004471768590472609645607805265
0.00004471768590472609645607805265
0.00004471768590472609645607805265
0.00004472194808576611358297512526
0.00004472194808576611358297512526
0.00004472194808576611358297512526
0.00004470505064693884971998017700
0.00004470505064693884971998017700
0.00004470505064693884971998017700
0.00004467823039855866119995182311
0.00004467823039855866119995182311
0.00004467823039855866119995182311
0.00004471829015840491795480565153
0.00004471829015840491795480565153
0.00004471829015840491795480565153
0.00004479189057908045258505764364
0.00004479189057908045258505764364
0.00004479189057908045258505764364
0.00004480099312168339927295458395
0.00004480099312168339927295458395
0.00004480099312168339927295458395
0.00004480013317045068043607305746
0.00004480013317045068043607305746
0.00004480013317045068043607305746
0.00004480013317045068043607305746
0.00004476842330629526634149179931
0.00004476842330629526634149179931
0.00004476842330629526634149179931
0.00004473673818468498619060095586
0.00004473673818468498619060095586
0.00004473673818468498619060095586
0.00004471623092552745644693600215
0.00004471623092552745644693600215
0.00004471623092552745644693600215
0.00004464996667318607628893424095
0.00004464996667318607628893424095
0.00004464996667318607628893424095
0.00004463327653092630866176639231
0.00004463327653092630866176639231
0.00004463327653092630866176639231
0.00004461301894125695211038547791
0.00004461301894125695211038547791
0.00004461301894125695211038547791
0.00004460401929555529178536021393
0.00004460401929555529178536021393
0.00004460401929555529178536021393
0.00004459465011537066982038080611
0.00004459465011537066982038080611
0.00004459465011537066982038080611
0.00004459465011537066982038080611
