0.2700635242050265160462855270
0.2700635242050265160462855270
0.2700635242050265160462855270
0.2541201658644813345961690727
0.2541201658644813345961690727
0.2541201658644813345961690727
0.2587223721108837896764745571
0.2587223721108837896764745571
0.2587223721108837896764745571
0.2581577453893648593512927758
0.2581577453893648593512927758
0.2581577453893648593512927758
0.2530145354559788344339371250
0.2530145354559788344339371250
0.2530145354559788344339371250
0.2595092405787038844172023448
0.2595092405787038844172023448
0.2595092405787038844172023448
0.2556853369851499519879110574
0.2556853369851499519879110574
0.2556853369851499519879110574
0.2543999332156381020582663151
0.2543999332156381020582663151
0.2543999332156381020582663151
0.2564261855060876539916141621
0.2564261855060876539916141621
0.2564261855060876539916141621
0.2564261855060876539916141621
0.2579752527352990853427744722
0.2579752527352990853427744722
0.2579752527352990853427744722
0.2574510341188850746533602587
0.2574510341188850746533602587
0.2574510341188850746533602587
0.2567114538252079524404554862
0.2567114538252079524404554862
0.2567114538252079524404554862
0.2540642161036839158584663282
0.2540642161036839158584663282
0.2540642161036839158584663282
0.2532875453214950993751028154
0.2532875453214950993751028154
0.2532875453214950993751028154
0.2521215513527261560838121280
0.2521215513527261560838121280
0.2521215513527261560838121280
0.2507247849546883132159351643
0.2507247849546883132159351643
0.2507247849546883132159351643
0.2497872632520173952318360491
0.2497872632520173952318360491
0.2497872632520173952318360491
0.2497872632520173952318360491
0.2499389119849221139069911018
0.2499389119849221139069911018
0.2499389119849221139069911018
0.2504963130130675416845604423
0.2504963130130675416845604423
0.2504963130130675416845604423
0.2495953335274055750139336007
0.2495953335274055750139336007
0.2495953335274055750139336007
0.2488081738547754004323165855
0.2488081738547754004323165855
0.2488081738547754004323165855
0.2493787216228585750644135151
0.2493787216228585750644135151
0.2493787216228585750644135151
0.2493776467247582602252959047
0.2493776467247582602252959047
0.2493776467247582602252959047
0.2478481487724712065257757281
0.2478481487724712065257757281
0.2478481487724712065257757281
0.2471650461251964756825400098
0.2471650461251964756825400098
0.2471650461251964756825400098
0.2471650461251964756825400098
0.2471152400675718198967114467
0.2471152400675718198967114467
0.2471152400675718198967114467
0.2460472220502735506764383858
0.2460472220502735506764383858
0.2460472220502735506764383858
0.2464309629928157990660379573
0.2464309629928157990660379573
0.2464309629928157990660379573
0.2462703071584891318679250777
0.2462703071584891318679250777
0.2462703071584891318679250777
0.2463588371794107253662696933
0.2463588371794107253662696933
0.2463588371794107253662696933
0.2448423674343588311541511414
0.2448423674343588311541511414
0.2448423674343588311541511414
0.2459993990728693466832868860
0.2459993990728693466832868860
0.2459993990728693466832868860
0.2464009331273498694945564376
0.2464009331273498694945564376
0.2464009331273498694945564376
0.2466715523697944991901912442
0.2466715523697944991901912442
0.2466715523697944991901912442
0.2466715523697944991901912442
0.2470584462635300740283705026
0.2470584462635300740283705026
0.2470584462635300740283705026
0.2469676726642818578185511920
0.2469676726642818578185511920
0.2469676726642818578185511920
0.2475894722077217647544683743
0.2475894722077217647544683743
0.2475894722077217647544683743
0.2478712466242071367549640118
0.2478712466242071367549640118
0.2478712466242071367549640118
0.2493486037897103743380777409
0.2493486037897103743380777409
0.2493486037897103743380777409
0.2492349142860887953717967145
0.2492349142860887953717967145
0.2492349142860887953717967145
0.2495956327431101211221842366
0.2495956327431101211221842366
0.2495956327431101211221842366
0.2493474971774291918263194660
0.2493474971774291918263194660
0.2493474971774291918263194660
0.2493474971774291918263194660
0.2484099287872439753641291394
0.2484099287872439753641291394
0.2484099287872439753641291394
0.2481732264272842831296934628
0.2481732264272842831296934628
0.2481732264272842831296934628
0.2480673573622510350208113251
0.2480673573622510350208113251
0.2480673573622510350208113251
0.2477838625715630622106325225
0.2477838625715630622106325225
0.2477838625715630622106325225
0.2480401099380719298838392699
0.2480401099380719298838392699
0.2480401099380719298838392699
0.2474192074137749209895192187
0.2474192074137749209895192187
0.2474192074137749209895192187
0.2473232715397206815805094746
0.2473232715397206815805094746
0.2473232715397206815805094746
0.2483327662866208915346509999
0.2483327662866208915346509999
0.2483327662866208915346509999
0.2483327662866208915346509999
0.2481542627236445810765824498
0.2481542627236445810765824498
0.2481542627236445810765824498
0.2480901559693496326176970371
0.2480901559693496326176970371
0.2480901559693496326176970371
0.2482757915002793164569229480
0.2482757915002793164569229480
0.2482757915002793164569229480
0.2481648882830800067709235320
0.2481648882830800067709235320
0.2481648882830800067709235320
0.2488606315691914468548318247
0.2488606315691914468548318247
0.2488606315691914468548318247
0.2490569880273630993943754107
0.2490569880273630993943754107
0.2490569880273630993943754107
0.2484236728175217330902941195
0.2484236728175217330902941195
0.2484236728175217330902941195
0.2481800908692850606416734098
0.2481800908692850606416734098
0.2481800908692850606416734098
0.2480251026386513461014196810
0.2480251026386513461014196810
0.2480251026386513461014196810
0.2480251026386513461014196810
0.2480185110832160721045038420
0.2480185110832160721045038420
0.2480185110832160721045038420
0.2485582020003477929694895802
0.2485582020003477929694895802
0.2485582020003477929694895802
0.2490769012611859333101927977
0.2490769012611859333101927977
0.2490769012611859333101927977
0.2486994462714946316980804885
0.2486994462714946316980804885
0.2486994462714946316980804885
0.2490476605560362645215000333
0.2490476605560362645215000333
0.2490476605560362645215000333
0.2490476605560362645215000333
0.2487898846429383313136876531
0.2487898846429383313136876531
0.2487898846429383313136876531
0.2491474254326322541586549099
0.2491474254326322541586549099
0.2491474254326322541586549099
0.2494423550999606133630119052
0.2494423550999606133630119052
0.2494423550999606133630119052
0.2491446134961412690192363279
0.2491446134961412690192363279
0.2491446134961412690192363279
0.2493978411013675940630423506
0.2493978411013675940630423506
0.2493978411013675940630423506
0.2491259959238915180730004405
0.2491259959238915180730004405
0.2491259959238915180730004405
0.2487730740022368178332435028
0.2487730740022368178332435028
0.2487730740022368178332435028
0.2489706907904628074656255556
0.2489706907904628074656255556
0.2489706907904628074656255556
0.2489706907904628074656255556
0.2493151550039914865082637286
0.2493151550039914865082637286
0.2493151550039914865082637286
0.2492900817087858138267919725
0.2492900817087858138267919725
0.2492900817087858138267919725
0.2492019728001772489195553548
0.2492019728001772489195553548
0.2492019728001772489195553548
0.2492062548720994937707816421
0.2492062548720994937707816421
0.2492062548720994937707816421
0.2495635986453372603487314234
0.2495635986453372603487314234
0.2495635986453372603487314234
0.2497803956867456869621455281
0.2497803956867456869621455281
0.2497803956867456869621455281
0.2497983498428700325828397243
0.2497983498428700325828397243
0.2497983498428700325828397243
0.2495898764915562454162493582
0.2495898764915562454162493582
0.2495898764915562454162493582
0.2495898764915562454162493582
0.2498992078491434346115590123
0.2498992078491434346115590123
0.2498992078491434346115590123
0.2500377701370316363867014202
0.2500377701370316363867014202
0.2500377701370316363867014202
0.2499045633309524647988493746
0.2499045633309524647988493746
0.2499045633309524647988493746
0.2499606812016429970178106105
0.2499606812016429970178106105
0.2499606812016429970178106105
0.2502867281740290470089100813
0.2502867281740290470089100813
0.2502867281740290470089100813
0.2502492261033459575308066324
0.2502492261033459575308066324
0.2502492261033459575308066324
0.2504473546030003457507939751
0.2504473546030003457507939751
0.2504473546030003457507939751
0.2502138026825050164474407911
0.2502138026825050164474407911
0.2502138026825050164474407911
0.2503274119582990477545025790
0.2503274119582990477545025790
0.2503274119582990477545025790
0.2503274119582990477545025790
0.2505411041216822941600430394
0.2505411041216822941600430394
0.2505411041216822941600430394
0.2505342733518045269009207806
0.2505342733518045269009207806
0.2505342733518045269009207806
0.2504975787668021117332164397
0.2504975787668021117332164397
0.2504975787668021117332164397
0.2505623706586260735986106113
0.2505623706586260735986106113
0.2505623706586260735986106113
0.2506983995252071563827685452
0.2506983995252071563827685452
0.2506983995252071563827685452
0.2507582952230605374448152225
0.2507582952230605374448152225
0.2507582952230605374448152225
0.2508702119651449269057099510
0.2508702119651449269057099510
0.2508702119651449269057099510
0.2509107063688977613281491441
0.2509107063688977613281491441
0.2509107063688977613281491441
0.2509107063688977613281491441
0.2509657094223087481678812988
0.2509657094223087481678812988
0.2509657094223087481678812988
0.2508802252996909985111966266
0.2508802252996909985111966266
0.2508802252996909985111966266
0.2508340432774590595920717944
0.2508340432774590595920717944
0.2508340432774590595920717944
0.2506401197420837310340017586
0.2506401197420837310340017586
0.2506401197420837310340017586
0.2505582547320815550576875251
0.2505582547320815550576875251
0.2505582547320815550576875251
0.2506002413496286610530209961
0.2506002413496286610530209961
0.2506002413496286610530209961
0.2510070799791804878334608763
0.2510070799791804878334608763
0.2510070799791804878334608763
0.2511194123185800956119211921
0.2511194123185800956119211921
0.2511194123185800956119211921
0.2511194123185800956119211921
0.2510580285395171960837314407
0.2510580285395171960837314407
0.2510580285395171960837314407
0.2507314784725939091284861233
0.2507314784725939091284861233
0.2507314784725939091284861233
0.2506986750972214896039745853
0.2506986750972214896039745853
0.2506986750972214896039745853
0.2507123397448615951135482955
0.2507123397448615951135482955
0.2507123397448615951135482955
0.2506828573635379688415772314
0.2506828573635379688415772314
0.2506828573635379688415772314
0.2503827518569506550431901402
0.2503827518569506550431901402
0.2503827518569506550431901402
0.2502469372760181590176882289
0.2502469372760181590176882289
0.2502469372760181590176882289
0.2498314172866407666421966104
0.2498314172866407666421966104
0.2498314172866407666421966104
0.2498400151485654378504549919
0.2498400151485654378504549919
0.2498400151485654378504549919
0.2498400151485654378504549919
0.2499507665122124692219384378
0.2499507665122124692219384378
0.2499507665122124692219384378
0.2496848301572768557809787288
0.2496848301572768557809787288
0.2496848301572768557809787288
0.2495341903911772950738066190
0.2495341903911772950738066190
0.2495341903911772950738066190
0.2495449226169551657833265721
0.2495449226169551657833265721
0.2495449226169551657833265721
0.2490609595922688284281687624
0.2490609595922688284281687624
0.2490609595922688284281687624
0.2488221829708144395588567552
0.2488221829708144395588567552
0.2488221829708144395588567552
0.2484577223046395083210730490
0.2484577223046395083210730490
0.2484577223046395083210730490
0.2483457253676923523938043983
0.2483457253676923523938043983
0.2483457253676923523938043983
0.2483457253676923523938043983
0.2479722676127953837845614238
0.2479722676127953837845614238
0.2479722676127953837845614238
0.2481177683342697068263346298
0.2481177683342697068263346298
0.2481177683342697068263346298
0.2480087093871787253375193446
0.2480087093871787253375193446
0.2480087093871787253375193446
0.2478942678332125459567411239
0.2478942678332125459567411239
0.2478942678332125459567411239
0.2478576324034484811680437165
0.2478576324034484811680437165
0.2478576324034484811680437165
0.2480328149109675841330371329
0.2480328149109675841330371329
0.2480328149109675841330371329
0.2480313273631291075064651699
0.2480313273631291075064651699
0.2480313273631291075064651699
0.2481193118778741645145957903
0.2481193118778741645145957903
0.2481193118778741645145957903
0.2481193118778741645145957903
0.2482353290593698331399688838
0.2482353290593698331399688838
0.2482353290593698331399688838
0.2482969264759331875951772194
0.2482969264759331875951772194
0.2482969264759331875951772194
0.2481558509325962602902805294
0.2481558509325962602902805294
0.2481558509325962602902805294
0.2484405637114742811155816564
0.2484405637114742811155816564
0.2484405637114742811155816564
0.2484409580349920090142347410
0.2484409580349920090142347410
0.2484409580349920090142347410
0.2483337490419238163754221045
0.2483337490419238163754221045
0.2483337490419238163754221045
0.2482384782021497997321610226
0.2482384782021497997321610226
0.2482384782021497997321610226
0.2481368782846888240055220212
0.2481368782846888240055220212
0.2481368782846888240055220212
0.2480343836861273723106453683
0.2480343836861273723106453683
0.2480343836861273723106453683
0.2480343836861273723106453683
0.2480602132901794560455186153
0.2480602132901794560455186153
0.2480602132901794560455186153
0.2479706446660643416978188765
0.2479706446660643416978188765
0.2479706446660643416978188765
0.2479721922211677817218634379
0.2479721922211677817218634379
0.2479721922211677817218634379
0.2480523153830987933243567316
0.2480523153830987933243567316
0.2480523153830987933243567316
0.2483076888537199480670065750
0.2483076888537199480670065750
0.2483076888537199480670065750
0.2482687071431008821190040151
0.2482687071431008821190040151
0.2482687071431008821190040151
0.2482990522151924894056931684
0.2482280474262938041729636906
0.2482280474262938041729636906
0.2482280474262938041729636906
0.2482381731751939352151388810
0.2482381731751939352151388810
0.2482381731751939352151388810
0.2483294708747877073005465595
0.2483294708747877073005465595
0.2483294708747877073005465595
0.2483208609340245902417819871
0.2483208609340245902417819871
0.2483208609340245902417819871
0.2484417350677650474754879137
0.2484417350677650474754879137
0.2484417350677650474754879137
0.2482056231818367727954804418
0.2482056231818367727954804418
0.2482056231818367727954804418
0.2483535334323572159082628300
0.2483535334323572159082628300
0.2483535334323572159082628300
0.2483535334323572159082628300
0.2483511329586183978187345661
0.2483511329586183978187345661
0.2483511329586183978187345661
0.2482751445963616280243123011
0.2482751445963616280243123011
0.2482751445963616280243123011
0.2482302358726564573840874045
0.2482302358726564573840874045
0.2482302358726564573840874045
0.2481269116267907972471025864
0.2481269116267907972471025864
0.2481269116267907972471025864
0.2479907221808862872491940718
0.2479907221808862872491940718
0.2479907221808862872491940718
0.2480208078842225765436930535
0.2480208078842225765436930535
0.2480208078842225765436930535
0.2479724213674487898753398826
0.2479724213674487898753398826
0.2479724213674487898753398826
0.2481032076711230772383290408
0.2481032076711230772383290408
0.2481032076711230772383290408
0.2481032076711230772383290408
