0.2360397519556485145264427856
0.2360397519556485145264427856
0.2360397519556485145264427856
0.2405108413570129035664424350
0.2405108413570129035664424350
0.2405108413570129035664424350
0.2395822169756878263458421653
0.2395822169756878263458421653
0.2395822169756878263458421653
0.2487621106198500424218044168
0.2487621106198500424218044168
0.2487621106198500424218044168
0.2548857995260969124103200982
0.2548857995260969124103200982
0.2548857995260969124103200982
0.2534741242649730200776116098
0.2534741242649730200776116098
0.2534741242649730200776116098
0.2564144207424426985390040696
0.2564144207424426985390040696
0.2564144207424426985390040696
0.2597647045493084098674267860
0.2597647045493084098674267860
0.2597647045493084098674267860
0.2616991883618790953120568622
0.2616991883618790953120568622
0.2616991883618790953120568622
0.2616991883618790953120568622
0.2579065357295523174848971884
0.2579065357295523174848971884
0.2579065357295523174848971884
0.2566979720784397575356410856
0.2566979720784397575356410856
0.2566979720784397575356410856
0.2543739419515317397589546905
0.2543739419515317397589546905
0.2543739419515317397589546905
0.2519428327669276617741891266
0.2519428327669276617741891266
0.2519428327669276617741891266
0.2522253203774166566402797212
0.2522253203774166566402797212
0.2522253203774166566402797212
0.2507242603763157766896510516
0.2507242603763157766896510516
0.2507242603763157766896510516
0.2505954083144492193892816717
0.2505954083144492193892816717
0.2505954083144492193892816717
0.2518603367435244197404968602
0.2518603367435244197404968602
0.2518603367435244197404968602
0.2518603367435244197404968602
0.2523064290803683768406562372
0.2523064290803683768406562372
0.2523064290803683768406562372
0.2513744312928813645570616704
0.2513744312928813645570616704
0.2513744312928813645570616704
0.2493612649555574179176506255
0.2493612649555574179176506255
0.2493612649555574179176506255
0.2503655566238111141474738511
0.2503655566238111141474738511
0.2503655566238111141474738511
0.2507856658162115485010700368
0.2507856658162115485010700368
0.2507856658162115485010700368
0.2519828603868009005190987500
0.2519828603868009005190987500
0.2519828603868009005190987500
0.2520199220889856495413963560
0.2520199220889856495413963560
0.2520199220889856495413963560
0.2526568945761853260964387579
0.2526568945761853260964387579
0.2526568945761853260964387579
0.2526568945761853260964387579
0.2529200582485595239698630140
0.2529200582485595239698630140
0.2529200582485595239698630140
0.2532167349657084771706800847
0.2532167349657084771706800847
0.2532167349657084771706800847
0.2531028149742664573778644672
0.2531028149742664573778644672
0.2531028149742664573778644672
0.2533609468444547001776814151
0.2533609468444547001776814151
0.2533609468444547001776814151
0.2533713008644950250049100587
0.2533713008644950250049100587
0.2533713008644950250049100587
0.2534240403197255835060523975
0.2534240403197255835060523975
0.2534240403197255835060523975
0.2540168022851028968245976725
0.2540168022851028968245976725
0.2540168022851028968245976725
0.2548275394294095908655939765
0.2548275394294095908655939765
0.2548275394294095908655939765
0.2550035660971739538630756507
0.2550035660971739538630756507
0.2550035660971739538630756507
0.2550035660971739538630756507
0.2546606061801419371684231512
0.2546606061801419371684231512
0.2546606061801419371684231512
0.2538349271163947390698539836
0.2538349271163947390698539836
0.2538349271163947390698539836
0.2540336751364454034646760882
0.2540336751364454034646760882
0.2540336751364454034646760882
0.2536062094407512506941592521
0.2536062094407512506941592521
0.2536062094407512506941592521
0.2540171632209395676256241626
0.2540171632209395676256241626
0.2540171632209395676256241626
0.2537120772325546458034026552
0.2537120772325546458034026552
0.2537120772325546458034026552
0.2545698508609094618186639766
0.2545698508609094618186639766
0.2545698508609094618186639766
0.2549563538262769676239050832
0.2549563538262769676239050832
0.2549563538262769676239050832
0.2549563538262769676239050832
0.2547019983993986502754382251
0.2547019983993986502754382251
0.2547019983993986502754382251
0.2549647083595299447289379774
0.2549647083595299447289379774
0.2549647083595299447289379774
0.2547288609053559488259029526
0.2547288609053559488259029526
0.2547288609053559488259029526
0.2552116985680461166433385387
0.2552116985680461166433385387
0.2552116985680461166433385387
0.2546570328491934978404606241
0.2546570328491934978404606241
0.2546570328491934978404606241
0.2541811476675881049210926946
0.2541811476675881049210926946
0.2541811476675881049210926946
0.2541927444977015537811232024
0.2541927444977015537811232024
0.2541927444977015537811232024
0.2540675653383338866151667492
0.2540675653383338866151667492
0.2540675653383338866151667492
0.2540675653383338866151667492
0.2535148980154995274433215385
0.2535148980154995274433215385
0.2535148980154995274433215385
0.2536479183897495084457804468
0.2536479183897495084457804468
0.2536479183897495084457804468
0.2532826211105265338587388109
0.2532826211105265338587388109
0.2532826211105265338587388109
0.2530656497330544315044383333
0.2530656497330544315044383333
0.2530656497330544315044383333
0.2531560451962646368607397025
0.2531560451962646368607397025
0.2531560451962646368607397025
0.2529162289924901569287153426
0.2529162289924901569287153426
0.2529162289924901569287153426
0.2530515738438360197559522525
0.2530515738438360197559522525
0.2530515738438360197559522525
0.2532663083178850963908188188
0.2532663083178850963908188188
0.2532663083178850963908188188
0.2537351458034659942364848729
0.2537351458034659942364848729
0.2537351458034659942364848729
0.2537351458034659942364848729
0.2540436667951550638788379545
0.2540436667951550638788379545
0.2540436667951550638788379545
0.2534401753489185986417185011
0.2534401753489185986417185011
0.2534401753489185986417185011
0.2529092425681573207726298189
0.2529092425681573207726298189
0.2529092425681573207726298189
0.2524278628351994351397193256
0.2524278628351994351397193256
0.2524278628351994351397193256
0.2517509472254609684809789981
0.2517509472254609684809789981
0.2517509472254609684809789981
0.2517509472254609684809789981
0.2523508455146286830780548941
0.2523508455146286830780548941
0.2523508455146286830780548941
0.2520995898216219733755740457
0.2520995898216219733755740457
0.2520995898216219733755740457
0.2522692785851012510719565516
0.2522692785851012510719565516
0.2522692785851012510719565516
0.2522563699866468820726059082
0.2522563699866468820726059082
0.2522563699866468820726059082
0.2521765751356708704713990907
0.2521765751356708704713990907
0.2521765751356708704713990907
0.2522110403727754021481259802
0.2522110403727754021481259802
0.2522110403727754021481259802
0.2525113977581811347621709175
0.2525113977581811347621709175
0.2525113977581811347621709175
0.2522255677064385241434929268
0.2522255677064385241434929268
0.2522255677064385241434929268
0.2522255677064385241434929268
0.2522211802999079133291776077
0.2522211802999079133291776077
0.2522211802999079133291776077
0.2521297542550108152577546001
0.2521297542550108152577546001
0.2521297542550108152577546001
0.2524692113965854005731658454
0.2524692113965854005731658454
0.2524692113965854005731658454
0.2523247100146946140029016734
0.2523247100146946140029016734
0.2523247100146946140029016734
0.2520999953305030703775660462
0.2520999953305030703775660462
0.2520999953305030703775660462
0.2520652567006328505739844407
0.2520652567006328505739844407
0.2520652567006328505739844407
0.2524930963508575548796281704
0.2524930963508575548796281704
0.2524930963508575548796281704
0.2523474560716785725236388947
0.2523474560716785725236388947
0.2523474560716785725236388947
0.2523474560716785725236388947
0.2521622336428120641750513669
0.2521622336428120641750513669
0.2521622336428120641750513669
0.2519013276454579650579822907
0.2519013276454579650579822907
0.2519013276454579650579822907
0.2521985925275105712022988695
0.2521985925275105712022988695
0.2521985925275105712022988695
0.2524163180107367655794951535
0.2524163180107367655794951535
0.2524163180107367655794951535
0.2523261434975499091076440833
0.2523261434975499091076440833
0.2523261434975499091076440833
0.2521756698693498934931386005
0.2521756698693498934931386005
0.2521756698693498934931386005
0.2521835054714140290715164077
0.2521835054714140290715164077
0.2521835054714140290715164077
0.2520440581993751225878885227
0.2520440581993751225878885227
0.2520440581993751225878885227
0.2522946005141840675716489534
0.2522946005141840675716489534
0.2522946005141840675716489534
0.2522946005141840675716489534
0.2523077342773706977625516906
0.2523077342773706977625516906
0.2523077342773706977625516906
0.2521560279908465599971606147
0.2521560279908465599971606147
0.2521560279908465599971606147
0.2521451160603987446124820149
0.2521451160603987446124820149
0.2521451160603987446124820149
0.2522521290659545701853451259
0.2522521290659545701853451259
0.2522521290659545701853451259
0.2523349266314328905940650789
0.2523349266314328905940650789
0.2523349266314328905940650789
0.2523718473680165845923870383
0.2523718473680165845923870383
0.2523718473680165845923870383
0.2527282623568809102253193197
0.2527282623568809102253193197
0.2527282623568809102253193197
0.2528578582063915531133770086
0.2528578582063915531133770086
0.2528578582063915531133770086
0.2528578582063915531133770086
0.2528936962795703110084145187
0.2528936962795703110084145187
0.2528936962795703110084145187
0.2526386929763460213284243118
0.2526386929763460213284243118
0.2526386929763460213284243118
0.2523087776842953044230781892
0.2523087776842953044230781892
0.2523087776842953044230781892
0.2522861407348904898704191906
0.2522861407348904898704191906
0.2522861407348904898704191906
0.2525438095422479891131185760
0.2525438095422479891131185760
0.2525438095422479891131185760
0.2528715550634157896562636164
0.2528715550634157896562636164
0.2528715550634157896562636164
0.2530201032683494179284329699
0.2530201032683494179284329699
0.2530201032683494179284329699
0.2529013649594668050814502539
0.2529013649594668050814502539
0.2529013649594668050814502539
0.2529013649594668050814502539
0.2530453424916639449882034770
0.2530453424916639449882034770
0.2530453424916639449882034770
0.2531044872278882370304168066
0.2531044872278882370304168066
0.2531044872278882370304168066
0.2531301497924936121813429467
0.2531301497924936121813429467
0.2531301497924936121813429467
0.2528575061976355259145562566
0.2528575061976355259145562566
0.2528575061976355259145562566
0.2528066006021599012041454344
0.2528066006021599012041454344
0.2528066006021599012041454344
0.2525909959493541504919169130
0.2525909959493541504919169130
0.2525909959493541504919169130
0.2527068485935124597377251684
0.2527068485935124597377251684
0.2527068485935124597377251684
0.2524959529984779114979043714
0.2524959529984779114979043714
0.2524959529984779114979043714
0.2524521950823975787863927401
0.2524521950823975787863927401
0.2524521950823975787863927401
0.2524521950823975787863927401
0.2523191831092771161835232127
0.2523191831092771161835232127
0.2523191831092771161835232127
0.2523525985794605186967155064
0.2523525985794605186967155064
0.2523525985794605186967155064
0.2523325879116243701339825697
0.2523325879116243701339825697
0.2523325879116243701339825697
0.2524928077507518149687038793
0.2524928077507518149687038793
0.2524928077507518149687038793
0.2520305838950109458799513665
0.2520305838950109458799513665
0.2520305838950109458799513665
0.2522076899202047483556228122
0.2522076899202047483556228122
0.2522076899202047483556228122
0.2523215456092745854690160766
0.2523215456092745854690160766
0.2523215456092745854690160766
0.2523749058396495712416846176
0.2523749058396495712416846176
0.2523749058396495712416846176
0.2523749058396495712416846176
0.2523892156912275788987978573
0.2523892156912275788987978573
0.2523892156912275788987978573
0.2522665989043483096351879418
0.2522665989043483096351879418
0.2522665989043483096351879418
0.2523016453241267372079225637
0.2523016453241267372079225637
0.2523016453241267372079225637
0.2522935926025631496694978254
0.2522935926025631496694978254
0.2522935926025631496694978254
0.2520886411172499356514428553
0.2520886411172499356514428553
0.2520886411172499356514428553
0.2520944622069861923952223663
0.2520944622069861923952223663
0.2520944622069861923952223663
0.2520159509616695415859464221
0.2520159509616695415859464221
0.2520159509616695415859464221
0.2519092645339286730317013098
0.2519092645339286730317013098
0.2519092645339286730317013098
0.2519092645339286730317013098
0.2518714370747701373937695710
0.2518714370747701373937695710
0.2518714370747701373937695710
0.2521950295049810486401413735
0.2521950295049810486401413735
0.2521950295049810486401413735
0.2519120550547288339991131247
0.2519120550547288339991131247
0.2519120550547288339991131247
0.2517844080325180692162220941
0.2517844080325180692162220941
0.2517844080325180692162220941
0.2518495932119997659091804019
0.2518495932119997659091804019
0.2518495932119997659091804019
0.2517019354460688062961355067
0.2517019354460688062961355067
0.2517019354460688062961355067
0.2516671656013615723610777523
0.2516671656013615723610777523
0.2516671656013615723610777523
0.2517405381118794148790315235
0.2517405381118794148790315235
0.2517405381118794148790315235
0.2518568919764166152064763024
0.2518568919764166152064763024
0.2518568919764166152064763024
0.2518568919764166152064763024
0.2516622499651681820642918975
0.2516622499651681820642918975
0.2516622499651681820642918975
0.2515268635516137786991833563
0.2515268635516137786991833563
0.2515268635516137786991833563
0.2515439023685293172001732960
0.2515439023685293172001732960
0.2515439023685293172001732960
0.2516733283457876625564775187
0.2516733283457876625564775187
0.2516733283457876625564775187
0.2517973129542819704749144915
0.2517973129542819704749144915
0.2517973129542819704749144915
0.2517973129542819704749144915
0.2517131327274492207871771925
0.2517131327274492207871771925
0.2517131327274492207871771925
0.2516376499889813269888738567
0.2516376499889813269888738567
0.2516376499889813269888738567
0.2517383578018334305780991786
0.2517383578018334305780991786
0.2517383578018334305780991786
0.2516490030830901391342318217
0.2516490030830901391342318217
0.2516490030830901391342318217
0.2516228560238292892970647073
0.2516228560238292892970647073
0.2516228560238292892970647073
0.2514753626423749773678659374
0.2514753626423749773678659374
0.2514753626423749773678659374
0.2515986775922612822191844524
0.2515986775922612822191844524
0.2515986775922612822191844524
0.2515947758322956362617349116
0.2515947758322956362617349116
0.2515947758322956362617349116
0.2515947758322956362617349116
0.2514459398796921874228403382
0.2514459398796921874228403382
0.2514459398796921874228403382
0.2517781524836959926405584767
0.2517781524836959926405584767
0.2517781524836959926405584767
0.2517597373819347587933074967
0.2517597373819347587933074967
0.2517597373819347587933074967
0.2515922624784172261360495057
0.2515922624784172261360495057
0.2515922624784172261360495057
0.2515974384727057414191964508
0.2515974384727057414191964508
0.2515974384727057414191964508
0.2516311795725746449015988249
0.2516311795725746449015988249
0.2516311795725746449015988249
0.2516125034818203280611309843
0.2516125034818203280611309843
0.2516125034818203280611309843
0.2517119733758942743874132023
0.2517119733758942743874132023
0.2517119733758942743874132023
0.2517119733758942743874132023
