0.2400462354527031023361881216
0.2400462354527031023361881216
0.2400462354527031023361881216
0.2675083689812399339933687208
0.2675083689812399339933687208
0.2675083689812399339933687208
0.2727074026032959112960780469
0.2727074026032959112960780469
0.2727074026032959112960780469
0.2710284789474510333821533455
0.2710284789474510333821533455
0.2710284789474510333821533455
0.2778437571634082456093776505
0.2778437571634082456093776505
0.2778437571634082456093776505
0.2778361596153333211627455911
0.2778361596153333211627455911
0.2778361596153333211627455911
0.2736164911218913229052484710
0.2736164911218913229052484710
0.2736164911218913229052484710
0.2716746073278497707261248436
0.2716746073278497707261248436
0.2716746073278497707261248436
0.2677356124466126297548063340
0.2677356124466126297548063340
0.2677356124466126297548063340
0.2677356124466126297548063340
0.2630594455650871635343371303
0.2630594455650871635343371303
0.2630594455650871635343371303
0.2642350581643984363900354576
0.2642350581643984363900354576
0.2642350581643984363900354576
0.2627495483491102233977424953
0.2627495483491102233977424953
0.2627495483491102233977424953
0.2618281223571042182506185417
0.2618281223571042182506185417
0.2618281223571042182506185417
0.2608384237689262975955443783
0.2608384237689262975955443783
0.2608384237689262975955443783
0.2611758605768807867011081315
0.2611758605768807867011081315
0.2611758605768807867011081315
0.2611349389510113285193127345
0.2611349389510113285193127345
0.2611349389510113285193127345
0.2603030114258264719082332539
0.2603030114258264719082332539
0.2603030114258264719082332539
0.2603030114258264719082332539
0.2588076801923521428142839373
0.2588076801923521428142839373
0.2588076801923521428142839373
0.2585806998856123311543570755
0.2585806998856123311543570755
0.2585806998856123311543570755
0.2567978217538116106362646476
0.2567978217538116106362646476
0.2567978217538116106362646476
0.2569473830316969567598972937
0.2569473830316969567598972937
0.2569473830316969567598972937
0.2576999515372389715598723148
0.2576999515372389715598723148
0.2576999515372389715598723148
0.2567691350720009197143710164
0.2567691350720009197143710164
0.2567691350720009197143710164
0.2564145235440573359620200066
0.2564145235440573359620200066
0.2564145235440573359620200066
0.2569462748353305560069021259
0.2569462748353305560069021259
0.2569462748353305560069021259
0.2569462748353305560069021259
0.2570078239426345811784171395
0.2570078239426345811784171395
0.2570078239426345811784171395
0.2572444816038557447593434523
0.2572444816038557447593434523
0.2572444816038557447593434523
0.2560532977187864168836255651
0.2560532977187864168836255651
0.2560532977187864168836255651
0.2549404550791549512815371899
0.2549404550791549512815371899
0.2549404550791549512815371899
0.2542578381865961932597314071
0.2542578381865961932597314071
0.2542578381865961932597314071
0.2546936676294809147012862755
0.2546936676294809147012862755
0.2546936676294809147012862755
0.2550375070216785524070504978
0.2550375070216785524070504978
0.2550375070216785524070504978
0.2553302297498187979949865291
0.2553302297498187979949865291
0.2553302297498187979949865291
0.2557925485496484825364148190
0.2557925485496484825364148190
0.2557925485496484825364148190
0.2557925485496484825364148190
0.2550881843799932550262754873
0.2550881843799932550262754873
0.2550881843799932550262754873
0.2552440293684975895753565520
0.2552440293684975895753565520
0.2552440293684975895753565520
0.2542368643825179259640429335
0.2542368643825179259640429335
0.2542368643825179259640429335
0.2540145176162478385440750238
0.2540145176162478385440750238
0.2540145176162478385440750238
0.2537966027157886995080822678
0.2537966027157886995080822678
0.2537966027157886995080822678
0.2531410438583434528379406175
0.2531410438583434528379406175
0.2531410438583434528379406175
0.2528063349696567006718353269
0.2528063349696567006718353269
0.2528063349696567006718353269
0.2529355958811477210100165825
0.2529355958811477210100165825
0.2529355958811477210100165825
0.2529355958811477210100165825
0.2531297097819435040620360364
0.2531297097819435040620360364
0.2531297097819435040620360364
0.2530833920749526055209153919
0.2530833920749526055209153919
0.2530833920749526055209153919
0.2530328182583962879794887349
0.2530328182583962879794887349
0.2530328182583962879794887349
0.2534797234294053913824030330
0.2534797234294053913824030330
0.2534797234294053913824030330
0.2532509785365761156223730502
0.2532509785365761156223730502
0.2532509785365761156223730502
0.2533858637092535263520998201
0.2533858637092535263520998201
0.2533858637092535263520998201
0.2533084400462497516943328126
0.2533084400462497516943328126
0.2533084400462497516943328126
0.2528113648504636133616998959
0.2528113648504636133616998959
0.2528113648504636133616998959
0.2528113648504636133616998959
0.2527717429167979174351834369
0.2527717429167979174351834369
0.2527717429167979174351834369
0.2525893287737416112249001556
0.2525893287737416112249001556
0.2525893287737416112249001556
0.2526640403181261933792798971
0.2526640403181261933792798971
0.2526640403181261933792798971
0.2530925755087381018692396171
0.2530925755087381018692396171
0.2530925755087381018692396171
0.2526651561336278057340570570
0.2526651561336278057340570570
0.2526651561336278057340570570
0.2526642964961208634338938190
0.2526642964961208634338938190
0.2526642964961208634338938190
0.2528010873950067459224755362
0.2528010873950067459224755362
0.2528010873950067459224755362
0.2531451352339204999492233521
0.2531451352339204999492233521
0.2531451352339204999492233521
0.2534121736262977709784646935
0.2534121736262977709784646935
0.2534121736262977709784646935
0.2534121736262977709784646935
0.2534363125569691820822128789
0.2534363125569691820822128789
0.2534363125569691820822128789
0.2530774900392265511296593359
0.2530774900392265511296593359
0.2530774900392265511296593359
0.2532065518798431308389971956
0.2532065518798431308389971956
0.2532065518798431308389971956
0.2534606820447460306101392256
0.2534606820447460306101392256
0.2534606820447460306101392256
0.2538878970542667020175617735
0.2538878970542667020175617735
0.2538878970542667020175617735
0.2532077055250062705615427403
0.2532077055250062705615427403
0.2532077055250062705615427403
0.2530588897822523239554097139
0.2534490664788415682620332381
0.2534490664788415682620332381
0.2534490664788415682620332381
0.2539329075469917590632665681
0.2539329075469917590632665681
0.2539329075469917590632665681
0.2540016423531391537944888346
0.2540016423531391537944888346
0.2540016423531391537944888346
0.2538730782554567929128400984
0.2538730782554567929128400984
0.2538730782554567929128400984
0.2535541875451800202183355937
0.2535541875451800202183355937
0.2535541875451800202183355937
0.2529681884843731294776979119
0.2529681884843731294776979119
0.2529681884843731294776979119
0.2531258876107772859761943753
0.2531258876107772859761943753
0.2531258876107772859761943753
0.2531258876107772859761943753
0.2528079693466363701136427632
0.2528079693466363701136427632
0.2528079693466363701136427632
0.2527136486337940383392264830
0.2527136486337940383392264830
0.2527136486337940383392264830
0.2527670870522181633865645425
0.2527670870522181633865645425
0.2527670870522181633865645425
0.2526883490772521808928762261
0.2526883490772521808928762261
0.2526883490772521808928762261
0.2524613369912710036061154232
0.2524613369912710036061154232
0.2524613369912710036061154232
0.2527262799325726841696590454
0.2527262799325726841696590454
0.2527262799325726841696590454
0.2526587073021696958382534598
0.2526587073021696958382534598
0.2526587073021696958382534598
0.2530267527872590120696150664
0.2530267527872590120696150664
0.2530267527872590120696150664
0.2530267527872590120696150664
0.2531525297443327196950951557
0.2531525297443327196950951557
0.2531525297443327196950951557
0.2529972152020867219972821248
0.2529972152020867219972821248
0.2529972152020867219972821248
0.2528959467066258310006679613
0.2528959467066258310006679613
0.2528959467066258310006679613
0.2527023431987549572836684463
0.2527023431987549572836684463
0.2527023431987549572836684463
0.2526985219823273960421533409
0.2526985219823273960421533409
0.2526985219823273960421533409
0.2525714302826342047544932752
0.2525714302826342047544932752
0.2525714302826342047544932752
0.2526942546749170878072959803
0.2526942546749170878072959803
0.2526942546749170878072959803
0.2530295696656405564407564834
0.2530295696656405564407564834
0.2530295696656405564407564834
0.2528275614153986352367250314
0.2528275614153986352367250314
0.2528275614153986352367250314
0.2528275614153986352367250314
0.2526602298250116026117319251
0.2526602298250116026117319251
0.2526602298250116026117319251
0.2527724574111690376692279789
0.2527724574111690376692279789
0.2527724574111690376692279789
0.2529805977469499490915083824
0.2529805977469499490915083824
0.2529805977469499490915083824
0.2532268583204427575946393412
0.2532268583204427575946393412
0.2532268583204427575946393412
0.2529417411462731678652993039
0.2529417411462731678652993039
0.2529417411462731678652993039
0.2526297186479278452631538856
0.2526297186479278452631538856
0.2526297186479278452631538856
0.2527567910582173047238435278
0.2527567910582173047238435278
0.2527567910582173047238435278
0.2528059441659628819785410047
0.2528059441659628819785410047
0.2528059441659628819785410047
0.2528059441659628819785410047
0.2528076157260157215777532119
0.2528076157260157215777532119
0.2528076157260157215777532119
0.2530191764353494329112127455
0.2530191764353494329112127455
0.2530191764353494329112127455
0.2532436080127453105473453527
0.2532436080127453105473453527
0.2532436080127453105473453527
0.2530918931313579516953180619
0.2530918931313579516953180619
0.2530918931313579516953180619
0.2528688873908618867752501496
0.2528688873908618867752501496
0.2528688873908618867752501496
0.2529554069199005714815818949
0.2529554069199005714815818949
0.2529554069199005714815818949
0.2527793402748527946331587578
0.2527793402748527946331587578
0.2527793402748527946331587578
0.2529953456581146877770976472
0.2529953456581146877770976472
0.2529953456581146877770976472
0.2529953456581146877770976472
0.2528670534125163404238558290
0.2528670534125163404238558290
0.2528670534125163404238558290
0.2530602300619992784779663789
0.2530602300619992784779663789
0.2530602300619992784779663789
0.2533289236176144446794301873
0.2533289236176144446794301873
0.2533289236176144446794301873
0.2535909158119714061874587123
0.2535909158119714061874587123
0.2535909158119714061874587123
0.2538338869083080708251097613
0.2538338869083080708251097613
0.2538338869083080708251097613
0.2538423198216519660357563184
0.2538423198216519660357563184
0.2538423198216519660357563184
0.2534987929575124569260793272
0.2534987929575124569260793272
0.2534987929575124569260793272
0.2534419219032953164916938060
0.2534419219032953164916938060
0.2534419219032953164916938060
0.2534727763276972732783651623
0.2534727763276972732783651623
0.2534727763276972732783651623
0.2534727763276972732783651623
0.2535993593092434055313558905
0.2535993593092434055313558905
0.2535993593092434055313558905
0.2534977810910479952032009461
0.2534977810910479952032009461
0.2534977810910479952032009461
0.2535445668698100865882527898
0.2535445668698100865882527898
0.2535445668698100865882527898
0.2536409947040617039034540865
0.2536409947040617039034540865
0.2536409947040617039034540865
0.2534298992064184242163165434
0.2534298992064184242163165434
0.2534298992064184242163165434
0.2534827969221161369141061765
0.2534827969221161369141061765
0.2534827969221161369141061765
0.2537120761913602242126450802
0.2537120761913602242126450802
0.2537120761913602242126450802
0.2538233251929235463634178248
0.2538233251929235463634178248
0.2538233251929235463634178248
0.2538233251929235463634178248
0.2538906745281645814401647804
0.2538906745281645814401647804
0.2538906745281645814401647804
0.2536390886664871834433452545
0.2536390886664871834433452545
0.2536390886664871834433452545
0.2534921006039312543853404289
0.2534921006039312543853404289
0.2534921006039312543853404289
0.2534073174127730365509547135
0.2534073174127730365509547135
0.2534073174127730365509547135
0.2531189187146518174740104389
0.2531189187146518174740104389
0.2531189187146518174740104389
0.2529995245513997777371817609
0.2529995245513997777371817609
0.2529995245513997777371817609
0.2530194334332359225345161130
0.2530194334332359225345161130
0.2530194334332359225345161130
0.2531751398676467141386965481
0.2531751398676467141386965481
0.2531751398676467141386965481
0.2531751398676467141386965481
0.2530307079573751178871957531
0.2530307079573751178871957531
0.2530307079573751178871957531
0.2530686067900396548092487227
0.2530686067900396548092487227
0.2530686067900396548092487227
0.2530861399279864438826779992
0.2530861399279864438826779992
0.2530861399279864438826779992
0.2532239206025773283936907516
0.2532239206025773283936907516
0.2532239206025773283936907516
0.2530903438879153744933768364
0.2530903438879153744933768364
0.2530903438879153744933768364
0.2528696766617761466124281242
0.2528696766617761466124281242
0.2528696766617761466124281242
0.2527147663552370268652239539
0.2527147663552370268652239539
0.2527147663552370268652239539
0.2525498767382991139201963718
0.2525498767382991139201963718
0.2525498767382991139201963718
0.2528239770090481498226722001
0.2528239770090481498226722001
0.2528239770090481498226722001
0.2528239770090481498226722001
0.2527250292777476859238616993
0.2527250292777476859238616993
0.2527250292777476859238616993
0.2527974218407404533187205450
0.2527974218407404533187205450
0.2527974218407404533187205450
0.2528152473961960500809846506
0.2528152473961960500809846506
0.2528152473961960500809846506
0.2527844879130689704605060222
0.2527844879130689704605060222
0.2527844879130689704605060222
0.2527899852746010606439636220
0.2527899852746010606439636220
0.2527899852746010606439636220
0.2527899852746010606439636220
0.2527897606753987160669907703
0.2527897606753987160669907703
0.2527897606753987160669907703
0.2529450519728035603180133449
0.2529450519728035603180133449
0.2529450519728035603180133449
0.2529058401164521983085272202
0.2529058401164521983085272202
0.2529058401164521983085272202
0.2527106047132089530031776705
0.2527106047132089530031776705
0.2527106047132089530031776705
0.2529267024623543367428583418
0.2529267024623543367428583418
0.2529267024623543367428583418
0.2527803610705961152783519539
0.2527803610705961152783519539
0.2527803610705961152783519539
0.2528000466045977474561861386
0.2528000466045977474561861386
0.2528000466045977474561861386
0.2525539906492651756747929749
0.2525539906492651756747929749
0.2525539906492651756747929749
0.2525539906492651756747929749
0.2524989415770293671106045113
0.2524989415770293671106045113
0.2524989415770293671106045113
0.2525444378198643745330489340
0.2525444378198643745330489340
0.2525444378198643745330489340
0.2527261838576786766545862335
0.2527261838576786766545862335
0.2527261838576786766545862335
0.2524740982155227108588581115
0.2524740982155227108588581115
0.2524740982155227108588581115
0.2523728977008467462160042687
0.2523728977008467462160042687
0.2523728977008467462160042687
0.2524482104908193077115401111
0.2524482104908193077115401111
0.2524482104908193077115401111
0.2522374076248832129604521820
0.2522374076248832129604521820
0.2522374076248832129604521820
0.2522035906041754947052696077
0.2522035906041754947052696077
0.2522035906041754947052696077
0.2522035906041754947052696077
