0.00004749728819362592453067832429
0.00004749728819362592453067832429
0.00004749728819362592453067832429
0.00004749728819362592453067832429
0.00004749728819362592453067832429
0.00004749728819362592453067832429
0.00004749728819362592453067832429
0.00004749728819362592453067832429
0.00004749728819362592453067832429
0.00004749728819362592453067832429
0.00004749728819362592453067832429
0.00004749728819362592453067832429
0.00004749728819362592453067832429
0.00004749728819362592453067832429
0.00004749728819362592453067832429
0.00004411908021184054851470873021
0.00004411908021184054851470873021
0.00004411908021184054851470873021
0.00004411908021184054851470873021
0.00004411908021184054851470873021
0.00004411908021184054851470873021
0.00004411908021184054851470873021
0.00004411908021184054851470873021
0.00004411908021184054851470873021
0.00004411908021184054851470873021
0.00004411908021184054851470873021
0.00004411908021184054851470873021
0.00004411908021184054851470873021
0.00004411908021184054851470873021
0.00004411908021184054851470873021
0.00004411908021184054851470873021
0.00004409972263022863041553264595
0.00004409972263022863041553264595
0.00004409972263022863041553264595
0.00004409972263022863041553264595
0.00004409972263022863041553264595
0.00004409972263022863041553264595
0.00004409972263022863041553264595
0.00004409972263022863041553264595
0.00004409972263022863041553264595
0.00004409972263022863041553264595
0.00004409972263022863041553264595
0.00004409972263022863041553264595
0.00004409972263022863041553264595
0.00004409972263022863041553264595
0.00004409972263022863041553264595
0.00004380651145283680329441961203
0.00004380651145283680329441961203
0.00004380651145283680329441961203
0.00004380651145283680329441961203
0.00004380651145283680329441961203
0.00004380651145283680329441961203
0.00004380651145283680329441961203
0.00004380651145283680329441961203
0.00004380651145283680329441961203
0.00004380651145283680329441961203
0.00004380651145283680329441961203
0.00004380651145283680329441961203
0.00004380651145283680329441961203
0.00004380651145283680329441961203
0.00004380651145283680329441961203
0.00004380651145283680329441961203
0.00004353391285007236184702192351
0.00004353391285007236184702192351
0.00004353391285007236184702192351
0.00004353391285007236184702192351
0.00004353391285007236184702192351
0.00004353391285007236184702192351
0.00004353391285007236184702192351
0.00004353391285007236184702192351
0.00004353391285007236184702192351
0.00004353391285007236184702192351
0.00004353391285007236184702192351
0.00004353391285007236184702192351
0.00004353391285007236184702192351
0.00004353391285007236184702192351
0.00004353391285007236184702192351
0.00004353391285007236184702192351
0.00004452198174774210851320768604
0.00004452198174774210851320768604
0.00004452198174774210851320768604
0.00004452198174774210851320768604
0.00004452198174774210851320768604
0.00004452198174774210851320768604
0.00004452198174774210851320768604
0.00004452198174774210851320768604
0.00004452198174774210851320768604
0.00004452198174774210851320768604
0.00004452198174774210851320768604
0.00004452198174774210851320768604
0.00004452198174774210851320768604
0.00004452198174774210851320768604
0.00004452198174774210851320768604
0.00004485211824711393418894492042
0.00004485211824711393418894492042
0.00004485211824711393418894492042
0.00004485211824711393418894492042
0.00004485211824711393418894492042
0.00004485211824711393418894492042
0.00004485211824711393418894492042
0.00004485211824711393418894492042
0.00004485211824711393418894492042
0.00004485211824711393418894492042
0.00004485211824711393418894492042
0.00004485211824711393418894492042
0.00004485211824711393418894492042
0.00004485211824711393418894492042
0.00004485211824711393418894492042
0.00004485211824711393418894492042
0.00004498204454157697411395664223
0.00004498204454157697411395664223
0.00004498204454157697411395664223
0.00004498204454157697411395664223
0.00004498204454157697411395664223
0.00004498204454157697411395664223
0.00004498204454157697411395664223
0.00004498204454157697411395664223
0.00004498204454157697411395664223
0.00004498204454157697411395664223
0.00004498204454157697411395664223
0.00004498204454157697411395664223
0.00004498204454157697411395664223
0.00004498204454157697411395664223
0.00004498204454157697411395664223
0.00004476256589395849799424515236
0.00004476256589395849799424515236
0.00004476256589395849799424515236
0.00004476256589395849799424515236
0.00004476256589395849799424515236
0.00004476256589395849799424515236
0.00004476256589395849799424515236
0.00004476256589395849799424515236
0.00004476256589395849799424515236
0.00004476256589395849799424515236
0.00004476256589395849799424515236
0.00004476256589395849799424515236
0.00004476256589395849799424515236
0.00004476256589395849799424515236
0.00004476256589395849799424515236
0.00004476256589395849799424515236
0.00004423791300318800132670983615
0.00004423791300318800132670983615
0.00004423791300318800132670983615
0.00004423791300318800132670983615
0.00004423791300318800132670983615
0.00004423791300318800132670983615
0.00004423791300318800132670983615
0.00004423791300318800132670983615
0.00004423791300318800132670983615
0.00004423791300318800132670983615
0.00004423791300318800132670983615
0.00004423791300318800132670983615
0.00004423791300318800132670983615
0.00004423791300318800132670983615
0.00004423791300318800132670983615
0.00004423791300318800132670983615
0.00004411444870526336758262740008
0.00004411444870526336758262740008
0.00004411444870526336758262740008
0.00004411444870526336758262740008
0.00004411444870526336758262740008
0.00004411444870526336758262740008
0.00004411444870526336758262740008
0.00004411444870526336758262740008
0.00004411444870526336758262740008
0.00004411444870526336758262740008
0.00004411444870526336758262740008
0.00004411444870526336758262740008
0.00004411444870526336758262740008
0.00004411444870526336758262740008
0.00004411444870526336758262740008
0.00004430843039928788045917104842
0.00004430843039928788045917104842
0.00004430843039928788045917104842
0.00004430843039928788045917104842
0.00004430843039928788045917104842
0.00004430843039928788045917104842
0.00004430843039928788045917104842
0.00004430843039928788045917104842
0.00004430843039928788045917104842
0.00004430843039928788045917104842
0.00004430843039928788045917104842
0.00004430843039928788045917104842
0.00004430843039928788045917104842
0.00004430843039928788045917104842
0.00004430843039928788045917104842
0.00004430843039928788045917104842
0.00004412279767993817760448967910
0.00004412279767993817760448967910
0.00004412279767993817760448967910
0.00004412279767993817760448967910
0.00004412279767993817760448967910
0.00004412279767993817760448967910
0.00004412279767993817760448967910
0.00004412279767993817760448967910
0.00004412279767993817760448967910
0.00004412279767993817760448967910
0.00004412279767993817760448967910
0.00004412279767993817760448967910
0.00004412279767993817760448967910
0.00004412279767993817760448967910
0.00004412279767993817760448967910
0.00004412279767993817760448967910
0.00004401098611023357651240256731
0.00004401098611023357651240256731
0.00004401098611023357651240256731
0.00004401098611023357651240256731
0.00004401098611023357651240256731
0.00004401098611023357651240256731
0.00004401098611023357651240256731
0.00004401098611023357651240256731
0.00004401098611023357651240256731
0.00004401098611023357651240256731
0.00004401098611023357651240256731
0.00004401098611023357651240256731
0.00004401098611023357651240256731
0.00004401098611023357651240256731
0.00004401098611023357651240256731
0.00004433449601807059621350990120
0.00004433449601807059621350990120
0.00004433449601807059621350990120
0.00004433449601807059621350990120
0.00004433449601807059621350990120
0.00004433449601807059621350990120
0.00004433449601807059621350990120
0.00004433449601807059621350990120
0.00004433449601807059621350990120
0.00004433449601807059621350990120
0.00004433449601807059621350990120
0.00004433449601807059621350990120
0.00004433449601807059621350990120
0.00004433449601807059621350990120
0.00004433449601807059621350990120
0.00004433449601807059621350990120
0.00004474384094477940106219841024
0.00004474384094477940106219841024
0.00004474384094477940106219841024
0.00004474384094477940106219841024
0.00004474384094477940106219841024
0.00004474384094477940106219841024
0.00004474384094477940106219841024
0.00004474384094477940106219841024
0.00004474384094477940106219841024
0.00004474384094477940106219841024
0.00004474384094477940106219841024
0.00004474384094477940106219841024
0.00004474384094477940106219841024
0.00004474384094477940106219841024
0.00004474384094477940106219841024
0.00004474384094477940106219841024
0.00004466008156757904149038713496
0.00004466008156757904149038713496
0.00004466008156757904149038713496
0.00004466008156757904149038713496
0.00004466008156757904149038713496
0.00004466008156757904149038713496
0.00004466008156757904149038713496
0.00004466008156757904149038713496
0.00004466008156757904149038713496
0.00004466008156757904149038713496
0.00004466008156757904149038713496
0.00004466008156757904149038713496
0.00004466008156757904149038713496
0.00004466008156757904149038713496
0.00004466008156757904149038713496
0.00004483117972697283009822141816
0.00004483117972697283009822141816
0.00004483117972697283009822141816
0.00004483117972697283009822141816
0.00004483117972697283009822141816
0.00004483117972697283009822141816
0.00004483117972697283009822141816
0.00004483117972697283009822141816
0.00004483117972697283009822141816
0.00004483117972697283009822141816
0.00004483117972697283009822141816
0.00004483117972697283009822141816
0.00004483117972697283009822141816
0.00004483117972697283009822141816
0.00004483117972697283009822141816
0.00004483117972697283009822141816
0.00004470677616046802738591343360
0.00004470677616046802738591343360
0.00004470677616046802738591343360
0.00004470677616046802738591343360
0.00004470677616046802738591343360
0.00004470677616046802738591343360
0.00004470677616046802738591343360
0.00004470677616046802738591343360
0.00004470677616046802738591343360
0.00004470677616046802738591343360
0.00004470677616046802738591343360
0.00004470677616046802738591343360
0.00004470677616046802738591343360
0.00004470677616046802738591343360
0.00004470677616046802738591343360
0.00004428871190221579889003135933
0.00004428871190221579889003135933
0.00004428871190221579889003135933
0.00004428871190221579889003135933
0.00004428871190221579889003135933
0.00004428871190221579889003135933
0.00004428871190221579889003135933
0.00004428871190221579889003135933
0.00004428871190221579889003135933
0.00004428871190221579889003135933
0.00004428871190221579889003135933
0.00004428871190221579889003135933
0.00004428871190221579889003135933
0.00004428871190221579889003135933
0.00004428871190221579889003135933
0.00004428871190221579889003135933
0.00004431938339738432917810665201
0.00004431938339738432917810665201
0.00004431938339738432917810665201
0.00004431938339738432917810665201
0.00004431938339738432917810665201
0.00004431938339738432917810665201
0.00004431938339738432917810665201
0.00004431938339738432917810665201
0.00004431938339738432917810665201
0.00004431938339738432917810665201
0.00004431938339738432917810665201
0.00004431938339738432917810665201
0.00004431938339738432917810665201
0.00004431938339738432917810665201
0.00004431938339738432917810665201
0.00004431938339738432917810665201
0.00004418401413554537997728491915
0.00004418401413554537997728491915
0.00004418401413554537997728491915
0.00004418401413554537997728491915
0.00004418401413554537997728491915
0.00004418401413554537997728491915
0.00004418401413554537997728491915
0.00004418401413554537997728491915
0.00004418401413554537997728491915
0.00004418401413554537997728491915
0.00004418401413554537997728491915
0.00004418401413554537997728491915
0.00004418401413554537997728491915
0.00004418401413554537997728491915
0.00004418401413554537997728491915
0.00004417069276827712932334453938
0.00004417069276827712932334453938
0.00004417069276827712932334453938
0.00004417069276827712932334453938
0.00004417069276827712932334453938
0.00004417069276827712932334453938
0.00004417069276827712932334453938
0.00004417069276827712932334453938
0.00004417069276827712932334453938
0.00004417069276827712932334453938
0.00004417069276827712932334453938
0.00004417069276827712932334453938
0.00004417069276827712932334453938
0.00004417069276827712932334453938
0.00004417069276827712932334453938
0.00004417069276827712932334453938
0.00004436020119090678646290495379
0.00004436020119090678646290495379
0.00004436020119090678646290495379
0.00004436020119090678646290495379
0.00004436020119090678646290495379
0.00004436020119090678646290495379
0.00004436020119090678646290495379
0.00004436020119090678646290495379
0.00004436020119090678646290495379
0.00004436020119090678646290495379
0.00004436020119090678646290495379
0.00004436020119090678646290495379
0.00004436020119090678646290495379
0.00004436020119090678646290495379
0.00004436020119090678646290495379
0.00004454421958322119456516780348
0.00004454421958322119456516780348
0.00004454421958322119456516780348
0.00004454421958322119456516780348
0.00004454421958322119456516780348
0.00004454421958322119456516780348
0.00004454421958322119456516780348
0.00004454421958322119456516780348
0.00004454421958322119456516780348
0.00004454421958322119456516780348
0.00004454421958322119456516780348
0.00004454421958322119456516780348
0.00004454421958322119456516780348
0.00004454421958322119456516780348
0.00004454421958322119456516780348
0.00004454421958322119456516780348
0.00004469221781510972028420377625
0.00004469221781510972028420377625
0.00004469221781510972028420377625
0.00004469221781510972028420377625
0.00004469221781510972028420377625
0.00004469221781510972028420377625
0.00004469221781510972028420377625
0.00004469221781510972028420377625
0.00004469221781510972028420377625
0.00004469221781510972028420377625
0.00004469221781510972028420377625
0.00004469221781510972028420377625
0.00004469221781510972028420377625
0.00004469221781510972028420377625
0.00004469221781510972028420377625
0.00004469221781510972028420377625
0.00004460237146354962676168760159
0.00004460237146354962676168760159
0.00004460237146354962676168760159
0.00004460237146354962676168760159
0.00004460237146354962676168760159
0.00004460237146354962676168760159
0.00004460237146354962676168760159
0.00004460237146354962676168760159
0.00004460237146354962676168760159
0.00004460237146354962676168760159
0.00004460237146354962676168760159
0.00004460237146354962676168760159
0.00004460237146354962676168760159
0.00004460237146354962676168760159
0.00004460237146354962676168760159
0.00004469088143735844904166574180
0.00004469088143735844904166574180
0.00004469088143735844904166574180
0.00004469088143735844904166574180
0.00004469088143735844904166574180
0.00004469088143735844904166574180
0.00004469088143735844904166574180
0.00004469088143735844904166574180
0.00004469088143735844904166574180
0.00004469088143735844904166574180
0.00004469088143735844904166574180
0.00004469088143735844904166574180
0.00004469088143735844904166574180
0.00004469088143735844904166574180
0.00004469088143735844904166574180
0.00004469088143735844904166574180
0.00004450295040320917390301051050
0.00004450295040320917390301051050
0.00004450295040320917390301051050
0.00004450295040320917390301051050
0.00004450295040320917390301051050
0.00004450295040320917390301051050
0.00004450295040320917390301051050
0.00004450295040320917390301051050
0.00004450295040320917390301051050
0.00004450295040320917390301051050
0.00004450295040320917390301051050
0.00004450295040320917390301051050
0.00004450295040320917390301051050
0.00004450295040320917390301051050
0.00004450295040320917390301051050
0.00004450295040320917390301051050
0.00004440283598639140583818535249
0.00004440283598639140583818535249
0.00004440283598639140583818535249
0.00004440283598639140583818535249
0.00004440283598639140583818535249
0.00004440283598639140583818535249
0.00004440283598639140583818535249
0.00004440283598639140583818535249
0.00004440283598639140583818535249
0.00004440283598639140583818535249
0.00004440283598639140583818535249
0.00004440283598639140583818535249
0.00004440283598639140583818535249
0.00004440283598639140583818535249
0.00004440283598639140583818535249
0.00004443370512136695411393664857
0.00004443370512136695411393664857
0.00004443370512136695411393664857
0.00004443370512136695411393664857
0.00004443370512136695411393664857
0.00004443370512136695411393664857
0.00004443370512136695411393664857
0.00004443370512136695411393664857
0.00004443370512136695411393664857
0.00004443370512136695411393664857
0.00004443370512136695411393664857
0.00004443370512136695411393664857
0.00004443370512136695411393664857
0.00004443370512136695411393664857
0.00004443370512136695411393664857
0.00004443370512136695411393664857
0.00004434122929483756904446446266
0.00004434122929483756904446446266
0.00004434122929483756904446446266
0.00004434122929483756904446446266
0.00004434122929483756904446446266
0.00004434122929483756904446446266
0.00004434122929483756904446446266
0.00004434122929483756904446446266
0.00004434122929483756904446446266
0.00004434122929483756904446446266
0.00004434122929483756904446446266
0.00004434122929483756904446446266
0.00004434122929483756904446446266
0.00004434122929483756904446446266
0.00004434122929483756904446446266
0.00004434122929483756904446446266
