0.00004073634701565387446430260713
0.00004073634701565387446430260713
0.00004073634701565387446430260713
0.00004073634701565387446430260713
0.00004073634701565387446430260713
0.00004073634701565387446430260713
0.00004073634701565387446430260713
0.00004073634701565387446430260713
0.00004073634701565387446430260713
0.00004073634701565387446430260713
0.00004073634701565387446430260713
0.00004073634701565387446430260713
0.00004073634701565387446430260713
0.00004073634701565387446430260713
0.00004073634701565387446430260713
0.00004137097833643862062928084253
0.00004137097833643862062928084253
0.00004137097833643862062928084253
0.00004137097833643862062928084253
0.00004137097833643862062928084253
0.00004137097833643862062928084253
0.00004137097833643862062928084253
0.00004137097833643862062928084253
0.00004137097833643862062928084253
0.00004137097833643862062928084253
0.00004137097833643862062928084253
0.00004137097833643862062928084253
0.00004137097833643862062928084253
0.00004137097833643862062928084253
0.00004137097833643862062928084253
0.00004137097833643862062928084253
0.00004160000826871714399799201757
0.00004160000826871714399799201757
0.00004160000826871714399799201757
0.00004160000826871714399799201757
0.00004160000826871714399799201757
0.00004160000826871714399799201757
0.00004160000826871714399799201757
0.00004160000826871714399799201757
0.00004160000826871714399799201757
0.00004160000826871714399799201757
0.00004160000826871714399799201757
0.00004160000826871714399799201757
0.00004160000826871714399799201757
0.00004160000826871714399799201757
0.00004160000826871714399799201757
0.00004300080624767179474226862085
0.00004300080624767179474226862085
0.00004300080624767179474226862085
0.00004300080624767179474226862085
0.00004300080624767179474226862085
0.00004300080624767179474226862085
0.00004300080624767179474226862085
0.00004300080624767179474226862085
0.00004300080624767179474226862085
0.00004300080624767179474226862085
0.00004300080624767179474226862085
0.00004300080624767179474226862085
0.00004300080624767179474226862085
0.00004300080624767179474226862085
0.00004300080624767179474226862085
0.00004300080624767179474226862085
0.00004376221975567187183338242230
0.00004376221975567187183338242230
0.00004376221975567187183338242230
0.00004376221975567187183338242230
0.00004376221975567187183338242230
0.00004376221975567187183338242230
0.00004376221975567187183338242230
0.00004376221975567187183338242230
0.00004376221975567187183338242230
0.00004376221975567187183338242230
0.00004376221975567187183338242230
0.00004376221975567187183338242230
0.00004376221975567187183338242230
0.00004376221975567187183338242230
0.00004376221975567187183338242230
0.00004376221975567187183338242230
0.00004416804941148850346191998125
0.00004416804941148850346191998125
0.00004416804941148850346191998125
0.00004416804941148850346191998125
0.00004416804941148850346191998125
0.00004416804941148850346191998125
0.00004416804941148850346191998125
0.00004416804941148850346191998125
0.00004416804941148850346191998125
0.00004416804941148850346191998125
0.00004416804941148850346191998125
0.00004416804941148850346191998125
0.00004416804941148850346191998125
0.00004416804941148850346191998125
0.00004416804941148850346191998125
0.00004407550236546221861832068164
0.00004407550236546221861832068164
0.00004407550236546221861832068164
0.00004407550236546221861832068164
0.00004407550236546221861832068164
0.00004407550236546221861832068164
0.00004407550236546221861832068164
0.00004407550236546221861832068164
0.00004407550236546221861832068164
0.00004407550236546221861832068164
0.00004407550236546221861832068164
0.00004407550236546221861832068164
0.00004407550236546221861832068164
0.00004407550236546221861832068164
0.00004407550236546221861832068164
0.00004407550236546221861832068164
0.00004399675549218460989984871697
0.00004399675549218460989984871697
0.00004399675549218460989984871697
0.00004399675549218460989984871697
0.00004399675549218460989984871697
0.00004399675549218460989984871697
0.00004399675549218460989984871697
0.00004399675549218460989984871697
0.00004399675549218460989984871697
0.00004399675549218460989984871697
0.00004399675549218460989984871697
0.00004399675549218460989984871697
0.00004399675549218460989984871697
0.00004399675549218460989984871697
0.00004399675549218460989984871697
0.00004409470259760529074153322996
0.00004409470259760529074153322996
0.00004409470259760529074153322996
0.00004409470259760529074153322996
0.00004409470259760529074153322996
0.00004409470259760529074153322996
0.00004409470259760529074153322996
0.00004409470259760529074153322996
0.00004409470259760529074153322996
0.00004409470259760529074153322996
0.00004409470259760529074153322996
0.00004409470259760529074153322996
0.00004409470259760529074153322996
0.00004409470259760529074153322996
0.00004409470259760529074153322996
0.00004409470259760529074153322996
0.00004358873481490258096223217130
0.00004358873481490258096223217130
0.00004358873481490258096223217130
0.00004358873481490258096223217130
0.00004358873481490258096223217130
0.00004358873481490258096223217130
0.00004358873481490258096223217130
0.00004358873481490258096223217130
0.00004358873481490258096223217130
0.00004358873481490258096223217130
0.00004358873481490258096223217130
0.00004358873481490258096223217130
0.00004358873481490258096223217130
0.00004358873481490258096223217130
0.00004358873481490258096223217130
0.00004358873481490258096223217130
0.00004348588250600684109001077274
0.00004348588250600684109001077274
0.00004348588250600684109001077274
0.00004348588250600684109001077274
0.00004348588250600684109001077274
0.00004348588250600684109001077274
0.00004348588250600684109001077274
0.00004348588250600684109001077274
0.00004348588250600684109001077274
0.00004348588250600684109001077274
0.00004348588250600684109001077274
0.00004348588250600684109001077274
0.00004348588250600684109001077274
0.00004348588250600684109001077274
0.00004348588250600684109001077274
0.00004343265986829733719788336076
0.00004343265986829733719788336076
0.00004343265986829733719788336076
0.00004343265986829733719788336076
0.00004343265986829733719788336076
0.00004343265986829733719788336076
0.00004343265986829733719788336076
0.00004343265986829733719788336076
0.00004343265986829733719788336076
0.00004343265986829733719788336076
0.00004343265986829733719788336076
0.00004343265986829733719788336076
0.00004343265986829733719788336076
0.00004343265986829733719788336076
0.00004343265986829733719788336076
0.00004343265986829733719788336076
0.00004337045191579205346564830077
0.00004337045191579205346564830077
0.00004337045191579205346564830077
0.00004337045191579205346564830077
0.00004337045191579205346564830077
0.00004337045191579205346564830077
0.00004337045191579205346564830077
0.00004337045191579205346564830077
0.00004337045191579205346564830077
0.00004337045191579205346564830077
0.00004337045191579205346564830077
0.00004337045191579205346564830077
0.00004337045191579205346564830077
0.00004337045191579205346564830077
0.00004337045191579205346564830077
0.00004337045191579205346564830077
0.00004366190143843296054967437094
0.00004366190143843296054967437094
0.00004366190143843296054967437094
0.00004366190143843296054967437094
0.00004366190143843296054967437094
0.00004366190143843296054967437094
0.00004366190143843296054967437094
0.00004366190143843296054967437094
0.00004366190143843296054967437094
0.00004366190143843296054967437094
0.00004366190143843296054967437094
0.00004366190143843296054967437094
0.00004366190143843296054967437094
0.00004366190143843296054967437094
0.00004366190143843296054967437094
0.00004339320479570454063977382438
0.00004339320479570454063977382438
0.00004339320479570454063977382438
0.00004339320479570454063977382438
0.00004339320479570454063977382438
0.00004339320479570454063977382438
0.00004339320479570454063977382438
0.00004339320479570454063977382438
0.00004339320479570454063977382438
0.00004339320479570454063977382438
0.00004339320479570454063977382438
0.00004339320479570454063977382438
0.00004339320479570454063977382438
0.00004339320479570454063977382438
0.00004339320479570454063977382438
0.00004339320479570454063977382438
0.00004399020905098162142188824547
0.00004399020905098162142188824547
0.00004399020905098162142188824547
0.00004399020905098162142188824547
0.00004399020905098162142188824547
0.00004399020905098162142188824547
0.00004399020905098162142188824547
0.00004399020905098162142188824547
0.00004399020905098162142188824547
0.00004399020905098162142188824547
0.00004399020905098162142188824547
0.00004399020905098162142188824547
0.00004399020905098162142188824547
0.00004399020905098162142188824547
0.00004399020905098162142188824547
0.00004399020905098162142188824547
0.00004416235705362749705461819424
0.00004416235705362749705461819424
0.00004416235705362749705461819424
0.00004416235705362749705461819424
0.00004416235705362749705461819424
0.00004416235705362749705461819424
0.00004416235705362749705461819424
0.00004416235705362749705461819424
0.00004416235705362749705461819424
0.00004416235705362749705461819424
0.00004416235705362749705461819424
0.00004416235705362749705461819424
0.00004416235705362749705461819424
0.00004416235705362749705461819424
0.00004416235705362749705461819424
0.00004421289847076606617638837198
0.00004421289847076606617638837198
0.00004421289847076606617638837198
0.00004421289847076606617638837198
0.00004421289847076606617638837198
0.00004421289847076606617638837198
0.00004421289847076606617638837198
0.00004421289847076606617638837198
0.00004421289847076606617638837198
0.00004421289847076606617638837198
0.00004421289847076606617638837198
0.00004421289847076606617638837198
0.00004421289847076606617638837198
0.00004421289847076606617638837198
0.00004421289847076606617638837198
0.00004421289847076606617638837198
0.00004412354776638268365280303481
0.00004412354776638268365280303481
0.00004412354776638268365280303481
0.00004412354776638268365280303481
0.00004412354776638268365280303481
0.00004412354776638268365280303481
0.00004412354776638268365280303481
0.00004412354776638268365280303481
0.00004412354776638268365280303481
0.00004412354776638268365280303481
0.00004412354776638268365280303481
0.00004412354776638268365280303481
0.00004412354776638268365280303481
0.00004412354776638268365280303481
0.00004412354776638268365280303481
0.00004423502765408321559224107148
0.00004423502765408321559224107148
0.00004423502765408321559224107148
0.00004423502765408321559224107148
0.00004423502765408321559224107148
0.00004423502765408321559224107148
0.00004423502765408321559224107148
0.00004423502765408321559224107148
0.00004423502765408321559224107148
0.00004423502765408321559224107148
0.00004423502765408321559224107148
0.00004423502765408321559224107148
0.00004423502765408321559224107148
0.00004423502765408321559224107148
0.00004423502765408321559224107148
0.00004423502765408321559224107148
0.00004423838883134906906896643477
0.00004423838883134906906896643477
0.00004423838883134906906896643477
0.00004423838883134906906896643477
0.00004423838883134906906896643477
0.00004423838883134906906896643477
0.00004423838883134906906896643477
0.00004423838883134906906896643477
0.00004423838883134906906896643477
0.00004423838883134906906896643477
0.00004423838883134906906896643477
0.00004423838883134906906896643477
0.00004423838883134906906896643477
0.00004423838883134906906896643477
0.00004423838883134906906896643477
0.00004423838883134906906896643477
0.00004472803178607733256084537289
0.00004472803178607733256084537289
0.00004472803178607733256084537289
0.00004472803178607733256084537289
0.00004472803178607733256084537289
0.00004472803178607733256084537289
0.00004472803178607733256084537289
0.00004472803178607733256084537289
0.00004472803178607733256084537289
0.00004472803178607733256084537289
0.00004472803178607733256084537289
0.00004472803178607733256084537289
0.00004472803178607733256084537289
0.00004472803178607733256084537289
0.00004472803178607733256084537289
0.00004453184250378283697700989546
0.00004453184250378283697700989546
0.00004453184250378283697700989546
0.00004453184250378283697700989546
0.00004453184250378283697700989546
0.00004453184250378283697700989546
0.00004453184250378283697700989546
0.00004453184250378283697700989546
0.00004453184250378283697700989546
0.00004453184250378283697700989546
0.00004453184250378283697700989546
0.00004453184250378283697700989546
0.00004453184250378283697700989546
0.00004453184250378283697700989546
0.00004453184250378283697700989546
0.00004453184250378283697700989546
0.00004432246947257118076757430373
0.00004432246947257118076757430373
0.00004432246947257118076757430373
0.00004432246947257118076757430373
0.00004432246947257118076757430373
0.00004432246947257118076757430373
0.00004432246947257118076757430373
0.00004432246947257118076757430373
0.00004432246947257118076757430373
0.00004432246947257118076757430373
0.00004432246947257118076757430373
0.00004432246947257118076757430373
0.00004432246947257118076757430373
0.00004432246947257118076757430373
0.00004432246947257118076757430373
0.00004423771120607448184601367759
0.00004423771120607448184601367759
0.00004423771120607448184601367759
0.00004423771120607448184601367759
0.00004423771120607448184601367759
0.00004423771120607448184601367759
0.00004423771120607448184601367759
0.00004423771120607448184601367759
0.00004423771120607448184601367759
0.00004423771120607448184601367759
0.00004423771120607448184601367759
0.00004423771120607448184601367759
0.00004423771120607448184601367759
0.00004423771120607448184601367759
0.00004423771120607448184601367759
0.00004423771120607448184601367759
0.00004418039706347632277781821218
0.00004418039706347632277781821218
0.00004418039706347632277781821218
0.00004418039706347632277781821218
0.00004418039706347632277781821218
0.00004418039706347632277781821218
0.00004418039706347632277781821218
0.00004418039706347632277781821218
0.00004418039706347632277781821218
0.00004418039706347632277781821218
0.00004418039706347632277781821218
0.00004418039706347632277781821218
0.00004418039706347632277781821218
0.00004418039706347632277781821218
0.00004418039706347632277781821218
0.00004418039706347632277781821218
0.00004426836815875855079568902356
0.00004426836815875855079568902356
0.00004426836815875855079568902356
0.00004426836815875855079568902356
0.00004426836815875855079568902356
0.00004426836815875855079568902356
0.00004426836815875855079568902356
0.00004426836815875855079568902356
0.00004426836815875855079568902356
0.00004426836815875855079568902356
0.00004426836815875855079568902356
0.00004426836815875855079568902356
0.00004426836815875855079568902356
0.00004426836815875855079568902356
0.00004426836815875855079568902356
0.00004405336752407602003044842954
0.00004405336752407602003044842954
0.00004405336752407602003044842954
0.00004405336752407602003044842954
0.00004405336752407602003044842954
0.00004405336752407602003044842954
0.00004405336752407602003044842954
0.00004405336752407602003044842954
0.00004405336752407602003044842954
0.00004405336752407602003044842954
0.00004405336752407602003044842954
0.00004405336752407602003044842954
0.00004405336752407602003044842954
0.00004405336752407602003044842954
0.00004405336752407602003044842954
0.00004405336752407602003044842954
0.00004416153045342032567262820616
0.00004416153045342032567262820616
0.00004416153045342032567262820616
0.00004416153045342032567262820616
0.00004416153045342032567262820616
0.00004416153045342032567262820616
0.00004416153045342032567262820616
0.00004416153045342032567262820616
0.00004416153045342032567262820616
0.00004416153045342032567262820616
0.00004416153045342032567262820616
0.00004416153045342032567262820616
0.00004416153045342032567262820616
0.00004416153045342032567262820616
0.00004416153045342032567262820616
0.00004416153045342032567262820616
0.00004423376769962994060533787880
0.00004423376769962994060533787880
0.00004423376769962994060533787880
0.00004423376769962994060533787880
0.00004423376769962994060533787880
0.00004423376769962994060533787880
0.00004423376769962994060533787880
0.00004423376769962994060533787880
0.00004423376769962994060533787880
0.00004423376769962994060533787880
0.00004423376769962994060533787880
0.00004423376769962994060533787880
0.00004423376769962994060533787880
0.00004423376769962994060533787880
0.00004423376769962994060533787880
0.00004412589911516657199690348341
0.00004412589911516657199690348341
0.00004412589911516657199690348341
0.00004412589911516657199690348341
0.00004412589911516657199690348341
0.00004412589911516657199690348341
0.00004412589911516657199690348341
0.00004412589911516657199690348341
0.00004412589911516657199690348341
0.00004412589911516657199690348341
0.00004412589911516657199690348341
0.00004412589911516657199690348341
0.00004412589911516657199690348341
0.00004412589911516657199690348341
0.00004412589911516657199690348341
0.00004412589911516657199690348341
0.00004412780160237313376230334260
0.00004412780160237313376230334260
0.00004412780160237313376230334260
0.00004412780160237313376230334260
0.00004412780160237313376230334260
0.00004412780160237313376230334260
0.00004412780160237313376230334260
0.00004412780160237313376230334260
0.00004412780160237313376230334260
0.00004412780160237313376230334260
0.00004412780160237313376230334260
0.00004412780160237313376230334260
0.00004412780160237313376230334260
0.00004412780160237313376230334260
0.00004412780160237313376230334260
0.00004412780160237313376230334260
