0.00004285722643540209708648776992
0.00004285722643540209708648776992
0.00004285722643540209708648776992
0.00004285722643540209708648776992
0.00004285722643540209708648776992
0.00004285722643540209708648776992
0.00004285722643540209708648776992
0.00004285722643540209708648776992
0.00004285722643540209708648776992
0.00004285722643540209708648776992
0.00004285722643540209708648776992
0.00004285722643540209708648776992
0.00004285722643540209708648776992
0.00004285722643540209708648776992
0.00004285722643540209708648776992
0.00004339792158141462176239079803
0.00004339792158141462176239079803
0.00004339792158141462176239079803
0.00004339792158141462176239079803
0.00004339792158141462176239079803
0.00004339792158141462176239079803
0.00004339792158141462176239079803
0.00004339792158141462176239079803
0.00004339792158141462176239079803
0.00004339792158141462176239079803
0.00004339792158141462176239079803
0.00004339792158141462176239079803
0.00004339792158141462176239079803
0.00004339792158141462176239079803
0.00004339792158141462176239079803
0.00004339792158141462176239079803
0.00004385487142651908117023375438
0.00004385487142651908117023375438
0.00004385487142651908117023375438
0.00004385487142651908117023375438
0.00004385487142651908117023375438
0.00004385487142651908117023375438
0.00004385487142651908117023375438
0.00004385487142651908117023375438
0.00004385487142651908117023375438
0.00004385487142651908117023375438
0.00004385487142651908117023375438
0.00004385487142651908117023375438
0.00004385487142651908117023375438
0.00004385487142651908117023375438
0.00004385487142651908117023375438
0.00004425191450031991348936172297
0.00004425191450031991348936172297
0.00004425191450031991348936172297
0.00004425191450031991348936172297
0.00004425191450031991348936172297
0.00004425191450031991348936172297
0.00004425191450031991348936172297
0.00004425191450031991348936172297
0.00004425191450031991348936172297
0.00004425191450031991348936172297
0.00004425191450031991348936172297
0.00004425191450031991348936172297
0.00004425191450031991348936172297
0.00004425191450031991348936172297
0.00004425191450031991348936172297
0.00004425191450031991348936172297
0.00004376732546510838809185187586
0.00004376732546510838809185187586
0.00004376732546510838809185187586
0.00004376732546510838809185187586
0.00004376732546510838809185187586
0.00004376732546510838809185187586
0.00004376732546510838809185187586
0.00004376732546510838809185187586
0.00004376732546510838809185187586
0.00004376732546510838809185187586
0.00004376732546510838809185187586
0.00004376732546510838809185187586
0.00004376732546510838809185187586
0.00004376732546510838809185187586
0.00004376732546510838809185187586
0.00004376732546510838809185187586
0.00004363038930125930333966423819
0.00004363038930125930333966423819
0.00004363038930125930333966423819
0.00004363038930125930333966423819
0.00004363038930125930333966423819
0.00004363038930125930333966423819
0.00004363038930125930333966423819
0.00004363038930125930333966423819
0.00004363038930125930333966423819
0.00004363038930125930333966423819
0.00004363038930125930333966423819
0.00004363038930125930333966423819
0.00004363038930125930333966423819
0.00004363038930125930333966423819
0.00004363038930125930333966423819
0.00004296308777733719858005294742
0.00004296308777733719858005294742
0.00004296308777733719858005294742
0.00004296308777733719858005294742
0.00004296308777733719858005294742
0.00004296308777733719858005294742
0.00004296308777733719858005294742
0.00004296308777733719858005294742
0.00004296308777733719858005294742
0.00004296308777733719858005294742
0.00004296308777733719858005294742
0.00004296308777733719858005294742
0.00004296308777733719858005294742
0.00004296308777733719858005294742
0.00004296308777733719858005294742
0.00004296308777733719858005294742
0.00004260424688695041667833995640
0.00004260424688695041667833995640
0.00004260424688695041667833995640
0.00004260424688695041667833995640
0.00004260424688695041667833995640
0.00004260424688695041667833995640
0.00004260424688695041667833995640
0.00004260424688695041667833995640
0.00004260424688695041667833995640
0.00004260424688695041667833995640
0.00004260424688695041667833995640
0.00004260424688695041667833995640
0.00004260424688695041667833995640
0.00004260424688695041667833995640
0.00004260424688695041667833995640
0.00004283828643993727492530400373
0.00004283828643993727492530400373
0.00004283828643993727492530400373
0.00004283828643993727492530400373
0.00004283828643993727492530400373
0.00004283828643993727492530400373
0.00004283828643993727492530400373
0.00004283828643993727492530400373
0.00004283828643993727492530400373
0.00004283828643993727492530400373
0.00004283828643993727492530400373
0.00004283828643993727492530400373
0.00004283828643993727492530400373
0.00004283828643993727492530400373
0.00004283828643993727492530400373
0.00004283828643993727492530400373
0.00004344000656752607660324377287
0.00004344000656752607660324377287
0.00004344000656752607660324377287
0.00004344000656752607660324377287
0.00004344000656752607660324377287
0.00004344000656752607660324377287
0.00004344000656752607660324377287
0.00004344000656752607660324377287
0.00004344000656752607660324377287
0.00004344000656752607660324377287
0.00004344000656752607660324377287
0.00004344000656752607660324377287
0.00004344000656752607660324377287
0.00004344000656752607660324377287
0.00004344000656752607660324377287
0.00004344000656752607660324377287
0.00004305890760849682691256051789
0.00004305890760849682691256051789
0.00004305890760849682691256051789
0.00004305890760849682691256051789
0.00004305890760849682691256051789
0.00004305890760849682691256051789
0.00004305890760849682691256051789
0.00004305890760849682691256051789
0.00004305890760849682691256051789
0.00004305890760849682691256051789
0.00004305890760849682691256051789
0.00004305890760849682691256051789
0.00004305890760849682691256051789
0.00004305890760849682691256051789
0.00004305890760849682691256051789
0.00004363478319020321995379337346
0.00004363478319020321995379337346
0.00004363478319020321995379337346
0.00004363478319020321995379337346
0.00004363478319020321995379337346
0.00004363478319020321995379337346
0.00004363478319020321995379337346
0.00004363478319020321995379337346
0.00004363478319020321995379337346
0.00004363478319020321995379337346
0.00004363478319020321995379337346
0.00004363478319020321995379337346
0.00004363478319020321995379337346
0.00004363478319020321995379337346
0.00004363478319020321995379337346
0.00004363478319020321995379337346
0.00004349803787567406230826034379
0.00004349803787567406230826034379
0.00004349803787567406230826034379
0.00004349803787567406230826034379
0.00004349803787567406230826034379
0.00004349803787567406230826034379
0.00004349803787567406230826034379
0.00004349803787567406230826034379
0.00004349803787567406230826034379
0.00004349803787567406230826034379
0.00004349803787567406230826034379
0.00004349803787567406230826034379
0.00004349803787567406230826034379
0.00004349803787567406230826034379
0.00004349803787567406230826034379
0.00004349803787567406230826034379
0.00004331570190106661633113516332
0.00004331570190106661633113516332
0.00004331570190106661633113516332
0.00004331570190106661633113516332
0.00004331570190106661633113516332
0.00004331570190106661633113516332
0.00004331570190106661633113516332
0.00004331570190106661633113516332
0.00004331570190106661633113516332
0.00004331570190106661633113516332
0.00004331570190106661633113516332
0.00004331570190106661633113516332
0.00004331570190106661633113516332
0.00004331570190106661633113516332
0.00004331570190106661633113516332
0.00004388833177286982116829241021
0.00004388833177286982116829241021
0.00004388833177286982116829241021
0.00004388833177286982116829241021
0.00004388833177286982116829241021
0.00004388833177286982116829241021
0.00004388833177286982116829241021
0.00004388833177286982116829241021
0.00004388833177286982116829241021
0.00004388833177286982116829241021
0.00004388833177286982116829241021
0.00004388833177286982116829241021
0.00004388833177286982116829241021
0.00004388833177286982116829241021
0.00004388833177286982116829241021
0.00004388833177286982116829241021
0.00004351665406889282968716054765
0.00004351665406889282968716054765
0.00004351665406889282968716054765
0.00004351665406889282968716054765
0.00004351665406889282968716054765
0.00004351665406889282968716054765
0.00004351665406889282968716054765
0.00004351665406889282968716054765
0.00004351665406889282968716054765
0.00004351665406889282968716054765
0.00004351665406889282968716054765
0.00004351665406889282968716054765
0.00004351665406889282968716054765
0.00004351665406889282968716054765
0.00004351665406889282968716054765
0.00004351665406889282968716054765
0.00004355618204916166447933345667
0.00004355618204916166447933345667
0.00004355618204916166447933345667
0.00004355618204916166447933345667
0.00004355618204916166447933345667
0.00004355618204916166447933345667
0.00004355618204916166447933345667
0.00004355618204916166447933345667
0.00004355618204916166447933345667
0.00004355618204916166447933345667
0.00004355618204916166447933345667
0.00004355618204916166447933345667
0.00004355618204916166447933345667
0.00004355618204916166447933345667
0.00004355618204916166447933345667
0.00004350876906772242103996255620
0.00004350876906772242103996255620
0.00004350876906772242103996255620
0.00004350876906772242103996255620
0.00004350876906772242103996255620
0.00004350876906772242103996255620
0.00004350876906772242103996255620
0.00004350876906772242103996255620
0.00004350876906772242103996255620
0.00004350876906772242103996255620
0.00004350876906772242103996255620
0.00004350876906772242103996255620
0.00004350876906772242103996255620
0.00004350876906772242103996255620
0.00004350876906772242103996255620
0.00004350876906772242103996255620
0.00004350409573455211532839679859
0.00004350409573455211532839679859
0.00004350409573455211532839679859
0.00004350409573455211532839679859
0.00004350409573455211532839679859
0.00004350409573455211532839679859
0.00004350409573455211532839679859
0.00004350409573455211532839679859
0.00004350409573455211532839679859
0.00004350409573455211532839679859
0.00004350409573455211532839679859
0.00004350409573455211532839679859
0.00004350409573455211532839679859
0.00004350409573455211532839679859
0.00004350409573455211532839679859
0.00004347518300290614919932912741
0.00004347518300290614919932912741
0.00004347518300290614919932912741
0.00004347518300290614919932912741
0.00004347518300290614919932912741
0.00004347518300290614919932912741
0.00004347518300290614919932912741
0.00004347518300290614919932912741
0.00004347518300290614919932912741
0.00004347518300290614919932912741
0.00004347518300290614919932912741
0.00004347518300290614919932912741
0.00004347518300290614919932912741
0.00004347518300290614919932912741
0.00004347518300290614919932912741
0.00004347518300290614919932912741
0.00004328167095111730132974422767
0.00004328167095111730132974422767
0.00004328167095111730132974422767
0.00004328167095111730132974422767
0.00004328167095111730132974422767
0.00004328167095111730132974422767
0.00004328167095111730132974422767
0.00004328167095111730132974422767
0.00004328167095111730132974422767
0.00004328167095111730132974422767
0.00004328167095111730132974422767
0.00004328167095111730132974422767
0.00004328167095111730132974422767
0.00004328167095111730132974422767
0.00004328167095111730132974422767
0.00004328167095111730132974422767
0.00004318241529805826064183052214
0.00004318241529805826064183052214
0.00004318241529805826064183052214
0.00004318241529805826064183052214
0.00004318241529805826064183052214
0.00004318241529805826064183052214
0.00004318241529805826064183052214
0.00004318241529805826064183052214
0.00004318241529805826064183052214
0.00004318241529805826064183052214
0.00004318241529805826064183052214
0.00004318241529805826064183052214
0.00004318241529805826064183052214
0.00004318241529805826064183052214
0.00004318241529805826064183052214
0.00004309097192887399668773260768
0.00004309097192887399668773260768
0.00004309097192887399668773260768
0.00004309097192887399668773260768
0.00004309097192887399668773260768
0.00004309097192887399668773260768
0.00004309097192887399668773260768
0.00004309097192887399668773260768
0.00004309097192887399668773260768
0.00004309097192887399668773260768
0.00004309097192887399668773260768
0.00004309097192887399668773260768
0.00004309097192887399668773260768
0.00004309097192887399668773260768
0.00004309097192887399668773260768
0.00004309097192887399668773260768
0.00004302460907817796023600833298
0.00004302460907817796023600833298
0.00004302460907817796023600833298
0.00004302460907817796023600833298
0.00004302460907817796023600833298
0.00004302460907817796023600833298
0.00004302460907817796023600833298
0.00004302460907817796023600833298
0.00004302460907817796023600833298
0.00004302460907817796023600833298
0.00004302460907817796023600833298
0.00004302460907817796023600833298
0.00004302460907817796023600833298
0.00004302460907817796023600833298
0.00004302460907817796023600833298
0.00004306804427078478301561442807
0.00004306804427078478301561442807
0.00004306804427078478301561442807
0.00004306804427078478301561442807
0.00004306804427078478301561442807
0.00004306804427078478301561442807
0.00004306804427078478301561442807
0.00004306804427078478301561442807
0.00004306804427078478301561442807
0.00004306804427078478301561442807
0.00004306804427078478301561442807
0.00004306804427078478301561442807
0.00004306804427078478301561442807
0.00004306804427078478301561442807
0.00004306804427078478301561442807
0.00004306804427078478301561442807
0.00004301409836326739622482308066
0.00004301409836326739622482308066
0.00004301409836326739622482308066
0.00004301409836326739622482308066
0.00004301409836326739622482308066
0.00004301409836326739622482308066
0.00004301409836326739622482308066
0.00004301409836326739622482308066
0.00004301409836326739622482308066
0.00004301409836326739622482308066
0.00004301409836326739622482308066
0.00004301409836326739622482308066
0.00004301409836326739622482308066
0.00004301409836326739622482308066
0.00004301409836326739622482308066
0.00004301409836326739622482308066
0.00004307656303578067639638583414
0.00004307656303578067639638583414
0.00004307656303578067639638583414
0.00004307656303578067639638583414
0.00004307656303578067639638583414
0.00004307656303578067639638583414
0.00004307656303578067639638583414
0.00004307656303578067639638583414
0.00004307656303578067639638583414
0.00004307656303578067639638583414
0.00004307656303578067639638583414
0.00004307656303578067639638583414
0.00004307656303578067639638583414
0.00004307656303578067639638583414
0.00004307656303578067639638583414
0.00004291453194293033767622709281
0.00004291453194293033767622709281
0.00004291453194293033767622709281
0.00004291453194293033767622709281
0.00004291453194293033767622709281
0.00004291453194293033767622709281
0.00004291453194293033767622709281
0.00004291453194293033767622709281
0.00004291453194293033767622709281
0.00004291453194293033767622709281
0.00004291453194293033767622709281
0.00004291453194293033767622709281
0.00004291453194293033767622709281
0.00004291453194293033767622709281
0.00004291453194293033767622709281
0.00004291453194293033767622709281
0.00004297204232710884461017905896
0.00004297204232710884461017905896
0.00004297204232710884461017905896
0.00004297204232710884461017905896
0.00004297204232710884461017905896
0.00004297204232710884461017905896
0.00004297204232710884461017905896
0.00004297204232710884461017905896
0.00004297204232710884461017905896
0.00004297204232710884461017905896
0.00004297204232710884461017905896
0.00004297204232710884461017905896
0.00004297204232710884461017905896
0.00004297204232710884461017905896
0.00004297204232710884461017905896
0.00004297204232710884461017905896
0.00004306319225060703910265534234
0.00004306319225060703910265534234
0.00004306319225060703910265534234
0.00004306319225060703910265534234
0.00004306319225060703910265534234
0.00004306319225060703910265534234
0.00004306319225060703910265534234
0.00004306319225060703910265534234
0.00004306319225060703910265534234
0.00004306319225060703910265534234
0.00004306319225060703910265534234
0.00004306319225060703910265534234
0.00004306319225060703910265534234
0.00004306319225060703910265534234
0.00004306319225060703910265534234
0.00004310970530187142453593176719
0.00004310970530187142453593176719
0.00004310970530187142453593176719
0.00004310970530187142453593176719
0.00004310970530187142453593176719
0.00004310970530187142453593176719
0.00004310970530187142453593176719
0.00004310970530187142453593176719
0.00004310970530187142453593176719
0.00004310970530187142453593176719
0.00004310970530187142453593176719
0.00004310970530187142453593176719
0.00004310970530187142453593176719
0.00004310970530187142453593176719
0.00004310970530187142453593176719
0.00004310970530187142453593176719
0.00004307580550026061736895972748
0.00004307580550026061736895972748
0.00004307580550026061736895972748
0.00004307580550026061736895972748
0.00004307580550026061736895972748
0.00004307580550026061736895972748
0.00004307580550026061736895972748
0.00004307580550026061736895972748
0.00004307580550026061736895972748
0.00004307580550026061736895972748
0.00004307580550026061736895972748
0.00004307580550026061736895972748
0.00004307580550026061736895972748
0.00004307580550026061736895972748
0.00004307580550026061736895972748
0.00004307580550026061736895972748
