0.2418319286258690544434267570
0.2418319286258690544434267570
0.2418319286258690544434267570
0.2418319286258690544434267570
0.2418319286258690544434267570
0.2418319286258690544434267570
0.2418319286258690544434267570
0.2418319286258690544434267570
0.2418319286258690544434267570
0.2418319286258690544434267570
0.2418319286258690544434267570
0.2418319286258690544434267570
0.2418319286258690544434267570
0.2418319286258690544434267570
0.2418319286258690544434267570
0.2502495491090327938343425782
0.2502495491090327938343425782
0.2502495491090327938343425782
0.2502495491090327938343425782
0.2502495491090327938343425782
0.2502495491090327938343425782
0.2502495491090327938343425782
0.2502495491090327938343425782
0.2502495491090327938343425782
0.2502495491090327938343425782
0.2502495491090327938343425782
0.2502495491090327938343425782
0.2502495491090327938343425782
0.2502495491090327938343425782
0.2502495491090327938343425782
0.2502495491090327938343425782
0.2515070737862794661902982445
0.2515070737862794661902982445
0.2515070737862794661902982445
0.2515070737862794661902982445
0.2515070737862794661902982445
0.2515070737862794661902982445
0.2515070737862794661902982445
0.2515070737862794661902982445
0.2515070737862794661902982445
0.2515070737862794661902982445
0.2515070737862794661902982445
0.2515070737862794661902982445
0.2515070737862794661902982445
0.2515070737862794661902982445
0.2515070737862794661902982445
0.2505576398910924572686563493
0.2505576398910924572686563493
0.2505576398910924572686563493
0.2505576398910924572686563493
0.2505576398910924572686563493
0.2505576398910924572686563493
0.2505576398910924572686563493
0.2505576398910924572686563493
0.2505576398910924572686563493
0.2505576398910924572686563493
0.2505576398910924572686563493
0.2505576398910924572686563493
0.2505576398910924572686563493
0.2505576398910924572686563493
0.2505576398910924572686563493
0.2505576398910924572686563493
0.2477242230796122737769792237
0.2477242230796122737769792237
0.2477242230796122737769792237
0.2477242230796122737769792237
0.2477242230796122737769792237
0.2477242230796122737769792237
0.2477242230796122737769792237
0.2477242230796122737769792237
0.2477242230796122737769792237
0.2477242230796122737769792237
0.2477242230796122737769792237
0.2477242230796122737769792237
0.2477242230796122737769792237
0.2477242230796122737769792237
0.2477242230796122737769792237
0.2477242230796122737769792237
0.2490525331438044976772165351
0.2490525331438044976772165351
0.2490525331438044976772165351
0.2490525331438044976772165351
0.2490525331438044976772165351
0.2490525331438044976772165351
0.2490525331438044976772165351
0.2490525331438044976772165351
0.2490525331438044976772165351
0.2490525331438044976772165351
0.2490525331438044976772165351
0.2490525331438044976772165351
0.2490525331438044976772165351
0.2490525331438044976772165351
0.2490525331438044976772165351
0.2479646143032121550958164434
0.2479646143032121550958164434
0.2479646143032121550958164434
0.2479646143032121550958164434
0.2479646143032121550958164434
0.2479646143032121550958164434
0.2479646143032121550958164434
0.2479646143032121550958164434
0.2479646143032121550958164434
0.2479646143032121550958164434
0.2479646143032121550958164434
0.2479646143032121550958164434
0.2479646143032121550958164434
0.2479646143032121550958164434
0.2479646143032121550958164434
0.2479646143032121550958164434
0.2493727746668247468229049799
0.2493727746668247468229049799
0.2493727746668247468229049799
0.2493727746668247468229049799
0.2493727746668247468229049799
0.2493727746668247468229049799
0.2493727746668247468229049799
0.2493727746668247468229049799
0.2493727746668247468229049799
0.2493727746668247468229049799
0.2493727746668247468229049799
0.2493727746668247468229049799
0.2493727746668247468229049799
0.2493727746668247468229049799
0.2493727746668247468229049799
0.2489918932061921800721932196
0.2489918932061921800721932196
0.2489918932061921800721932196
0.2489918932061921800721932196
0.2489918932061921800721932196
0.2489918932061921800721932196
0.2489918932061921800721932196
0.2489918932061921800721932196
0.2489918932061921800721932196
0.2489918932061921800721932196
0.2489918932061921800721932196
0.2489918932061921800721932196
0.2489918932061921800721932196
0.2489918932061921800721932196
0.2489918932061921800721932196
0.2489918932061921800721932196
0.2499954471522791387610889426
0.2499954471522791387610889426
0.2499954471522791387610889426
0.2499954471522791387610889426
0.2499954471522791387610889426
0.2499954471522791387610889426
0.2499954471522791387610889426
0.2499954471522791387610889426
0.2499954471522791387610889426
0.2499954471522791387610889426
0.2499954471522791387610889426
0.2499954471522791387610889426
0.2499954471522791387610889426
0.2499954471522791387610889426
0.2499954471522791387610889426
0.2499954471522791387610889426
0.2490806225259849610014607747
0.2490806225259849610014607747
0.2490806225259849610014607747
0.2490806225259849610014607747
0.2490806225259849610014607747
0.2490806225259849610014607747
0.2490806225259849610014607747
0.2490806225259849610014607747
0.2490806225259849610014607747
0.2490806225259849610014607747
0.2490806225259849610014607747
0.2490806225259849610014607747
0.2490806225259849610014607747
0.2490806225259849610014607747
0.2490806225259849610014607747
0.2507049185965286164229074029
0.2507049185965286164229074029
0.2507049185965286164229074029
0.2507049185965286164229074029
0.2507049185965286164229074029
0.2507049185965286164229074029
0.2507049185965286164229074029
0.2507049185965286164229074029
0.2507049185965286164229074029
0.2507049185965286164229074029
0.2507049185965286164229074029
0.2507049185965286164229074029
0.2507049185965286164229074029
0.2507049185965286164229074029
0.2507049185965286164229074029
0.2507049185965286164229074029
0.2510642501323467631430438000
0.2510642501323467631430438000
0.2510642501323467631430438000
0.2510642501323467631430438000
0.2510642501323467631430438000
0.2510642501323467631430438000
0.2510642501323467631430438000
0.2510642501323467631430438000
0.2510642501323467631430438000
0.2510642501323467631430438000
0.2510642501323467631430438000
0.2510642501323467631430438000
0.2510642501323467631430438000
0.2510642501323467631430438000
0.2510642501323467631430438000
0.2510642501323467631430438000
0.2513650665898285248366784887
0.2513650665898285248366784887
0.2513650665898285248366784887
0.2513650665898285248366784887
0.2513650665898285248366784887
0.2513650665898285248366784887
0.2513650665898285248366784887
0.2513650665898285248366784887
0.2513650665898285248366784887
0.2513650665898285248366784887
0.2513650665898285248366784887
0.2513650665898285248366784887
0.2513650665898285248366784887
0.2513650665898285248366784887
0.2513650665898285248366784887
0.2502049577540314033171250803
0.2502049577540314033171250803
0.2502049577540314033171250803
0.2502049577540314033171250803
0.2502049577540314033171250803
0.2502049577540314033171250803
0.2502049577540314033171250803
0.2502049577540314033171250803
0.2502049577540314033171250803
0.2502049577540314033171250803
0.2502049577540314033171250803
0.2502049577540314033171250803
0.2502049577540314033171250803
0.2502049577540314033171250803
0.2502049577540314033171250803
0.2502049577540314033171250803
0.2504386936772940329877367323
0.2504386936772940329877367323
0.2504386936772940329877367323
0.2504386936772940329877367323
0.2504386936772940329877367323
0.2504386936772940329877367323
0.2504386936772940329877367323
0.2504386936772940329877367323
0.2504386936772940329877367323
0.2504386936772940329877367323
0.2504386936772940329877367323
0.2504386936772940329877367323
0.2504386936772940329877367323
0.2504386936772940329877367323
0.2504386936772940329877367323
0.2504386936772940329877367323
0.2509677734793979554538244434
0.2509677734793979554538244434
0.2509677734793979554538244434
0.2509677734793979554538244434
0.2509677734793979554538244434
0.2509677734793979554538244434
0.2509677734793979554538244434
0.2509677734793979554538244434
0.2509677734793979554538244434
0.2509677734793979554538244434
0.2509677734793979554538244434
0.2509677734793979554538244434
0.2509677734793979554538244434
0.2509677734793979554538244434
0.2509677734793979554538244434
0.2508024557297285944119255386
0.2508024557297285944119255386
0.2508024557297285944119255386
0.2508024557297285944119255386
0.2508024557297285944119255386
0.2508024557297285944119255386
0.2508024557297285944119255386
0.2508024557297285944119255386
0.2508024557297285944119255386
0.2508024557297285944119255386
0.2508024557297285944119255386
0.2508024557297285944119255386
0.2508024557297285944119255386
0.2508024557297285944119255386
0.2508024557297285944119255386
0.2508024557297285944119255386
0.2501734209001372284504419106
0.2501734209001372284504419106
0.2501734209001372284504419106
0.2501734209001372284504419106
0.2501734209001372284504419106
0.2501734209001372284504419106
0.2501734209001372284504419106
0.2501734209001372284504419106
0.2501734209001372284504419106
0.2501734209001372284504419106
0.2501734209001372284504419106
0.2501734209001372284504419106
0.2501734209001372284504419106
0.2501734209001372284504419106
0.2501734209001372284504419106
0.2495108527408531109580272345
0.2495108527408531109580272345
0.2495108527408531109580272345
0.2495108527408531109580272345
0.2495108527408531109580272345
0.2495108527408531109580272345
0.2495108527408531109580272345
0.2495108527408531109580272345
0.2495108527408531109580272345
0.2495108527408531109580272345
0.2495108527408531109580272345
0.2495108527408531109580272345
0.2495108527408531109580272345
0.2495108527408531109580272345
0.2495108527408531109580272345
0.2495108527408531109580272345
0.2505321445739537294519348595
0.2505321445739537294519348595
0.2505321445739537294519348595
0.2505321445739537294519348595
0.2505321445739537294519348595
0.2505321445739537294519348595
0.2505321445739537294519348595
0.2505321445739537294519348595
0.2505321445739537294519348595
0.2505321445739537294519348595
0.2505321445739537294519348595
0.2505321445739537294519348595
0.2505321445739537294519348595
0.2505321445739537294519348595
0.2505321445739537294519348595
0.2505321445739537294519348595
0.2510164697233620006903974799
0.2510164697233620006903974799
0.2510164697233620006903974799
0.2510164697233620006903974799
0.2510164697233620006903974799
0.2510164697233620006903974799
0.2510164697233620006903974799
0.2510164697233620006903974799
0.2510164697233620006903974799
0.2510164697233620006903974799
0.2510164697233620006903974799
0.2510164697233620006903974799
0.2510164697233620006903974799
0.2510164697233620006903974799
0.2510164697233620006903974799
0.2505978353357979328918731640
0.2505978353357979328918731640
0.2505978353357979328918731640
0.2505978353357979328918731640
0.2505978353357979328918731640
0.2505978353357979328918731640
0.2505978353357979328918731640
0.2505978353357979328918731640
0.2505978353357979328918731640
0.2505978353357979328918731640
0.2505978353357979328918731640
0.2505978353357979328918731640
0.2505978353357979328918731640
0.2505978353357979328918731640
0.2505978353357979328918731640
0.2505978353357979328918731640
0.2503775985104290736109646372
0.2503775985104290736109646372
0.2503775985104290736109646372
0.2503775985104290736109646372
0.2503775985104290736109646372
0.2503775985104290736109646372
0.2503775985104290736109646372
0.2503775985104290736109646372
0.2503775985104290736109646372
0.2503775985104290736109646372
0.2503775985104290736109646372
0.2503775985104290736109646372
0.2503775985104290736109646372
0.2503775985104290736109646372
0.2503775985104290736109646372
0.2505244192983538445375523085
0.2505244192983538445375523085
0.2505244192983538445375523085
0.2505244192983538445375523085
0.2505244192983538445375523085
0.2505244192983538445375523085
0.2505244192983538445375523085
0.2505244192983538445375523085
0.2505244192983538445375523085
0.2505244192983538445375523085
0.2505244192983538445375523085
0.2505244192983538445375523085
0.2505244192983538445375523085
0.2505244192983538445375523085
0.2505244192983538445375523085
0.2505244192983538445375523085
0.2508053960044570974199231198
0.2508053960044570974199231198
0.2508053960044570974199231198
0.2508053960044570974199231198
0.2508053960044570974199231198
0.2508053960044570974199231198
0.2508053960044570974199231198
0.2508053960044570974199231198
0.2508053960044570974199231198
0.2508053960044570974199231198
0.2508053960044570974199231198
0.2508053960044570974199231198
0.2508053960044570974199231198
0.2508053960044570974199231198
0.2508053960044570974199231198
0.2508053960044570974199231198
0.2508481233657564269837169536
0.2508481233657564269837169536
0.2508481233657564269837169536
0.2508481233657564269837169536
0.2508481233657564269837169536
0.2508481233657564269837169536
0.2508481233657564269837169536
0.2508481233657564269837169536
0.2508481233657564269837169536
0.2508481233657564269837169536
0.2508481233657564269837169536
0.2508481233657564269837169536
0.2508481233657564269837169536
0.2508481233657564269837169536
0.2508481233657564269837169536
0.2508109851975814255471329253
0.2508109851975814255471329253
0.2508109851975814255471329253
0.2508109851975814255471329253
0.2508109851975814255471329253
0.2508109851975814255471329253
0.2508109851975814255471329253
0.2508109851975814255471329253
0.2508109851975814255471329253
0.2508109851975814255471329253
0.2508109851975814255471329253
0.2508109851975814255471329253
0.2508109851975814255471329253
0.2508109851975814255471329253
0.2508109851975814255471329253
0.2508109851975814255471329253
0.2507194556751932792914545686
0.2507194556751932792914545686
0.2507194556751932792914545686
0.2507194556751932792914545686
0.2507194556751932792914545686
0.2507194556751932792914545686
0.2507194556751932792914545686
0.2507194556751932792914545686
0.2507194556751932792914545686
0.2507194556751932792914545686
0.2507194556751932792914545686
0.2507194556751932792914545686
0.2507194556751932792914545686
0.2507194556751932792914545686
0.2507194556751932792914545686
0.2507194556751932792914545686
0.2508328992958884965981106475
0.2508328992958884965981106475
0.2508328992958884965981106475
0.2508328992958884965981106475
0.2508328992958884965981106475
0.2508328992958884965981106475
0.2508328992958884965981106475
0.2508328992958884965981106475
0.2508328992958884965981106475
0.2508328992958884965981106475
0.2508328992958884965981106475
0.2508328992958884965981106475
0.2508328992958884965981106475
0.2508328992958884965981106475
0.2508328992958884965981106475
0.2511132217038446244715684136
0.2511132217038446244715684136
0.2511132217038446244715684136
0.2511132217038446244715684136
0.2511132217038446244715684136
0.2511132217038446244715684136
0.2511132217038446244715684136
0.2511132217038446244715684136
0.2511132217038446244715684136
0.2511132217038446244715684136
0.2511132217038446244715684136
0.2511132217038446244715684136
0.2511132217038446244715684136
0.2511132217038446244715684136
0.2511132217038446244715684136
0.2511132217038446244715684136
0.2510307096529407488234291505
0.2510307096529407488234291505
0.2510307096529407488234291505
0.2510307096529407488234291505
0.2510307096529407488234291505
0.2510307096529407488234291505
0.2510307096529407488234291505
0.2510307096529407488234291505
0.2510307096529407488234291505
0.2510307096529407488234291505
0.2510307096529407488234291505
0.2510307096529407488234291505
0.2510307096529407488234291505
0.2510307096529407488234291505
0.2510307096529407488234291505
0.2510307096529407488234291505
