0.2677400409599031357533876670
0.2677400409599031357533876670
0.2677400409599031357533876670
0.2677400409599031357533876670
0.2677400409599031357533876670
0.2677400409599031357533876670
0.2677400409599031357533876670
0.2677400409599031357533876670
0.2677400409599031357533876670
0.2677400409599031357533876670
0.2677400409599031357533876670
0.2677400409599031357533876670
0.2677400409599031357533876670
0.2677400409599031357533876670
0.2677400409599031357533876670
0.2611236647840539828671490510
0.2611236647840539828671490510
0.2611236647840539828671490510
0.2611236647840539828671490510
0.2611236647840539828671490510
0.2611236647840539828671490510
0.2611236647840539828671490510
0.2611236647840539828671490510
0.2611236647840539828671490510
0.2611236647840539828671490510
0.2611236647840539828671490510
0.2611236647840539828671490510
0.2611236647840539828671490510
0.2611236647840539828671490510
0.2611236647840539828671490510
0.2611236647840539828671490510
0.2574583341090662728278432796
0.2574583341090662728278432796
0.2574583341090662728278432796
0.2574583341090662728278432796
0.2574583341090662728278432796
0.2574583341090662728278432796
0.2574583341090662728278432796
0.2574583341090662728278432796
0.2574583341090662728278432796
0.2574583341090662728278432796
0.2574583341090662728278432796
0.2574583341090662728278432796
0.2574583341090662728278432796
0.2574583341090662728278432796
0.2574583341090662728278432796
0.2515414640277392795695196041
0.2515414640277392795695196041
0.2515414640277392795695196041
0.2515414640277392795695196041
0.2515414640277392795695196041
0.2515414640277392795695196041
0.2515414640277392795695196041
0.2515414640277392795695196041
0.2515414640277392795695196041
0.2515414640277392795695196041
0.2515414640277392795695196041
0.2515414640277392795695196041
0.2515414640277392795695196041
0.2515414640277392795695196041
0.2515414640277392795695196041
0.2515414640277392795695196041
0.2511749769221973018030872589
0.2511749769221973018030872589
0.2511749769221973018030872589
0.2511749769221973018030872589
0.2511749769221973018030872589
0.2511749769221973018030872589
0.2511749769221973018030872589
0.2511749769221973018030872589
0.2511749769221973018030872589
0.2511749769221973018030872589
0.2511749769221973018030872589
0.2511749769221973018030872589
0.2511749769221973018030872589
0.2511749769221973018030872589
0.2511749769221973018030872589
0.2511749769221973018030872589
0.2515745118981857732011637379
0.2515745118981857732011637379
0.2515745118981857732011637379
0.2515745118981857732011637379
0.2515745118981857732011637379
0.2515745118981857732011637379
0.2515745118981857732011637379
0.2515745118981857732011637379
0.2515745118981857732011637379
0.2515745118981857732011637379
0.2515745118981857732011637379
0.2515745118981857732011637379
0.2515745118981857732011637379
0.2515745118981857732011637379
0.2515745118981857732011637379
0.2495387494736861371659828983
0.2495387494736861371659828983
0.2495387494736861371659828983
0.2495387494736861371659828983
0.2495387494736861371659828983
0.2495387494736861371659828983
0.2495387494736861371659828983
0.2495387494736861371659828983
0.2495387494736861371659828983
0.2495387494736861371659828983
0.2495387494736861371659828983
0.2495387494736861371659828983
0.2495387494736861371659828983
0.2495387494736861371659828983
0.2495387494736861371659828983
0.2495387494736861371659828983
0.2500257862970873840924427782
0.2500257862970873840924427782
0.2500257862970873840924427782
0.2500257862970873840924427782
0.2500257862970873840924427782
0.2500257862970873840924427782
0.2500257862970873840924427782
0.2500257862970873840924427782
0.2500257862970873840924427782
0.2500257862970873840924427782
0.2500257862970873840924427782
0.2500257862970873840924427782
0.2500257862970873840924427782
0.2500257862970873840924427782
0.2500257862970873840924427782
0.2490940725326147320782260128
0.2490940725326147320782260128
0.2490940725326147320782260128
0.2490940725326147320782260128
0.2490940725326147320782260128
0.2490940725326147320782260128
0.2490940725326147320782260128
0.2490940725326147320782260128
0.2490940725326147320782260128
0.2490940725326147320782260128
0.2490940725326147320782260128
0.2490940725326147320782260128
0.2490940725326147320782260128
0.2490940725326147320782260128
0.2490940725326147320782260128
0.2490940725326147320782260128
0.2498061263998023105367813008
0.2498061263998023105367813008
0.2498061263998023105367813008
0.2498061263998023105367813008
0.2498061263998023105367813008
0.2498061263998023105367813008
0.2498061263998023105367813008
0.2498061263998023105367813008
0.2498061263998023105367813008
0.2498061263998023105367813008
0.2498061263998023105367813008
0.2498061263998023105367813008
0.2498061263998023105367813008
0.2498061263998023105367813008
0.2498061263998023105367813008
0.2498061263998023105367813008
0.2505237006111312254002721589
0.2505237006111312254002721589
0.2505237006111312254002721589
0.2505237006111312254002721589
0.2505237006111312254002721589
0.2505237006111312254002721589
0.2505237006111312254002721589
0.2505237006111312254002721589
0.2505237006111312254002721589
0.2505237006111312254002721589
0.2505237006111312254002721589
0.2505237006111312254002721589
0.2505237006111312254002721589
0.2505237006111312254002721589
0.2505237006111312254002721589
0.2501920138732708007663180578
0.2501920138732708007663180578
0.2501920138732708007663180578
0.2501920138732708007663180578
0.2501920138732708007663180578
0.2501920138732708007663180578
0.2501920138732708007663180578
0.2501920138732708007663180578
0.2501920138732708007663180578
0.2501920138732708007663180578
0.2501920138732708007663180578
0.2501920138732708007663180578
0.2501920138732708007663180578
0.2501920138732708007663180578
0.2501920138732708007663180578
0.2501920138732708007663180578
0.2501878158942943466548066110
0.2501878158942943466548066110
0.2501878158942943466548066110
0.2501878158942943466548066110
0.2501878158942943466548066110
0.2501878158942943466548066110
0.2501878158942943466548066110
0.2501878158942943466548066110
0.2501878158942943466548066110
0.2501878158942943466548066110
0.2501878158942943466548066110
0.2501878158942943466548066110
0.2501878158942943466548066110
0.2501878158942943466548066110
0.2501878158942943466548066110
0.2501878158942943466548066110
0.2504830780953069963086318629
0.2504830780953069963086318629
0.2504830780953069963086318629
0.2504830780953069963086318629
0.2504830780953069963086318629
0.2504830780953069963086318629
0.2504830780953069963086318629
0.2504830780953069963086318629
0.2504830780953069963086318629
0.2504830780953069963086318629
0.2504830780953069963086318629
0.2504830780953069963086318629
0.2504830780953069963086318629
0.2504830780953069963086318629
0.2504830780953069963086318629
0.2506196124241827223386755620
0.2506196124241827223386755620
0.2506196124241827223386755620
0.2506196124241827223386755620
0.2506196124241827223386755620
0.2506196124241827223386755620
0.2506196124241827223386755620
0.2506196124241827223386755620
0.2506196124241827223386755620
0.2506196124241827223386755620
0.2506196124241827223386755620
0.2506196124241827223386755620
0.2506196124241827223386755620
0.2506196124241827223386755620
0.2506196124241827223386755620
0.2506196124241827223386755620
0.2518643225909319717257071366
0.2518643225909319717257071366
0.2518643225909319717257071366
0.2518643225909319717257071366
0.2518643225909319717257071366
0.2518643225909319717257071366
0.2518643225909319717257071366
0.2518643225909319717257071366
0.2518643225909319717257071366
0.2518643225909319717257071366
0.2518643225909319717257071366
0.2518643225909319717257071366
0.2518643225909319717257071366
0.2518643225909319717257071366
0.2518643225909319717257071366
0.2518643225909319717257071366
0.2513820879889684871713725410
0.2513820879889684871713725410
0.2513820879889684871713725410
0.2513820879889684871713725410
0.2513820879889684871713725410
0.2513820879889684871713725410
0.2513820879889684871713725410
0.2513820879889684871713725410
0.2513820879889684871713725410
0.2513820879889684871713725410
0.2513820879889684871713725410
0.2513820879889684871713725410
0.2513820879889684871713725410
0.2513820879889684871713725410
0.2513820879889684871713725410
0.2521198583400245015751478388
0.2521198583400245015751478388
0.2521198583400245015751478388
0.2521198583400245015751478388
0.2521198583400245015751478388
0.2521198583400245015751478388
0.2521198583400245015751478388
0.2521198583400245015751478388
0.2521198583400245015751478388
0.2521198583400245015751478388
0.2521198583400245015751478388
0.2521198583400245015751478388
0.2521198583400245015751478388
0.2521198583400245015751478388
0.2521198583400245015751478388
0.2521198583400245015751478388
0.2527311744667206231389313925
0.2527311744667206231389313925
0.2527311744667206231389313925
0.2527311744667206231389313925
0.2527311744667206231389313925
0.2527311744667206231389313925
0.2527311744667206231389313925
0.2527311744667206231389313925
0.2527311744667206231389313925
0.2527311744667206231389313925
0.2527311744667206231389313925
0.2527311744667206231389313925
0.2527311744667206231389313925
0.2527311744667206231389313925
0.2527311744667206231389313925
0.2527550945539766415258751624
0.2527550945539766415258751624
0.2527550945539766415258751624
0.2527550945539766415258751624
0.2527550945539766415258751624
0.2527550945539766415258751624
0.2527550945539766415258751624
0.2527550945539766415258751624
0.2527550945539766415258751624
0.2527550945539766415258751624
0.2527550945539766415258751624
0.2527550945539766415258751624
0.2527550945539766415258751624
0.2527550945539766415258751624
0.2527550945539766415258751624
0.2527550945539766415258751624
0.2527947930880886687009988172
0.2527947930880886687009988172
0.2527947930880886687009988172
0.2527947930880886687009988172
0.2527947930880886687009988172
0.2527947930880886687009988172
0.2527947930880886687009988172
0.2527947930880886687009988172
0.2527947930880886687009988172
0.2527947930880886687009988172
0.2527947930880886687009988172
0.2527947930880886687009988172
0.2527947930880886687009988172
0.2527947930880886687009988172
0.2527947930880886687009988172
0.2527947930880886687009988172
0.2528541026130021165918636298
0.2528541026130021165918636298
0.2528541026130021165918636298
0.2528541026130021165918636298
0.2528541026130021165918636298
0.2528541026130021165918636298
0.2528541026130021165918636298
0.2528541026130021165918636298
0.2528541026130021165918636298
0.2528541026130021165918636298
0.2528541026130021165918636298
0.2528541026130021165918636298
0.2528541026130021165918636298
0.2528541026130021165918636298
0.2528541026130021165918636298
0.2522479342251099606095233617
0.2522479342251099606095233617
0.2522479342251099606095233617
0.2522479342251099606095233617
0.2522479342251099606095233617
0.2522479342251099606095233617
0.2522479342251099606095233617
0.2522479342251099606095233617
0.2522479342251099606095233617
0.2522479342251099606095233617
0.2522479342251099606095233617
0.2522479342251099606095233617
0.2522479342251099606095233617
0.2522479342251099606095233617
0.2522479342251099606095233617
0.2522479342251099606095233617
0.2519339197913039462796549793
0.2519339197913039462796549793
0.2519339197913039462796549793
0.2519339197913039462796549793
0.2519339197913039462796549793
0.2519339197913039462796549793
0.2519339197913039462796549793
0.2519339197913039462796549793
0.2519339197913039462796549793
0.2519339197913039462796549793
0.2519339197913039462796549793
0.2519339197913039462796549793
0.2519339197913039462796549793
0.2519339197913039462796549793
0.2519339197913039462796549793
0.2519327798733240436966422193
0.2519327798733240436966422193
0.2519327798733240436966422193
0.2519327798733240436966422193
0.2519327798733240436966422193
0.2519327798733240436966422193
0.2519327798733240436966422193
0.2519327798733240436966422193
0.2519327798733240436966422193
0.2519327798733240436966422193
0.2519327798733240436966422193
0.2519327798733240436966422193
0.2519327798733240436966422193
0.2519327798733240436966422193
0.2519327798733240436966422193
0.2519327798733240436966422193
0.2517673598553379177312077534
0.2517673598553379177312077534
0.2517673598553379177312077534
0.2517673598553379177312077534
0.2517673598553379177312077534
0.2517673598553379177312077534
0.2517673598553379177312077534
0.2517673598553379177312077534
0.2517673598553379177312077534
0.2517673598553379177312077534
0.2517673598553379177312077534
0.2517673598553379177312077534
0.2517673598553379177312077534
0.2517673598553379177312077534
0.2517673598553379177312077534
0.2517673598553379177312077534
0.2521401862019898294812913018
0.2521401862019898294812913018
0.2521401862019898294812913018
0.2521401862019898294812913018
0.2521401862019898294812913018
0.2521401862019898294812913018
0.2521401862019898294812913018
0.2521401862019898294812913018
0.2521401862019898294812913018
0.2521401862019898294812913018
0.2521401862019898294812913018
0.2521401862019898294812913018
0.2521401862019898294812913018
0.2521401862019898294812913018
0.2521401862019898294812913018
0.2523587696424120373954865217
0.2523587696424120373954865217
0.2523587696424120373954865217
0.2523587696424120373954865217
0.2523587696424120373954865217
0.2523587696424120373954865217
0.2523587696424120373954865217
0.2523587696424120373954865217
0.2523587696424120373954865217
0.2523587696424120373954865217
0.2523587696424120373954865217
0.2523587696424120373954865217
0.2523587696424120373954865217
0.2523587696424120373954865217
0.2523587696424120373954865217
0.2523587696424120373954865217
0.2520801471587948992606116400
0.2520801471587948992606116400
0.2520801471587948992606116400
0.2520801471587948992606116400
0.2520801471587948992606116400
0.2520801471587948992606116400
0.2520801471587948992606116400
0.2520801471587948992606116400
0.2520801471587948992606116400
0.2520801471587948992606116400
0.2520801471587948992606116400
0.2520801471587948992606116400
0.2520801471587948992606116400
0.2520801471587948992606116400
0.2520801471587948992606116400
0.2520801471587948992606116400
0.2521537667749230105621214517
0.2521537667749230105621214517
0.2521537667749230105621214517
0.2521537667749230105621214517
0.2521537667749230105621214517
0.2521537667749230105621214517
0.2521537667749230105621214517
0.2521537667749230105621214517
0.2521537667749230105621214517
0.2521537667749230105621214517
0.2521537667749230105621214517
0.2521537667749230105621214517
0.2521537667749230105621214517
0.2521537667749230105621214517
0.2521537667749230105621214517
0.2521955539794665024924226087
0.2521955539794665024924226087
0.2521955539794665024924226087
0.2521955539794665024924226087
0.2521955539794665024924226087
0.2521955539794665024924226087
0.2521955539794665024924226087
0.2521955539794665024924226087
0.2521955539794665024924226087
0.2521955539794665024924226087
0.2521955539794665024924226087
0.2521955539794665024924226087
0.2521955539794665024924226087
0.2521955539794665024924226087
0.2521955539794665024924226087
0.2521955539794665024924226087
0.2519792824872042622723889208
0.2519792824872042622723889208
0.2519792824872042622723889208
0.2519792824872042622723889208
0.2519792824872042622723889208
0.2519792824872042622723889208
0.2519792824872042622723889208
0.2519792824872042622723889208
0.2519792824872042622723889208
0.2519792824872042622723889208
0.2519792824872042622723889208
0.2519792824872042622723889208
0.2519792824872042622723889208
0.2519792824872042622723889208
0.2519792824872042622723889208
0.2519792824872042622723889208
