0.2381788090529095987280957800
0.2381788090529095987280957800
0.2381788090529095987280957800
0.2381788090529095987280957800
0.2381788090529095987280957800
0.2381788090529095987280957800
0.2381788090529095987280957800
0.2381788090529095987280957800
0.2381788090529095987280957800
0.2381788090529095987280957800
0.2381788090529095987280957800
0.2381788090529095987280957800
0.2381788090529095987280957800
0.2381788090529095987280957800
0.2381788090529095987280957800
0.2427625008788754468338451744
0.2427625008788754468338451744
0.2427625008788754468338451744
0.2427625008788754468338451744
0.2427625008788754468338451744
0.2427625008788754468338451744
0.2427625008788754468338451744
0.2427625008788754468338451744
0.2427625008788754468338451744
0.2427625008788754468338451744
0.2427625008788754468338451744
0.2427625008788754468338451744
0.2427625008788754468338451744
0.2427625008788754468338451744
0.2427625008788754468338451744
0.2427625008788754468338451744
0.2456870047133261182488073325
0.2456870047133261182488073325
0.2456870047133261182488073325
0.2456870047133261182488073325
0.2456870047133261182488073325
0.2456870047133261182488073325
0.2456870047133261182488073325
0.2456870047133261182488073325
0.2456870047133261182488073325
0.2456870047133261182488073325
0.2456870047133261182488073325
0.2456870047133261182488073325
0.2456870047133261182488073325
0.2456870047133261182488073325
0.2456870047133261182488073325
0.2484277229534959204960742992
0.2484277229534959204960742992
0.2484277229534959204960742992
0.2484277229534959204960742992
0.2484277229534959204960742992
0.2484277229534959204960742992
0.2484277229534959204960742992
0.2484277229534959204960742992
0.2484277229534959204960742992
0.2484277229534959204960742992
0.2484277229534959204960742992
0.2484277229534959204960742992
0.2484277229534959204960742992
0.2484277229534959204960742992
0.2484277229534959204960742992
0.2484277229534959204960742992
0.2488121697507564721275332969
0.2488121697507564721275332969
0.2488121697507564721275332969
0.2488121697507564721275332969
0.2488121697507564721275332969
0.2488121697507564721275332969
0.2488121697507564721275332969
0.2488121697507564721275332969
0.2488121697507564721275332969
0.2488121697507564721275332969
0.2488121697507564721275332969
0.2488121697507564721275332969
0.2488121697507564721275332969
0.2488121697507564721275332969
0.2488121697507564721275332969
0.2488121697507564721275332969
0.2493293189077815279950179576
0.2493293189077815279950179576
0.2493293189077815279950179576
0.2493293189077815279950179576
0.2493293189077815279950179576
0.2493293189077815279950179576
0.2493293189077815279950179576
0.2493293189077815279950179576
0.2493293189077815279950179576
0.2493293189077815279950179576
0.2493293189077815279950179576
0.2493293189077815279950179576
0.2493293189077815279950179576
0.2493293189077815279950179576
0.2493293189077815279950179576
0.2504233389742597734847303725
0.2504233389742597734847303725
0.2504233389742597734847303725
0.2504233389742597734847303725
0.2504233389742597734847303725
0.2504233389742597734847303725
0.2504233389742597734847303725
0.2504233389742597734847303725
0.2504233389742597734847303725
0.2504233389742597734847303725
0.2504233389742597734847303725
0.2504233389742597734847303725
0.2504233389742597734847303725
0.2504233389742597734847303725
0.2504233389742597734847303725
0.2504233389742597734847303725
0.2494360357460088225817275359
0.2494360357460088225817275359
0.2494360357460088225817275359
0.2494360357460088225817275359
0.2494360357460088225817275359
0.2494360357460088225817275359
0.2494360357460088225817275359
0.2494360357460088225817275359
0.2494360357460088225817275359
0.2494360357460088225817275359
0.2494360357460088225817275359
0.2494360357460088225817275359
0.2494360357460088225817275359
0.2494360357460088225817275359
0.2494360357460088225817275359
0.2491265069608824153479932385
0.2491265069608824153479932385
0.2491265069608824153479932385
0.2491265069608824153479932385
0.2491265069608824153479932385
0.2491265069608824153479932385
0.2491265069608824153479932385
0.2491265069608824153479932385
0.2491265069608824153479932385
0.2491265069608824153479932385
0.2491265069608824153479932385
0.2491265069608824153479932385
0.2491265069608824153479932385
0.2491265069608824153479932385
0.2491265069608824153479932385
0.2491265069608824153479932385
0.2499267320993765931724799187
0.2499267320993765931724799187
0.2499267320993765931724799187
0.2499267320993765931724799187
0.2499267320993765931724799187
0.2499267320993765931724799187
0.2499267320993765931724799187
0.2499267320993765931724799187
0.2499267320993765931724799187
0.2499267320993765931724799187
0.2499267320993765931724799187
0.2499267320993765931724799187
0.2499267320993765931724799187
0.2499267320993765931724799187
0.2499267320993765931724799187
0.2499267320993765931724799187
0.2500695468898010066231150908
0.2500695468898010066231150908
0.2500695468898010066231150908
0.2500695468898010066231150908
0.2500695468898010066231150908
0.2500695468898010066231150908
0.2500695468898010066231150908
0.2500695468898010066231150908
0.2500695468898010066231150908
0.2500695468898010066231150908
0.2500695468898010066231150908
0.2500695468898010066231150908
0.2500695468898010066231150908
0.2500695468898010066231150908
0.2500695468898010066231150908
0.2500057870872275905510146215
0.2500057870872275905510146215
0.2500057870872275905510146215
0.2500057870872275905510146215
0.2500057870872275905510146215
0.2500057870872275905510146215
0.2500057870872275905510146215
0.2500057870872275905510146215
0.2500057870872275905510146215
0.2500057870872275905510146215
0.2500057870872275905510146215
0.2500057870872275905510146215
0.2500057870872275905510146215
0.2500057870872275905510146215
0.2500057870872275905510146215
0.2500057870872275905510146215
0.2501397469260561273692908793
0.2501397469260561273692908793
0.2501397469260561273692908793
0.2501397469260561273692908793
0.2501397469260561273692908793
0.2501397469260561273692908793
0.2501397469260561273692908793
0.2501397469260561273692908793
0.2501397469260561273692908793
0.2501397469260561273692908793
0.2501397469260561273692908793
0.2501397469260561273692908793
0.2501397469260561273692908793
0.2501397469260561273692908793
0.2501397469260561273692908793
0.2501397469260561273692908793
0.2501762122223205621640126666
0.2501762122223205621640126666
0.2501762122223205621640126666
0.2501762122223205621640126666
0.2501762122223205621640126666
0.2501762122223205621640126666
0.2501762122223205621640126666
0.2501762122223205621640126666
0.2501762122223205621640126666
0.2501762122223205621640126666
0.2501762122223205621640126666
0.2501762122223205621640126666
0.2501762122223205621640126666
0.2501762122223205621640126666
0.2501762122223205621640126666
0.2507236240878147563450935723
0.2507236240878147563450935723
0.2507236240878147563450935723
0.2507236240878147563450935723
0.2507236240878147563450935723
0.2507236240878147563450935723
0.2507236240878147563450935723
0.2507236240878147563450935723
0.2507236240878147563450935723
0.2507236240878147563450935723
0.2507236240878147563450935723
0.2507236240878147563450935723
0.2507236240878147563450935723
0.2507236240878147563450935723
0.2507236240878147563450935723
0.2507236240878147563450935723
0.2512744870935393653873321056
0.2512744870935393653873321056
0.2512744870935393653873321056
0.2512744870935393653873321056
0.2512744870935393653873321056
0.2512744870935393653873321056
0.2512744870935393653873321056
0.2512744870935393653873321056
0.2512744870935393653873321056
0.2512744870935393653873321056
0.2512744870935393653873321056
0.2512744870935393653873321056
0.2512744870935393653873321056
0.2512744870935393653873321056
0.2512744870935393653873321056
0.2512744870935393653873321056
0.2502640157255503413690731250
0.2502640157255503413690731250
0.2502640157255503413690731250
0.2502640157255503413690731250
0.2502640157255503413690731250
0.2502640157255503413690731250
0.2502640157255503413690731250
0.2502640157255503413690731250
0.2502640157255503413690731250
0.2502640157255503413690731250
0.2502640157255503413690731250
0.2502640157255503413690731250
0.2502640157255503413690731250
0.2502640157255503413690731250
0.2502640157255503413690731250
0.2500819933549080704364462513
0.2500819933549080704364462513
0.2500819933549080704364462513
0.2500819933549080704364462513
0.2500819933549080704364462513
0.2500819933549080704364462513
0.2500819933549080704364462513
0.2500819933549080704364462513
0.2500819933549080704364462513
0.2500819933549080704364462513
0.2500819933549080704364462513
0.2500819933549080704364462513
0.2500819933549080704364462513
0.2500819933549080704364462513
0.2500819933549080704364462513
0.2500819933549080704364462513
0.2495009459851811827193862770
0.2495009459851811827193862770
0.2495009459851811827193862770
0.2495009459851811827193862770
0.2495009459851811827193862770
0.2495009459851811827193862770
0.2495009459851811827193862770
0.2495009459851811827193862770
0.2495009459851811827193862770
0.2495009459851811827193862770
0.2495009459851811827193862770
0.2495009459851811827193862770
0.2495009459851811827193862770
0.2495009459851811827193862770
0.2495009459851811827193862770
0.2497061188102678132538408865
0.2497061188102678132538408865
0.2497061188102678132538408865
0.2497061188102678132538408865
0.2497061188102678132538408865
0.2497061188102678132538408865
0.2497061188102678132538408865
0.2497061188102678132538408865
0.2497061188102678132538408865
0.2497061188102678132538408865
0.2497061188102678132538408865
0.2497061188102678132538408865
0.2497061188102678132538408865
0.2497061188102678132538408865
0.2497061188102678132538408865
0.2497061188102678132538408865
0.2504412136017309856476523971
0.2504412136017309856476523971
0.2504412136017309856476523971
0.2504412136017309856476523971
0.2504412136017309856476523971
0.2504412136017309856476523971
0.2504412136017309856476523971
0.2504412136017309856476523971
0.2504412136017309856476523971
0.2504412136017309856476523971
0.2504412136017309856476523971
0.2504412136017309856476523971
0.2504412136017309856476523971
0.2504412136017309856476523971
0.2504412136017309856476523971
0.2504412136017309856476523971
0.2501925297429544148883538221
0.2501925297429544148883538221
0.2501925297429544148883538221
0.2501925297429544148883538221
0.2501925297429544148883538221
0.2501925297429544148883538221
0.2501925297429544148883538221
0.2501925297429544148883538221
0.2501925297429544148883538221
0.2501925297429544148883538221
0.2501925297429544148883538221
0.2501925297429544148883538221
0.2501925297429544148883538221
0.2501925297429544148883538221
0.2501925297429544148883538221
0.2500801554731654821492497426
0.2500801554731654821492497426
0.2500801554731654821492497426
0.2500801554731654821492497426
0.2500801554731654821492497426
0.2500801554731654821492497426
0.2500801554731654821492497426
0.2500801554731654821492497426
0.2500801554731654821492497426
0.2500801554731654821492497426
0.2500801554731654821492497426
0.2500801554731654821492497426
0.2500801554731654821492497426
0.2500801554731654821492497426
0.2500801554731654821492497426
0.2500801554731654821492497426
0.2500367820266636753515839669
0.2500367820266636753515839669
0.2500367820266636753515839669
0.2500367820266636753515839669
0.2500367820266636753515839669
0.2500367820266636753515839669
0.2500367820266636753515839669
0.2500367820266636753515839669
0.2500367820266636753515839669
0.2500367820266636753515839669
0.2500367820266636753515839669
0.2500367820266636753515839669
0.2500367820266636753515839669
0.2500367820266636753515839669
0.2500367820266636753515839669
0.2498081573588994720883906088
0.2498081573588994720883906088
0.2498081573588994720883906088
0.2498081573588994720883906088
0.2498081573588994720883906088
0.2498081573588994720883906088
0.2498081573588994720883906088
0.2498081573588994720883906088
0.2498081573588994720883906088
0.2498081573588994720883906088
0.2498081573588994720883906088
0.2498081573588994720883906088
0.2498081573588994720883906088
0.2498081573588994720883906088
0.2498081573588994720883906088
0.2498081573588994720883906088
0.2502008749858607900370119724
0.2502008749858607900370119724
0.2502008749858607900370119724
0.2502008749858607900370119724
0.2502008749858607900370119724
0.2502008749858607900370119724
0.2502008749858607900370119724
0.2502008749858607900370119724
0.2502008749858607900370119724
0.2502008749858607900370119724
0.2502008749858607900370119724
0.2502008749858607900370119724
0.2502008749858607900370119724
0.2502008749858607900370119724
0.2502008749858607900370119724
0.2502008749858607900370119724
0.2503145978482894021223790992
0.2503145978482894021223790992
0.2503145978482894021223790992
0.2503145978482894021223790992
0.2503145978482894021223790992
0.2503145978482894021223790992
0.2503145978482894021223790992
0.2503145978482894021223790992
0.2503145978482894021223790992
0.2503145978482894021223790992
0.2503145978482894021223790992
0.2503145978482894021223790992
0.2503145978482894021223790992
0.2503145978482894021223790992
0.2503145978482894021223790992
0.2504478892758726923099360158
0.2504478892758726923099360158
0.2504478892758726923099360158
0.2504478892758726923099360158
0.2504478892758726923099360158
0.2504478892758726923099360158
0.2504478892758726923099360158
0.2504478892758726923099360158
0.2504478892758726923099360158
0.2504478892758726923099360158
0.2504478892758726923099360158
0.2504478892758726923099360158
0.2504478892758726923099360158
0.2504478892758726923099360158
0.2504478892758726923099360158
0.2504478892758726923099360158
0.2505942233865770218773345808
0.2505942233865770218773345808
0.2505942233865770218773345808
0.2505942233865770218773345808
0.2505942233865770218773345808
0.2505942233865770218773345808
0.2505942233865770218773345808
0.2505942233865770218773345808
0.2505942233865770218773345808
0.2505942233865770218773345808
0.2505942233865770218773345808
0.2505942233865770218773345808
0.2505942233865770218773345808
0.2505942233865770218773345808
0.2505942233865770218773345808
0.2505942233865770218773345808
0.2509278348825568505053886042
0.2509278348825568505053886042
0.2509278348825568505053886042
0.2509278348825568505053886042
0.2509278348825568505053886042
0.2509278348825568505053886042
0.2509278348825568505053886042
0.2509278348825568505053886042
0.2509278348825568505053886042
0.2509278348825568505053886042
0.2509278348825568505053886042
0.2509278348825568505053886042
0.2509278348825568505053886042
0.2509278348825568505053886042
0.2509278348825568505053886042
0.2508780616238889944240674848
0.2508780616238889944240674848
0.2508780616238889944240674848
0.2508780616238889944240674848
0.2508780616238889944240674848
0.2508780616238889944240674848
0.2508780616238889944240674848
0.2508780616238889944240674848
0.2508780616238889944240674848
0.2508780616238889944240674848
0.2508780616238889944240674848
0.2508780616238889944240674848
0.2508780616238889944240674848
0.2508780616238889944240674848
0.2508780616238889944240674848
0.2508780616238889944240674848
0.2510014187555386992786337569
0.2510014187555386992786337569
0.2510014187555386992786337569
0.2510014187555386992786337569
0.2510014187555386992786337569
0.2510014187555386992786337569
0.2510014187555386992786337569
0.2510014187555386992786337569
0.2510014187555386992786337569
0.2510014187555386992786337569
0.2510014187555386992786337569
0.2510014187555386992786337569
0.2510014187555386992786337569
0.2510014187555386992786337569
0.2510014187555386992786337569
0.2510014187555386992786337569
