0.06102209667933137890874556596
0.06102209667933137890874556596
0.06102209667933137890874556596
0.06102209667933137890874556596
0.06102209667933137890874556596
0.06003768456498380668739646235
0.06003768456498380668739646235
0.06003768456498380668739646235
0.06003768456498380668739646235
0.06003768456498380668739646235
0.05814008162673850014298106271
0.05814008162673850014298106271
0.05814008162673850014298106271
0.05814008162673850014298106271
0.05814008162673850014298106271
0.05838628999849770311360717167
0.05838628999849770311360717167
0.05838628999849770311360717167
0.05838628999849770311360717167
0.05838628999849770311360717167
0.05860050778120029150367263396
0.05860050778120029150367263396
0.05860050778120029150367263396
0.05860050778120029150367263396
0.05860050778120029150367263396
0.05840946178704235804674493494
0.05840946178704235804674493494
0.05840946178704235804674493494
0.05840946178704235804674493494
0.05840946178704235804674493494
0.05845988157819753272148011548
0.05845988157819753272148011548
0.05845988157819753272148011548
0.05845988157819753272148011548
0.05845988157819753272148011548
0.05853353133834482646701174649
0.05853353133834482646701174649
0.05853353133834482646701174649
0.05853353133834482646701174649
0.05853353133834482646701174649
0.05867471562754472864660855879
0.05867471562754472864660855879
0.05867471562754472864660855879
0.05867471562754472864660855879
0.05867471562754472864660855879
0.05867471562754472864660855879
0.05889573875933705680839397259
0.05889573875933705680839397259
0.05889573875933705680839397259
0.05889573875933705680839397259
0.05889573875933705680839397259
0.05885503130449174497906480115
0.05885503130449174497906480115
0.05885503130449174497906480115
0.05885503130449174497906480115
0.05885503130449174497906480115
0.05877659777094974928436775646
0.05877659777094974928436775646
0.05877659777094974928436775646
0.05877659777094974928436775646
0.05877659777094974928436775646
0.05921702905783332638284855655
0.05921702905783332638284855655
0.05921702905783332638284855655
0.05921702905783332638284855655
0.05921702905783332638284855655
0.05896430731727846151683947648
0.05896430731727846151683947648
0.05896430731727846151683947648
0.05896430731727846151683947648
0.05896430731727846151683947648
0.05909447063692633076704055782
0.05909447063692633076704055782
0.05909447063692633076704055782
0.05909447063692633076704055782
0.05909447063692633076704055782
0.05891406069279128000996147912
0.05891406069279128000996147912
0.05891406069279128000996147912
0.05891406069279128000996147912
0.05891406069279128000996147912
0.05874344640392185419328914165
0.05874344640392185419328914165
0.05874344640392185419328914165
0.05874344640392185419328914165
0.05874344640392185419328914165
0.05874344640392185419328914165
0.05880549955153756390392892591
0.05880549955153756390392892591
0.05880549955153756390392892591
0.05880549955153756390392892591
0.05880549955153756390392892591
0.05888022111873429413852001762
0.05888022111873429413852001762
0.05888022111873429413852001762
0.05888022111873429413852001762
0.05888022111873429413852001762
0.05880560253955658450592606051
0.05880560253955658450592606051
0.05880560253955658450592606051
0.05874130029537831403302983296
0.05874130029537831403302983296
0.05874130029537831403302983296
0.05874130029537831403302983296
0.05874130029537831403302983296
0.05880777491448086634492198780
0.05880777491448086634492198780
0.05880777491448086634492198780
0.05880777491448086634492198780
0.05880777491448086634492198780
0.05874963242121053479299701033
0.05874963242121053479299701033
0.05874963242121053479299701033
0.05874963242121053479299701033
0.05874963242121053479299701033
0.05889261104096544203451268269
0.05889261104096544203451268269
0.05889261104096544203451268269
0.05889261104096544203451268269
0.05889261104096544203451268269
0.05894458616937193837062473570
0.05894458616937193837062473570
0.05894458616937193837062473570
0.05894458616937193837062473570
0.05894458616937193837062473570
0.05887720406534574351699694171
0.05887720406534574351699694171
0.05887720406534574351699694171
0.05887720406534574351699694171
0.05887720406534574351699694171
0.05881400010011002363178985818
0.05881400010011002363178985818
0.05881400010011002363178985818
0.05881400010011002363178985818
0.05881400010011002363178985818
0.05895339092327584846118875037
0.05895339092327584846118875037
0.05895339092327584846118875037
0.05895339092327584846118875037
0.05895339092327584846118875037
0.05895945098531849298417859567
0.05895945098531849298417859567
0.05895945098531849298417859567
0.05895945098531849298417859567
0.05895945098531849298417859567
0.05895945098531849298417859567
0.05896133981516507615300611308
0.05896133981516507615300611308
0.05896133981516507615300611308
0.05896133981516507615300611308
0.05896133981516507615300611308
0.05905620785077927901750053319
0.05905620785077927901750053319
0.05905620785077927901750053319
0.05905620785077927901750053319
0.05905620785077927901750053319
0.05904927966636094720508326982
0.05904927966636094720508326982
0.05904927966636094720508326982
0.05904927966636094720508326982
0.05904927966636094720508326982
0.05899968743668669334941870538
0.05899968743668669334941870538
0.05899968743668669334941870538
0.05899968743668669334941870538
0.05899968743668669334941870538
0.05919261155310679049191588692
0.05919261155310679049191588692
0.05919261155310679049191588692
0.05919261155310679049191588692
0.05919261155310679049191588692
0.05909797236043624594185285607
0.05909797236043624594185285607
0.05909797236043624594185285607
0.05909797236043624594185285607
0.05909797236043624594185285607
0.05901561466590894212678012281
0.05901561466590894212678012281
0.05901561466590894212678012281
0.05901561466590894212678012281
0.05901561466590894212678012281
0.05905342647446488181720379998
0.05905342647446488181720379998
0.05905342647446488181720379998
0.05905342647446488181720379998
0.05905342647446488181720379998
0.05905342647446488181720379998
0.05904031686343915229891757139
0.05904031686343915229891757139
0.05904031686343915229891757139
0.05904031686343915229891757139
0.05904031686343915229891757139
0.05908024012249798472244036896
0.05908024012249798472244036896
0.05908024012249798472244036896
0.05908024012249798472244036896
0.05908024012249798472244036896
0.05908384439558736298415645076
0.05908384439558736298415645076
0.05908384439558736298415645076
