0.05986753473597369240449937777
0.05986753473597369240449937777
0.05986753473597369240449937777
0.05986753473597369240449937777
0.05986753473597369240449937777
0.05964615789866892727463913780
0.05964615789866892727463913780
0.05964615789866892727463913780
0.05964615789866892727463913780
0.05964615789866892727463913780
0.05967755075667699226512616151
0.05967755075667699226512616151
0.05967755075667699226512616151
0.05967755075667699226512616151
0.05967755075667699226512616151
0.05934246469612726882180961746
0.05934246469612726882180961746
0.05934246469612726882180961746
0.05934246469612726882180961746
0.05934246469612726882180961746
0.05940099320794720014467135545
0.05940099320794720014467135545
0.05940099320794720014467135545
0.05940099320794720014467135545
0.05940099320794720014467135545
0.05874481741866971049975457140
0.05874481741866971049975457140
0.05874481741866971049975457140
0.05874481741866971049975457140
0.05874481741866971049975457140
0.05875630969449483408942068153
0.05875630969449483408942068153
0.05875630969449483408942068153
0.05875630969449483408942068153
0.05875630969449483408942068153
0.05841573261230055281653811822
0.05841573261230055281653811822
0.05841573261230055281653811822
0.05841573261230055281653811822
0.05841573261230055281653811822
0.05776663270658098331017280241
0.05776663270658098331017280241
0.05776663270658098331017280241
0.05776663270658098331017280241
0.05776663270658098331017280241
0.05776663270658098331017280241
0.05781341292250505537111176728
0.05781341292250505537111176728
0.05781341292250505537111176728
0.05781341292250505537111176728
0.05781341292250505537111176728
0.05770747445986366012402166677
0.05770747445986366012402166677
0.05770747445986366012402166677
0.05770747445986366012402166677
0.05770747445986366012402166677
0.05806029412485213359824595015
0.05806029412485213359824595015
0.05806029412485213359824595015
0.05806029412485213359824595015
0.05806029412485213359824595015
0.05793976981693553927489339778
0.05793976981693553927489339778
0.05793976981693553927489339778
0.05793976981693553927489339778
0.05793976981693553927489339778
0.05760097877659632106934699457
0.05760097877659632106934699457
0.05760097877659632106934699457
0.05760097877659632106934699457
0.05760097877659632106934699457
0.05751513154669546573788291043
0.05751513154669546573788291043
0.05751513154669546573788291043
0.05751513154669546573788291043
0.05751513154669546573788291043
0.05762011438355832614824328664
0.05762011438355832614824328664
0.05762011438355832614824328664
0.05762011438355832614824328664
0.05762011438355832614824328664
0.05751251960201039055568460038
0.05751251960201039055568460038
0.05751251960201039055568460038
0.05751251960201039055568460038
0.05751251960201039055568460038
0.05751251960201039055568460038
0.05756093556398505401015734956
0.05756093556398505401015734956
0.05756093556398505401015734956
0.05756093556398505401015734956
0.05756093556398505401015734956
0.05765026755470187222394433539
0.05765026755470187222394433539
0.05765026755470187222394433539
0.05765026755470187222394433539
0.05765026755470187222394433539
0.05762282490383033131084427434
0.05762282490383033131084427434
0.05762282490383033131084427434
0.05750014981552890046049636979
0.05750014981552890046049636979
0.05750014981552890046049636979
0.05750014981552890046049636979
0.05750014981552890046049636979
0.05769009823890368221861614068
0.05769009823890368221861614068
0.05769009823890368221861614068
0.05769009823890368221861614068
0.05769009823890368221861614068
0.05757141723380957644350183412
0.05757141723380957644350183412
0.05757141723380957644350183412
0.05757141723380957644350183412
0.05757141723380957644350183412
0.05751501369141207979874746392
0.05751501369141207979874746392
0.05751501369141207979874746392
0.05751501369141207979874746392
0.05751501369141207979874746392
0.05765155995250452981470252664
0.05765155995250452981470252664
0.05765155995250452981470252664
0.05765155995250452981470252664
0.05765155995250452981470252664
0.05747186909728411190282586759
0.05747186909728411190282586759
0.05747186909728411190282586759
0.05747186909728411190282586759
0.05747186909728411190282586759
0.05764099875736397346227058577
0.05764099875736397346227058577
0.05764099875736397346227058577
0.05764099875736397346227058577
0.05764099875736397346227058577
0.05775091970336505747150400162
0.05775091970336505747150400162
0.05775091970336505747150400162
0.05775091970336505747150400162
0.05775091970336505747150400162
0.05786154658318488509081485747
0.05786154658318488509081485747
0.05786154658318488509081485747
0.05786154658318488509081485747
0.05786154658318488509081485747
0.05786154658318488509081485747
0.05790554834838247204735161274
0.05790554834838247204735161274
0.05790554834838247204735161274
0.05790554834838247204735161274
0.05790554834838247204735161274
0.05785553741570222990699772429
0.05785553741570222990699772429
0.05785553741570222990699772429
0.05785553741570222990699772429
0.05785553741570222990699772429
0.05781437496479963014981108976
0.05781437496479963014981108976
0.05781437496479963014981108976
0.05781437496479963014981108976
0.05781437496479963014981108976
0.05800264162601330758317400614
0.05800264162601330758317400614
0.05800264162601330758317400614
0.05800264162601330758317400614
0.05800264162601330758317400614
0.05795060559736794805614834683
0.05795060559736794805614834683
0.05795060559736794805614834683
0.05795060559736794805614834683
0.05795060559736794805614834683
0.05787771313063583204446156145
0.05787771313063583204446156145
0.05787771313063583204446156145
0.05787771313063583204446156145
0.05787771313063583204446156145
0.05788133478163750885290412032
0.05788133478163750885290412032
0.05788133478163750885290412032
0.05788133478163750885290412032
0.05788133478163750885290412032
0.05797798880324660289872540192
0.05797798880324660289872540192
0.05797798880324660289872540192
0.05797798880324660289872540192
0.05797798880324660289872540192
0.05797798880324660289872540192
0.05808964337617353888823648533
0.05808964337617353888823648533
0.05808964337617353888823648533
0.05808964337617353888823648533
0.05808964337617353888823648533
0.05797230865221532358042721033
0.05797230865221532358042721033
0.05797230865221532358042721033
0.05797230865221532358042721033
0.05797230865221532358042721033
0.05797134328770195287825073073
0.05797134328770195287825073073
0.05797134328770195287825073073
