0.05639360726841892819618293488
0.05639360726841892819618293488
0.05639360726841892819618293488
0.05639360726841892819618293488
0.05639360726841892819618293488
0.05594558046631678622551800187
0.05594558046631678622551800187
0.05594558046631678622551800187
0.05594558046631678622551800187
0.05594558046631678622551800187
0.05649677014753336959074427942
0.05649677014753336959074427942
0.05649677014753336959074427942
0.05649677014753336959074427942
0.05649677014753336959074427942
0.05678994829587091231838642096
0.05678994829587091231838642096
0.05678994829587091231838642096
0.05678994829587091231838642096
0.05678994829587091231838642096
0.05735496714966207397969024621
0.05735496714966207397969024621
0.05735496714966207397969024621
0.05735496714966207397969024621
0.05735496714966207397969024621
0.05775100905903006355055913633
0.05775100905903006355055913633
0.05775100905903006355055913633
0.05775100905903006355055913633
0.05775100905903006355055913633
0.05745292720145626721866398506
0.05745292720145626721866398506
0.05745292720145626721866398506
0.05745292720145626721866398506
0.05745292720145626721866398506
0.05786055098181366809920189686
0.05786055098181366809920189686
0.05786055098181366809920189686
0.05786055098181366809920189686
0.05786055098181366809920189686
0.05791160693083953672497291974
0.05791160693083953672497291974
0.05791160693083953672497291974
0.05791160693083953672497291974
0.05791160693083953672497291974
0.05791160693083953672497291974
0.05779251575305738639653719388
0.05779251575305738639653719388
0.05779251575305738639653719388
0.05779251575305738639653719388
0.05779251575305738639653719388
0.05783294635316488365283960992
0.05783294635316488365283960992
0.05783294635316488365283960992
0.05783294635316488365283960992
0.05783294635316488365283960992
0.05787569382819258622706247775
0.05787569382819258622706247775
0.05787569382819258622706247775
0.05787569382819258622706247775
0.05787569382819258622706247775
0.05766007943177697995276705320
0.05766007943177697995276705320
0.05766007943177697995276705320
0.05766007943177697995276705320
0.05766007943177697995276705320
0.05779798227306142362943964748
0.05779798227306142362943964748
0.05779798227306142362943964748
0.05779798227306142362943964748
0.05779798227306142362943964748
0.05823453774222101115274863735
0.05823453774222101115274863735
0.05823453774222101115274863735
0.05823453774222101115274863735
0.05823453774222101115274863735
0.05831650545529146677887191774
0.05831650545529146677887191774
0.05831650545529146677887191774
0.05831650545529146677887191774
0.05831650545529146677887191774
0.05831219399952934849203555558
0.05831219399952934849203555558
0.05831219399952934849203555558
0.05831219399952934849203555558
0.05831219399952934849203555558
0.05831219399952934849203555558
0.05839685048225964780580890372
0.05839685048225964780580890372
0.05839685048225964780580890372
0.05839685048225964780580890372
0.05839685048225964780580890372
0.05841528205573232410522308334
0.05841528205573232410522308334
0.05841528205573232410522308334
0.05841528205573232410522308334
0.05841528205573232410522308334
0.05850293818888810119966925816
0.05850293818888810119966925816
0.05850293818888810119966925816
0.05850563741788357717369211668
0.05850563741788357717369211668
0.05850563741788357717369211668
0.05850563741788357717369211668
0.05850563741788357717369211668
0.05844761288955503075668192868
0.05844761288955503075668192868
0.05844761288955503075668192868
0.05844761288955503075668192868
0.05844761288955503075668192868
0.05834426109846858579972310053
0.05834426109846858579972310053
0.05834426109846858579972310053
0.05834426109846858579972310053
0.05834426109846858579972310053
0.05838541805914748756676707950
0.05838541805914748756676707950
0.05838541805914748756676707950
0.05838541805914748756676707950
0.05838541805914748756676707950
0.05833436633538603083192528585
0.05833436633538603083192528585
0.05833436633538603083192528585
0.05833436633538603083192528585
0.05833436633538603083192528585
0.05823330585251186547163141615
0.05823330585251186547163141615
0.05823330585251186547163141615
0.05823330585251186547163141615
0.05823330585251186547163141615
0.05815103773787485330291709382
0.05815103773787485330291709382
0.05815103773787485330291709382
0.05815103773787485330291709382
0.05815103773787485330291709382
0.05809978058123740781299142504
0.05809978058123740781299142504
0.05809978058123740781299142504
0.05809978058123740781299142504
0.05809978058123740781299142504
0.05802786685001537244298512594
0.05802786685001537244298512594
0.05802786685001537244298512594
0.05802786685001537244298512594
0.05802786685001537244298512594
0.05802786685001537244298512594
0.05798912321841825129535012636
0.05798912321841825129535012636
0.05798912321841825129535012636
0.05798912321841825129535012636
0.05798912321841825129535012636
0.05810940952002513784594955312
0.05810940952002513784594955312
0.05810940952002513784594955312
0.05810940952002513784594955312
0.05810940952002513784594955312
0.05816505617576851289468659902
0.05816505617576851289468659902
0.05816505617576851289468659902
0.05816505617576851289468659902
0.05816505617576851289468659902
0.05816613011763263259901002234
0.05816613011763263259901002234
0.05816613011763263259901002234
0.05816613011763263259901002234
0.05816613011763263259901002234
0.05812864148217615837808356545
0.05812864148217615837808356545
0.05812864148217615837808356545
0.05812864148217615837808356545
0.05812864148217615837808356545
0.05824496697865846309216046641
0.05824496697865846309216046641
0.05824496697865846309216046641
0.05824496697865846309216046641
0.05824496697865846309216046641
0.05821133848766640021964492451
0.05821133848766640021964492451
0.05821133848766640021964492451
0.05821133848766640021964492451
0.05821133848766640021964492451
0.05825233825748847514250684417
0.05825233825748847514250684417
0.05825233825748847514250684417
0.05825233825748847514250684417
0.05825233825748847514250684417
0.05825233825748847514250684417
0.05821770049784547378762438175
0.05821770049784547378762438175
0.05821770049784547378762438175
0.05821770049784547378762438175
0.05821770049784547378762438175
0.05821828746227330013810936819
0.05821828746227330013810936819
0.05821828746227330013810936819
0.05821828746227330013810936819
0.05821828746227330013810936819
0.05821928841888282151695511406
0.05821928841888282151695511406
0.05821928841888282151695511406
