0.5784210578704472517256667453
0.5784210578704472517256667453
0.5784210578704472517256667453
0.5784210578704472517256667453
0.5784210578704472517256667453
0.5596139601148244549267067474
0.5596139601148244549267067474
0.5596139601148244549267067474
0.5596139601148244549267067474
0.5596139601148244549267067474
0.5587441211403047918153980758
0.5587441211403047918153980758
0.5587441211403047918153980758
0.5587441211403047918153980758
0.5587441211403047918153980758
0.5551267625005530322071546204
0.5551267625005530322071546204
0.5551267625005530322071546204
0.5551267625005530322071546204
0.5551267625005530322071546204
0.5469604719135043549163618651
0.5469604719135043549163618651
0.5469604719135043549163618651
0.5469604719135043549163618651
0.5469604719135043549163618651
0.5419902600764576421213752666
0.5419902600764576421213752666
0.5419902600764576421213752666
0.5419902600764576421213752666
0.5419902600764576421213752666
0.5491806636898568251560549614
0.5491806636898568251560549614
0.5491806636898568251560549614
0.5491806636898568251560549614
0.5491806636898568251560549614
0.5479019123364556722409764397
0.5479019123364556722409764397
0.5479019123364556722409764397
0.5479019123364556722409764397
0.5479019123364556722409764397
0.5427562183113744082447612463
0.5427562183113744082447612463
0.5427562183113744082447612463
0.5427562183113744082447612463
0.5427562183113744082447612463
0.5427562183113744082447612463
0.5459745703652310046159089003
0.5459745703652310046159089003
0.5459745703652310046159089003
0.5459745703652310046159089003
0.5459745703652310046159089003
0.5454568706992223753875064697
0.5454568706992223753875064697
0.5454568706992223753875064697
0.5454568706992223753875064697
0.5454568706992223753875064697
0.5471178711788887304763548618
0.5471178711788887304763548618
0.5471178711788887304763548618
0.5471178711788887304763548618
0.5471178711788887304763548618
0.5479989823461484500717667548
0.5479989823461484500717667548
0.5479989823461484500717667548
0.5479989823461484500717667548
0.5479989823461484500717667548
0.5524324962066523851379321221
0.5524324962066523851379321221
0.5524324962066523851379321221
0.5524324962066523851379321221
0.5524324962066523851379321221
0.5517897382049031394861557432
0.5517897382049031394861557432
0.5517897382049031394861557432
0.5517897382049031394861557432
0.5517897382049031394861557432
0.5532690501828423912130033602
0.5532690501828423912130033602
0.5532690501828423912130033602
0.5532690501828423912130033602
0.5532690501828423912130033602
0.5545080637373242335390258075
0.5545080637373242335390258075
0.5545080637373242335390258075
0.5545080637373242335390258075
0.5545080637373242335390258075
0.5545080637373242335390258075
0.5540111232717286050663972789
0.5540111232717286050663972789
0.5540111232717286050663972789
0.5540111232717286050663972789
0.5540111232717286050663972789
0.5563311677363483155668670733
0.5563311677363483155668670733
0.5563311677363483155668670733
0.5563311677363483155668670733
0.5563311677363483155668670733
0.5584001804696261774538338161
0.5584001804696261774538338161
0.5584001804696261774538338161
0.5563061287720963260438474266
0.5563061287720963260438474266
0.5563061287720963260438474266
0.5563061287720963260438474266
0.5563061287720963260438474266
0.5584382456472074585239923533
0.5584382456472074585239923533
0.5584382456472074585239923533
0.5584382456472074585239923533
0.5584382456472074585239923533
0.5567768642687223424679010841
0.5567768642687223424679010841
0.5567768642687223424679010841
0.5567768642687223424679010841
0.5567768642687223424679010841
0.5573039873366879263477993247
0.5573039873366879263477993247
0.5573039873366879263477993247
0.5573039873366879263477993247
0.5573039873366879263477993247
0.5575114796087409202532392826
0.5575114796087409202532392826
0.5575114796087409202532392826
0.5575114796087409202532392826
0.5575114796087409202532392826
0.5579615917229791829386618591
0.5579615917229791829386618591
0.5579615917229791829386618591
0.5579615917229791829386618591
0.5579615917229791829386618591
0.5578697431658926326869294163
0.5578697431658926326869294163
0.5578697431658926326869294163
0.5578697431658926326869294163
0.5578697431658926326869294163
0.5566920355622583070477489517
0.5566920355622583070477489517
0.5566920355622583070477489517
0.5566920355622583070477489517
0.5566920355622583070477489517
0.5574791256716403767378561050
0.5574791256716403767378561050
0.5574791256716403767378561050
0.5574791256716403767378561050
0.5574791256716403767378561050
0.5574791256716403767378561050
0.5581680559198959248043939856
0.5581680559198959248043939856
0.5581680559198959248043939856
0.5581680559198959248043939856
0.5581680559198959248043939856
0.5582428204763977055612090196
0.5582428204763977055612090196
0.5582428204763977055612090196
0.5582428204763977055612090196
0.5582428204763977055612090196
0.5597568016058513321103583879
0.5597568016058513321103583879
0.5597568016058513321103583879
0.5597568016058513321103583879
0.5597568016058513321103583879
0.5584742483444546344665171848
0.5584742483444546344665171848
0.5584742483444546344665171848
0.5584742483444546344665171848
0.5584742483444546344665171848
0.5588162506569577295084304267
0.5588162506569577295084304267
0.5588162506569577295084304267
0.5588162506569577295084304267
0.5588162506569577295084304267
0.5585455468221264488008786284
0.5585455468221264488008786284
0.5585455468221264488008786284
0.5585455468221264488008786284
0.5585455468221264488008786284
0.5584281410308796449917001632
0.5584281410308796449917001632
0.5584281410308796449917001632
0.5584281410308796449917001632
0.5584281410308796449917001632
0.5560643243093110760057453654
0.5560643243093110760057453654
0.5560643243093110760057453654
0.5560643243093110760057453654
0.5560643243093110760057453654
0.5560643243093110760057453654
0.5563872330950158893890278132
0.5563872330950158893890278132
0.5563872330950158893890278132
0.5563872330950158893890278132
0.5563872330950158893890278132
0.5581143470703610478594677901
0.5581143470703610478594677901
0.5581143470703610478594677901
0.5581143470703610478594677901
0.5581143470703610478594677901
0.5574623254322834582439077011
0.5574623254322834582439077011
0.5574623254322834582439077011
