0.05479630100098814051693857687
0.05479630100098814051693857687
0.05479630100098814051693857687
0.05479630100098814051693857687
0.05479630100098814051693857687
0.05677441511778985983281715657
0.05677441511778985983281715657
0.05677441511778985983281715657
0.05677441511778985983281715657
0.05677441511778985983281715657
0.05774922806019281401886800472
0.05774922806019281401886800472
0.05774922806019281401886800472
0.05774922806019281401886800472
0.05774922806019281401886800472
0.05785376139812347443564926083
0.05785376139812347443564926083
0.05785376139812347443564926083
0.05785376139812347443564926083
0.05785376139812347443564926083
0.05811852371806477854325292357
0.05811852371806477854325292357
0.05811852371806477854325292357
0.05811852371806477854325292357
0.05811852371806477854325292357
0.05748726636398717352076374836
0.05748726636398717352076374836
0.05748726636398717352076374836
0.05748726636398717352076374836
0.05748726636398717352076374836
0.05738826414283564901867311318
0.05738826414283564901867311318
0.05738826414283564901867311318
0.05738826414283564901867311318
0.05738826414283564901867311318
0.05780362551344734811469259681
0.05780362551344734811469259681
0.05780362551344734811469259681
0.05780362551344734811469259681
0.05780362551344734811469259681
0.05813164791264603322564282019
0.05813164791264603322564282019
0.05813164791264603322564282019
0.05813164791264603322564282019
0.05813164791264603322564282019
0.05813164791264603322564282019
0.05835459002682812712976962087
0.05835459002682812712976962087
0.05835459002682812712976962087
0.05835459002682812712976962087
0.05835459002682812712976962087
0.05804412121232690382481783075
0.05804412121232690382481783075
0.05804412121232690382481783075
0.05804412121232690382481783075
0.05804412121232690382481783075
0.05786487900076733475065360241
0.05786487900076733475065360241
0.05786487900076733475065360241
0.05786487900076733475065360241
0.05786487900076733475065360241
0.05810251512557568866784545718
0.05810251512557568866784545718
0.05810251512557568866784545718
0.05810251512557568866784545718
0.05810251512557568866784545718
0.05843427305607045817925384890
0.05843427305607045817925384890
0.05843427305607045817925384890
0.05843427305607045817925384890
0.05843427305607045817925384890
0.05833646785314183425421691681
0.05833646785314183425421691681
0.05833646785314183425421691681
0.05833646785314183425421691681
0.05833646785314183425421691681
0.05795650789014283656001362026
0.05795650789014283656001362026
0.05795650789014283656001362026
0.05795650789014283656001362026
0.05795650789014283656001362026
0.05800130823983356299447149292
0.05800130823983356299447149292
0.05800130823983356299447149292
0.05800130823983356299447149292
0.05800130823983356299447149292
0.05800130823983356299447149292
0.05812607666496465539288616550
0.05812607666496465539288616550
0.05812607666496465539288616550
0.05812607666496465539288616550
0.05812607666496465539288616550
0.05824238833387360882455146733
0.05824238833387360882455146733
0.05824238833387360882455146733
0.05824238833387360882455146733
0.05824238833387360882455146733
0.05829926749972284070687085945
0.05829926749972284070687085945
0.05829926749972284070687085945
0.05827060168065398528657362504
0.05827060168065398528657362504
0.05827060168065398528657362504
0.05827060168065398528657362504
0.05827060168065398528657362504
0.05816822845022922054020963638
0.05816822845022922054020963638
0.05816822845022922054020963638
0.05816822845022922054020963638
0.05816822845022922054020963638
0.05804121949400540604815795667
0.05804121949400540604815795667
0.05804121949400540604815795667
0.05804121949400540604815795667
0.05804121949400540604815795667
0.05821529541845843875786660751
0.05821529541845843875786660751
0.05821529541845843875786660751
0.05821529541845843875786660751
0.05821529541845843875786660751
0.05811840556958166663177335719
0.05811840556958166663177335719
0.05811840556958166663177335719
0.05811840556958166663177335719
0.05811840556958166663177335719
0.05811358531869472716389434680
0.05811358531869472716389434680
0.05811358531869472716389434680
0.05811358531869472716389434680
0.05811358531869472716389434680
0.05808149863029687800046364728
0.05808149863029687800046364728
0.05808149863029687800046364728
0.05808149863029687800046364728
0.05808149863029687800046364728
0.05825660516973481794120292051
0.05825660516973481794120292051
0.05825660516973481794120292051
0.05825660516973481794120292051
0.05825660516973481794120292051
0.05827221744618106952301048019
0.05827221744618106952301048019
0.05827221744618106952301048019
0.05827221744618106952301048019
0.05827221744618106952301048019
0.05827221744618106952301048019
0.05838408064340603114412306327
0.05838408064340603114412306327
0.05838408064340603114412306327
0.05838408064340603114412306327
0.05838408064340603114412306327
0.05848054866710471470626699315
0.05848054866710471470626699315
0.05848054866710471470626699315
0.05848054866710471470626699315
0.05848054866710471470626699315
0.05849583460239779645726299941
0.05849583460239779645726299941
0.05849583460239779645726299941
0.05849583460239779645726299941
0.05849583460239779645726299941
0.05849672247411101436860552888
0.05849672247411101436860552888
0.05849672247411101436860552888
0.05849672247411101436860552888
0.05849672247411101436860552888
0.05863440154133730434542127761
0.05863440154133730434542127761
0.05863440154133730434542127761
0.05863440154133730434542127761
0.05863440154133730434542127761
0.05866232536672786160869931808
0.05866232536672786160869931808
0.05866232536672786160869931808
0.05866232536672786160869931808
0.05866232536672786160869931808
0.05866043586108115141666760569
0.05866043586108115141666760569
0.05866043586108115141666760569
0.05866043586108115141666760569
0.05866043586108115141666760569
0.05866910909140719187661897402
0.05866910909140719187661897402
0.05866910909140719187661897402
0.05866910909140719187661897402
0.05866910909140719187661897402
0.05866910909140719187661897402
0.05868695462568499046161104375
0.05868695462568499046161104375
0.05868695462568499046161104375
0.05868695462568499046161104375
0.05868695462568499046161104375
0.05858805615166598827021775473
0.05858805615166598827021775473
0.05858805615166598827021775473
0.05858805615166598827021775473
0.05858805615166598827021775473
0.05863947720925050046598228314
0.05863947720925050046598228314
0.05863947720925050046598228314
