0.06090357491462436336986712596
0.06090357491462436336986712596
0.06090357491462436336986712596
0.06090357491462436336986712596
0.06090357491462436336986712596
0.05854055550257688781136968792
0.05854055550257688781136968792
0.05854055550257688781136968792
0.05854055550257688781136968792
0.05854055550257688781136968792
0.05982519881868693903732898086
0.05982519881868693903732898086
0.05982519881868693903732898086
0.05982519881868693903732898086
0.05982519881868693903732898086
0.05813036079859914481781230929
0.05813036079859914481781230929
0.05813036079859914481781230929
0.05813036079859914481781230929
0.05813036079859914481781230929
0.05860379814572471001709693309
0.05860379814572471001709693309
0.05860379814572471001709693309
0.05860379814572471001709693309
0.05860379814572471001709693309
0.05839432502522277646567057731
0.05839432502522277646567057731
0.05839432502522277646567057731
0.05839432502522277646567057731
0.05839432502522277646567057731
0.05796265296225348015776512959
0.05796265296225348015776512959
0.05796265296225348015776512959
0.05796265296225348015776512959
0.05796265296225348015776512959
0.05812760646198874409578643487
0.05812760646198874409578643487
0.05812760646198874409578643487
0.05812760646198874409578643487
0.05812760646198874409578643487
0.05848265579271709716279774184
0.05848265579271709716279774184
0.05848265579271709716279774184
0.05848265579271709716279774184
0.05848265579271709716279774184
0.05848265579271709716279774184
0.05867056661361909933180470781
0.05867056661361909933180470781
0.05867056661361909933180470781
0.05867056661361909933180470781
0.05867056661361909933180470781
0.05904269844443544040162249179
0.05904269844443544040162249179
0.05904269844443544040162249179
0.05904269844443544040162249179
0.05904269844443544040162249179
0.05886295703585715247627151677
0.05886295703585715247627151677
0.05886295703585715247627151677
0.05886295703585715247627151677
0.05886295703585715247627151677
0.05889768638862468472755446338
0.05889768638862468472755446338
0.05889768638862468472755446338
0.05889768638862468472755446338
0.05889768638862468472755446338
0.05909128157185418494911951006
0.05909128157185418494911951006
0.05909128157185418494911951006
0.05909128157185418494911951006
0.05909128157185418494911951006
0.05922709321616211255488435799
0.05922709321616211255488435799
0.05922709321616211255488435799
0.05922709321616211255488435799
0.05922709321616211255488435799
0.05907910781616897441601322897
0.05907910781616897441601322897
0.05907910781616897441601322897
0.05907910781616897441601322897
0.05907910781616897441601322897
0.05896282380372533779890311993
0.05896282380372533779890311993
0.05896282380372533779890311993
0.05896282380372533779890311993
0.05896282380372533779890311993
0.05896282380372533779890311993
0.05858226187446360809132815081
0.05858226187446360809132815081
0.05858226187446360809132815081
0.05858226187446360809132815081
0.05858226187446360809132815081
0.05861468974759743974176543062
0.05861468974759743974176543062
0.05861468974759743974176543062
0.05861468974759743974176543062
0.05861468974759743974176543062
0.05871283189685001239969966111
0.05871283189685001239969966111
0.05871283189685001239969966111
0.05874356160383094282193815214
0.05874356160383094282193815214
0.05874356160383094282193815214
0.05874356160383094282193815214
0.05874356160383094282193815214
0.05842812176935212858519836384
0.05842812176935212858519836384
0.05842812176935212858519836384
0.05842812176935212858519836384
0.05842812176935212858519836384
0.05840021462605776678639245946
0.05840021462605776678639245946
0.05840021462605776678639245946
0.05840021462605776678639245946
0.05840021462605776678639245946
0.05825067669650632747873117326
0.05825067669650632747873117326
0.05825067669650632747873117326
0.05825067669650632747873117326
0.05825067669650632747873117326
0.05839129437930406870699441882
0.05839129437930406870699441882
0.05839129437930406870699441882
0.05839129437930406870699441882
0.05839129437930406870699441882
0.05837805355757012320898678117
0.05837805355757012320898678117
0.05837805355757012320898678117
0.05837805355757012320898678117
0.05837805355757012320898678117
0.05836576467121113736364193007
0.05836576467121113736364193007
0.05836576467121113736364193007
0.05836576467121113736364193007
0.05836576467121113736364193007
0.05823294705487524994801941607
0.05823294705487524994801941607
0.05823294705487524994801941607
0.05823294705487524994801941607
0.05823294705487524994801941607
0.05832095853537992155406684077
0.05832095853537992155406684077
0.05832095853537992155406684077
0.05832095853537992155406684077
0.05832095853537992155406684077
0.05832095853537992155406684077
0.05822831631276691084655709611
0.05822831631276691084655709611
0.05822831631276691084655709611
0.05822831631276691084655709611
0.05822831631276691084655709611
0.05820224598273166213211047387
0.05820224598273166213211047387
0.05820224598273166213211047387
0.05820224598273166213211047387
0.05820224598273166213211047387
0.05817513281301629464382331522
0.05817513281301629464382331522
0.05817513281301629464382331522
0.05817513281301629464382331522
0.05817513281301629464382331522
0.05806129937100142106272538480
0.05806129937100142106272538480
0.05806129937100142106272538480
0.05806129937100142106272538480
0.05806129937100142106272538480
0.05825063517819630196125550940
0.05825063517819630196125550940
0.05825063517819630196125550940
0.05825063517819630196125550940
0.05825063517819630196125550940
0.05827471352049923169398251235
0.05827471352049923169398251235
0.05827471352049923169398251235
0.05827471352049923169398251235
0.05827471352049923169398251235
0.05834127834757580215930588715
0.05834127834757580215930588715
0.05834127834757580215930588715
0.05834127834757580215930588715
0.05834127834757580215930588715
0.05834418725946732046151061627
0.05834418725946732046151061627
0.05834418725946732046151061627
0.05834418725946732046151061627
0.05834418725946732046151061627
0.05834418725946732046151061627
0.05837575651427358384633775027
0.05837575651427358384633775027
0.05837575651427358384633775027
0.05837575651427358384633775027
0.05837575651427358384633775027
0.05831979212410534939044860051
0.05831979212410534939044860051
0.05831979212410534939044860051
0.05831979212410534939044860051
0.05831979212410534939044860051
0.05829141994442111001604343899
0.05829141994442111001604343899
0.05829141994442111001604343899
