0.5502641417889155876643212398
0.5502641417889155876643212398
0.5502641417889155876643212398
0.5502641417889155876643212398
0.5502641417889155876643212398
0.5323221141000386861277553412
0.5323221141000386861277553412
0.5323221141000386861277553412
0.5323221141000386861277553412
0.5323221141000386861277553412
0.5492984240444545300879675227
0.5492984240444545300879675227
0.5492984240444545300879675227
0.5492984240444545300879675227
0.5492984240444545300879675227
0.5484604723481324663969803672
0.5484604723481324663969803672
0.5484604723481324663969803672
0.5484604723481324663969803672
0.5484604723481324663969803672
0.5470174494175558059578803406
0.5470174494175558059578803406
0.5470174494175558059578803406
0.5470174494175558059578803406
0.5470174494175558059578803406
0.5417493118004834969681076705
0.5417493118004834969681076705
0.5417493118004834969681076705
0.5417493118004834969681076705
0.5417493118004834969681076705
0.5457749599098819860131856374
0.5457749599098819860131856374
0.5457749599098819860131856374
0.5457749599098819860131856374
0.5457749599098819860131856374
0.5454336115550798369106242843
0.5454336115550798369106242843
0.5454336115550798369106242843
0.5454336115550798369106242843
0.5454336115550798369106242843
0.5448221777128919584876160517
0.5448221777128919584876160517
0.5448221777128919584876160517
0.5448221777128919584876160517
0.5448221777128919584876160517
0.5448221777128919584876160517
0.5465201981031108020232892082
0.5465201981031108020232892082
0.5465201981031108020232892082
0.5465201981031108020232892082
0.5465201981031108020232892082
0.5439613647621407933201245531
0.5439613647621407933201245531
0.5439613647621407933201245531
0.5439613647621407933201245531
0.5439613647621407933201245531
0.5489113595720166140654656656
0.5489113595720166140654656656
0.5489113595720166140654656656
0.5489113595720166140654656656
0.5489113595720166140654656656
0.5511003273301664322274715975
0.5511003273301664322274715975
0.5511003273301664322274715975
0.5511003273301664322274715975
0.5511003273301664322274715975
0.5536433167780711154410209965
0.5536433167780711154410209965
0.5536433167780711154410209965
0.5536433167780711154410209965
0.5536433167780711154410209965
0.5551658219766627516730855254
0.5551658219766627516730855254
0.5551658219766627516730855254
0.5551658219766627516730855254
0.5551658219766627516730855254
0.5554211051429089902380861787
0.5554211051429089902380861787
0.5554211051429089902380861787
0.5554211051429089902380861787
0.5554211051429089902380861787
0.5564359288307278935510770031
0.5564359288307278935510770031
0.5564359288307278935510770031
0.5564359288307278935510770031
0.5564359288307278935510770031
0.5564359288307278935510770031
0.5557016996347437031881404640
0.5557016996347437031881404640
0.5557016996347437031881404640
0.5557016996347437031881404640
0.5557016996347437031881404640
0.5553224350684661816483262167
0.5553224350684661816483262167
0.5553224350684661816483262167
0.5553224350684661816483262167
0.5553224350684661816483262167
0.5565926943845663766884013867
0.5565926943845663766884013867
0.5565926943845663766884013867
0.5563140632723876665649953948
0.5563140632723876665649953948
0.5563140632723876665649953948
0.5563140632723876665649953948
0.5563140632723876665649953948
0.5562935606249221525864621427
0.5562935606249221525864621427
0.5562935606249221525864621427
0.5562935606249221525864621427
0.5562935606249221525864621427
0.5555875206665936769600496681
0.5555875206665936769600496681
0.5555875206665936769600496681
0.5555875206665936769600496681
0.5555875206665936769600496681
0.5544063612228417502114064059
0.5544063612228417502114064059
0.5544063612228417502114064059
0.5544063612228417502114064059
0.5544063612228417502114064059
0.5571130026733955331578003357
0.5571130026733955331578003357
0.5571130026733955331578003357
0.5571130026733955331578003357
0.5571130026733955331578003357
0.5592424825521754686011615133
0.5592424825521754686011615133
0.5592424825521754686011615133
0.5592424825521754686011615133
0.5592424825521754686011615133
0.5600033693937396517645594236
0.5600033693937396517645594236
0.5600033693937396517645594236
0.5600033693937396517645594236
0.5600033693937396517645594236
0.5571347439472916435159002228
0.5571347439472916435159002228
0.5571347439472916435159002228
0.5571347439472916435159002228
0.5571347439472916435159002228
0.5570813078781656777680930390
0.5570813078781656777680930390
0.5570813078781656777680930390
0.5570813078781656777680930390
0.5570813078781656777680930390
0.5570813078781656777680930390
0.5554817529093351820955403271
0.5554817529093351820955403271
0.5554817529093351820955403271
0.5554817529093351820955403271
0.5554817529093351820955403271
0.5573001897517466852719906295
0.5573001897517466852719906295
0.5573001897517466852719906295
0.5573001897517466852719906295
0.5573001897517466852719906295
0.5579634692209917401976807879
0.5579634692209917401976807879
0.5579634692209917401976807879
0.5579634692209917401976807879
0.5579634692209917401976807879
0.5580913042437806799102842989
0.5580913042437806799102842989
0.5580913042437806799102842989
0.5580913042437806799102842989
0.5580913042437806799102842989
0.5576811415510564382353832871
0.5576811415510564382353832871
0.5576811415510564382353832871
0.5576811415510564382353832871
0.5576811415510564382353832871
0.5578572612598586917699466241
0.5578572612598586917699466241
0.5578572612598586917699466241
0.5578572612598586917699466241
0.5578572612598586917699466241
0.5578927259415964949270341085
0.5578927259415964949270341085
0.5578927259415964949270341085
0.5578927259415964949270341085
0.5578927259415964949270341085
0.5583126827616947318417918351
0.5583126827616947318417918351
0.5583126827616947318417918351
0.5583126827616947318417918351
0.5583126827616947318417918351
0.5583126827616947318417918351
0.5580634156814938470904918528
0.5580634156814938470904918528
0.5580634156814938470904918528
0.5580634156814938470904918528
0.5580634156814938470904918528
0.5583017572927596436489673911
0.5583017572927596436489673911
0.5583017572927596436489673911
0.5583017572927596436489673911
0.5583017572927596436489673911
0.5584766505706095979854172531
0.5584766505706095979854172531
0.5584766505706095979854172531
