0.05731636110383240882949731348
0.05731636110383240882949731348
0.05731636110383240882949731348
0.05731636110383240882949731348
0.05731636110383240882949731348
0.05879112362561868197321200824
0.05879112362561868197321200824
0.05879112362561868197321200824
0.05879112362561868197321200824
0.05879112362561868197321200824
0.05803701262837690241628913755
0.05803701262837690241628913755
0.05803701262837690241628913755
0.05803701262837690241628913755
0.05803701262837690241628913755
0.05697189706537522242924447349
0.05697189706537522242924447349
0.05697189706537522242924447349
0.05697189706537522242924447349
0.05697189706537522242924447349
0.05702994656611784533318381901
0.05702994656611784533318381901
0.05702994656611784533318381901
0.05702994656611784533318381901
0.05702994656611784533318381901
0.05717383948979411872622546382
0.05717383948979411872622546382
0.05717383948979411872622546382
0.05717383948979411872622546382
0.05717383948979411872622546382
0.05738445190020841828994561706
0.05738445190020841828994561706
0.05738445190020841828994561706
0.05738445190020841828994561706
0.05738445190020841828994561706
0.05732248859968189472610852138
0.05732248859968189472610852138
0.05732248859968189472610852138
0.05732248859968189472610852138
0.05732248859968189472610852138
0.05722901427629882097366549299
0.05722901427629882097366549299
0.05722901427629882097366549299
0.05722901427629882097366549299
0.05722901427629882097366549299
0.05722901427629882097366549299
0.05735393735355577302246600117
0.05735393735355577302246600117
0.05735393735355577302246600117
0.05735393735355577302246600117
0.05735393735355577302246600117
0.05714117357978753677962033221
0.05714117357978753677962033221
0.05714117357978753677962033221
0.05714117357978753677962033221
0.05714117357978753677962033221
0.05745889302184404664441692493
0.05745889302184404664441692493
0.05745889302184404664441692493
0.05745889302184404664441692493
0.05745889302184404664441692493
0.05749345775182960973136922066
0.05749345775182960973136922066
0.05749345775182960973136922066
0.05749345775182960973136922066
0.05749345775182960973136922066
0.05775213132840291944600970014
0.05775213132840291944600970014
0.05775213132840291944600970014
0.05775213132840291944600970014
0.05775213132840291944600970014
0.05772849147495876786324096363
0.05772849147495876786324096363
0.05772849147495876786324096363
0.05772849147495876786324096363
0.05772849147495876786324096363
0.05768555904660628052448189260
0.05768555904660628052448189260
0.05768555904660628052448189260
0.05768555904660628052448189260
0.05768555904660628052448189260
0.05738529486617476977801564659
0.05738529486617476977801564659
0.05738529486617476977801564659
0.05738529486617476977801564659
0.05738529486617476977801564659
0.05738529486617476977801564659
0.05714162405133918165259548354
0.05714162405133918165259548354
0.05714162405133918165259548354
0.05714162405133918165259548354
0.05714162405133918165259548354
0.05713658642029383235316778360
0.05713658642029383235316778360
0.05713658642029383235316778360
0.05713658642029383235316778360
0.05713658642029383235316778360
0.05723072161448714880518461131
0.05723072161448714880518461131
0.05723072161448714880518461131
0.05741260279593191773198565966
0.05741260279593191773198565966
0.05741260279593191773198565966
0.05741260279593191773198565966
0.05741260279593191773198565966
0.05731302749199825843952560556
0.05731302749199825843952560556
0.05731302749199825843952560556
0.05731302749199825843952560556
0.05731302749199825843952560556
0.05722726443588015639562061003
0.05722726443588015639562061003
0.05722726443588015639562061003
0.05722726443588015639562061003
0.05722726443588015639562061003
0.05725716241148869426521725336
0.05725716241148869426521725336
0.05725716241148869426521725336
0.05725716241148869426521725336
0.05725716241148869426521725336
0.05743432256555302558091314628
0.05743432256555302558091314628
0.05743432256555302558091314628
0.05743432256555302558091314628
0.05743432256555302558091314628
0.05733564960313277485082285588
0.05733564960313277485082285588
0.05733564960313277485082285588
0.05733564960313277485082285588
0.05733564960313277485082285588
0.05728746069027199988270893449
0.05728746069027199988270893449
0.05728746069027199988270893449
0.05728746069027199988270893449
0.05728746069027199988270893449
0.05723492245795088129819090078
0.05723492245795088129819090078
0.05723492245795088129819090078
0.05723492245795088129819090078
0.05723492245795088129819090078
0.05742771171723485066563736797
0.05742771171723485066563736797
0.05742771171723485066563736797
0.05742771171723485066563736797
0.05742771171723485066563736797
0.05742771171723485066563736797
0.05744125163163413995903537726
0.05744125163163413995903537726
0.05744125163163413995903537726
0.05744125163163413995903537726
0.05744125163163413995903537726
0.05749829184806835604302166895
0.05749829184806835604302166895
0.05749829184806835604302166895
0.05749829184806835604302166895
0.05749829184806835604302166895
0.05760941662194605181898088481
0.05760941662194605181898088481
0.05760941662194605181898088481
0.05760941662194605181898088481
0.05760941662194605181898088481
0.05774367344206532972206857430
0.05774367344206532972206857430
0.05774367344206532972206857430
0.05774367344206532972206857430
0.05774367344206532972206857430
0.05763008389782447482830139044
0.05763008389782447482830139044
0.05763008389782447482830139044
0.05763008389782447482830139044
0.05763008389782447482830139044
0.05774242567806560223235888248
0.05774242567806560223235888248
0.05774242567806560223235888248
0.05774242567806560223235888248
0.05774242567806560223235888248
0.05776581111563862380455345682
0.05776581111563862380455345682
0.05776581111563862380455345682
0.05776581111563862380455345682
0.05776581111563862380455345682
0.05783669360065238367565588991
0.05783669360065238367565588991
0.05783669360065238367565588991
0.05783669360065238367565588991
0.05783669360065238367565588991
0.05783669360065238367565588991
0.05783507851479954450461939902
0.05783507851479954450461939902
0.05783507851479954450461939902
0.05783507851479954450461939902
0.05783507851479954450461939902
0.05777772213593112207546848642
0.05777772213593112207546848642
0.05777772213593112207546848642
0.05777772213593112207546848642
0.05777772213593112207546848642
0.05778180080899295519904096606
0.05778180080899295519904096606
0.05778180080899295519904096606
