0.6254889927039090990080421334
0.6254889927039090990080421334
0.6254889927039090990080421334
0.6254889927039090990080421334
0.6254889927039090990080421334
0.5978880949216062539150302748
0.5978880949216062539150302748
0.5978880949216062539150302748
0.5978880949216062539150302748
0.5978880949216062539150302748
0.5818812685441434339817823034
0.5818812685441434339817823034
0.5818812685441434339817823034
0.5818812685441434339817823034
0.5818812685441434339817823034
0.5763028826023616950474196378
0.5763028826023616950474196378
0.5763028826023616950474196378
0.5763028826023616950474196378
0.5763028826023616950474196378
0.5584634806115476672816120180
0.5584634806115476672816120180
0.5584634806115476672816120180
0.5584634806115476672816120180
0.5584634806115476672816120180
0.5580253015741682228050864920
0.5580253015741682228050864920
0.5580253015741682228050864920
0.5580253015741682228050864920
0.5580253015741682228050864920
0.5643669317798850265524656457
0.5643669317798850265524656457
0.5643669317798850265524656457
0.5643669317798850265524656457
0.5643669317798850265524656457
0.5666223469280918426574593447
0.5666223469280918426574593447
0.5666223469280918426574593447
0.5666223469280918426574593447
0.5666223469280918426574593447
0.5652372938538813442532220815
0.5652372938538813442532220815
0.5652372938538813442532220815
0.5652372938538813442532220815
0.5652372938538813442532220815
0.5652372938538813442532220815
0.5605435542596708808428549974
0.5605435542596708808428549974
0.5605435542596708808428549974
0.5605435542596708808428549974
0.5605435542596708808428549974
0.5616387116845691366700285982
0.5616387116845691366700285982
0.5616387116845691366700285982
0.5616387116845691366700285982
0.5616387116845691366700285982
0.5568779618413374432030304620
0.5568779618413374432030304620
0.5568779618413374432030304620
0.5568779618413374432030304620
0.5568779618413374432030304620
0.5585529556375816918581862052
0.5585529556375816918581862052
0.5585529556375816918581862052
0.5585529556375816918581862052
0.5585529556375816918581862052
0.5612329211913365038420737249
0.5612329211913365038420737249
0.5612329211913365038420737249
0.5612329211913365038420737249
0.5612329211913365038420737249
0.5582956612488831650458940417
0.5582956612488831650458940417
0.5582956612488831650458940417
0.5582956612488831650458940417
0.5582956612488831650458940417
0.5603109211491946649332602598
0.5603109211491946649332602598
0.5603109211491946649332602598
0.5603109211491946649332602598
0.5603109211491946649332602598
0.5604959937512883837211092336
0.5604959937512883837211092336
0.5604959937512883837211092336
0.5604959937512883837211092336
0.5604959937512883837211092336
0.5604959937512883837211092336
0.5594644612959199153232987493
0.5594644612959199153232987493
0.5594644612959199153232987493
0.5594644612959199153232987493
0.5594644612959199153232987493
0.5603873197588051700928642523
0.5603873197588051700928642523
0.5603873197588051700928642523
0.5603873197588051700928642523
0.5603873197588051700928642523
0.5575753633150508543952220611
0.5575753633150508543952220611
0.5575753633150508543952220611
0.5588122810863200152232812204
0.5588122810863200152232812204
0.5588122810863200152232812204
0.5588122810863200152232812204
0.5588122810863200152232812204
0.5605203208081591494551918164
0.5605203208081591494551918164
0.5605203208081591494551918164
0.5605203208081591494551918164
0.5605203208081591494551918164
0.5602503144057429472069872286
0.5602503144057429472069872286
0.5602503144057429472069872286
0.5602503144057429472069872286
0.5602503144057429472069872286
0.5604563313028628659748457789
0.5604563313028628659748457789
0.5604563313028628659748457789
0.5604563313028628659748457789
0.5604563313028628659748457789
0.5616285998376632886189089447
0.5616285998376632886189089447
0.5616285998376632886189089447
0.5616285998376632886189089447
0.5616285998376632886189089447
0.5596534874120302481256936327
0.5596534874120302481256936327
0.5596534874120302481256936327
0.5596534874120302481256936327
0.5596534874120302481256936327
0.5613524565147639344344611934
0.5613524565147639344344611934
0.5613524565147639344344611934
0.5613524565147639344344611934
0.5613524565147639344344611934
0.5622955581218107566419372591
0.5622955581218107566419372591
0.5622955581218107566419372591
0.5622955581218107566419372591
0.5622955581218107566419372591
0.5612678424723132641823082198
0.5612678424723132641823082198
0.5612678424723132641823082198
0.5612678424723132641823082198
0.5612678424723132641823082198
0.5612678424723132641823082198
0.5630110034391563952433518625
0.5630110034391563952433518625
0.5630110034391563952433518625
0.5630110034391563952433518625
0.5630110034391563952433518625
0.5627299213086022236131575597
0.5627299213086022236131575597
0.5627299213086022236131575597
0.5627299213086022236131575597
0.5627299213086022236131575597
0.5610640889779131871488861411
0.5610640889779131871488861411
0.5610640889779131871488861411
0.5610640889779131871488861411
0.5610640889779131871488861411
0.5599961563575619310108637915
0.5599961563575619310108637915
0.5599961563575619310108637915
0.5599961563575619310108637915
0.5599961563575619310108637915
0.5605869607210223552666995265
0.5605869607210223552666995265
0.5605869607210223552666995265
0.5605869607210223552666995265
0.5605869607210223552666995265
0.5614912568070320674460850339
0.5614912568070320674460850339
0.5614912568070320674460850339
0.5614912568070320674460850339
0.5614912568070320674460850339
0.5615665144927145555575080899
0.5615665144927145555575080899
0.5615665144927145555575080899
0.5615665144927145555575080899
0.5615665144927145555575080899
0.5618815867176887200405101812
0.5618815867176887200405101812
0.5618815867176887200405101812
0.5618815867176887200405101812
0.5618815867176887200405101812
0.5618815867176887200405101812
0.5614128888546416533108015996
0.5614128888546416533108015996
0.5614128888546416533108015996
0.5614128888546416533108015996
0.5614128888546416533108015996
0.5610183133910862215798854430
0.5610183133910862215798854430
0.5610183133910862215798854430
0.5610183133910862215798854430
0.5610183133910862215798854430
0.5609781407639718798733642286
0.5609781407639718798733642286
0.5609781407639718798733642286
