0.00003320523391164339444228937840
0.00003320523391164339444228937840
0.00003320523391164339444228937840
0.00003520263904121867066073122487
0.00003520263904121867066073122487
0.00003520263904121867066073122487
0.00003575443355785747056336486426
0.00003575443355785747056336486426
0.00003575443355785747056336486426
0.00003613166841528708577257806721
0.00003613166841528708577257806721
0.00003613166841528708577257806721
0.00003633000539057206849653442699
0.00003633000539057206849653442699
0.00003633000539057206849653442699
0.00003818951260636274469843953462
0.00003818951260636274469843953462
0.00003818951260636274469843953462
0.00003914826891325389966708559157
0.00003914826891325389966708559157
0.00003914826891325389966708559157
0.00003957538369629052280515317727
0.00003957538369629052280515317727
0.00003957538369629052280515317727
0.00003907854376489886422570754409
0.00003907854376489886422570754409
0.00003907854376489886422570754409
0.00003907854376489886422570754409
0.00004011565329108414107689919117
0.00004011565329108414107689919117
0.00004011565329108414107689919117
0.00003984601347836885353461342620
0.00003984601347836885353461342620
0.00003984601347836885353461342620
0.00004118281616531543244234391229
0.00004118281616531543244234391229
0.00004118281616531543244234391229
0.00004086450259062316596292000353
0.00004086450259062316596292000353
0.00004086450259062316596292000353
0.00004100170851120338690280720041
0.00004100170851120338690280720041
0.00004100170851120338690280720041
0.00004163762158518307667106228988
0.00004163762158518307667106228988
0.00004163762158518307667106228988
0.00004272205185196972771766368393
0.00004272205185196972771766368393
0.00004272205185196972771766368393
0.00004344550656272986554206855116
0.00004344550656272986554206855116
0.00004344550656272986554206855116
0.00004344550656272986554206855116
0.00004412437742873948680763389586
0.00004412437742873948680763389586
0.00004412437742873948680763389586
0.00004420154485319572950382094711
0.00004420154485319572950382094711
0.00004420154485319572950382094711
0.00004369409657122468403074059976
0.00004369409657122468403074059976
0.00004369409657122468403074059976
0.00004318520352343734942826175991
0.00004318520352343734942826175991
0.00004318520352343734942826175991
0.00004353264127441643171784472102
0.00004353264127441643171784472102
0.00004353264127441643171784472102
0.00004374467176614971279898128162
0.00004374467176614971279898128162
0.00004374467176614971279898128162
0.00004456985939808954964089750210
0.00004456985939808954964089750210
0.00004456985939808954964089750210
0.00004507625816756014666948768991
0.00004507625816756014666948768991
0.00004507625816756014666948768991
0.00004507625816756014666948768991
0.00004527768411902189452830900367
0.00004527768411902189452830900367
0.00004527768411902189452830900367
0.00004492775962363209112714327216
0.00004492775962363209112714327216
0.00004492775962363209112714327216
0.00004439272405086930610499980166
0.00004439272405086930610499980166
0.00004439272405086930610499980166
0.00004433767483656321068109710772
0.00004433767483656321068109710772
0.00004433767483656321068109710772
0.00004380846354209647222677774296
0.00004380846354209647222677774296
0.00004380846354209647222677774296
0.00004351689692224609939017833320
0.00004351689692224609939017833320
0.00004351689692224609939017833320
0.00004322818198119849027444827717
0.00004322818198119849027444827717
0.00004322818198119849027444827717
0.00004310328373202374026671205044
0.00004310328373202374026671205044
0.00004310328373202374026671205044
0.00004307392424291091805049154699
0.00004307392424291091805049154699
0.00004307392424291091805049154699
0.00004307392424291091805049154699
0.00004341435722937099149091290267
0.00004341435722937099149091290267
0.00004341435722937099149091290267
0.00004310742389881859127187167494
0.00004310742389881859127187167494
0.00004310742389881859127187167494
0.00004340793687878526990560332813
0.00004340793687878526990560332813
0.00004340793687878526990560332813
0.00004353482447614083292701715009
0.00004353482447614083292701715009
0.00004353482447614083292701715009
0.00004386639240664146229427848611
0.00004386639240664146229427848611
0.00004386639240664146229427848611
0.00004376941247635842064993862810
0.00004376941247635842064993862810
0.00004376941247635842064993862810
0.00004394657205811937589592561963
0.00004394657205811937589592561963
0.00004394657205811937589592561963
0.00004400803388360534552629992947
0.00004400803388360534552629992947
0.00004400803388360534552629992947
0.00004400803388360534552629992947
0.00004424341811002489678274871223
0.00004424341811002489678274871223
0.00004424341811002489678274871223
0.00004378907623320569681871058756
0.00004378907623320569681871058756
0.00004378907623320569681871058756
0.00004372398824322026737473188031
0.00004372398824322026737473188031
0.00004372398824322026737473188031
0.00004383838593687123516858402320
0.00004383838593687123516858402320
0.00004383838593687123516858402320
0.00004384971061011717659635603702
0.00004384971061011717659635603702
0.00004384971061011717659635603702
0.00004374120786170616532519198954
0.00004374120786170616532519198954
0.00004374120786170616532519198954
0.00004370674545801047534403208135
0.00004370674545801047534403208135
0.00004370674545801047534403208135
0.00004390240907308965003641713560
0.00004390240907308965003641713560
0.00004390240907308965003641713560
0.00004390240907308965003641713560
0.00004415380747870296229989527847
0.00004415380747870296229989527847
0.00004415380747870296229989527847
0.00004419676526341004273754866480
0.00004419676526341004273754866480
0.00004419676526341004273754866480
0.00004416797647516984059556463956
0.00004416797647516984059556463956
0.00004416797647516984059556463956
0.00004409609535646514033003289044
0.00004409609535646514033003289044
0.00004409609535646514033003289044
0.00004410828342263665990365481724
0.00004410828342263665990365481724
0.00004410828342263665990365481724
0.00004401739221539406605137844220
0.00004401739221539406605137844220
0.00004401739221539406605137844220
0.00004396193902821525313382068161
0.00004396193902821525313382068161
0.00004396193902821525313382068161
0.00004367868173453303439931830160
0.00004367868173453303439931830160
0.00004367868173453303439931830160
0.00004381992595381315549841833827
0.00004381992595381315549841833827
0.00004381992595381315549841833827
0.00004381992595381315549841833827
0.00004373329870065000723796807899
0.00004373329870065000723796807899
0.00004373329870065000723796807899
0.00004360045175630974716695516108
0.00004360045175630974716695516108
0.00004360045175630974716695516108
0.00004360973408535551165608286144
0.00004360973408535551165608286144
0.00004360973408535551165608286144
0.00004386774168224254421531061494
0.00004386774168224254421531061494
0.00004386774168224254421531061494
0.00004365634566356040062447373988
0.00004365634566356040062447373988
0.00004365634566356040062447373988
0.00004365634566356040062447373988
0.00004381591829650200787738647503
0.00004381591829650200787738647503
0.00004381591829650200787738647503
0.00004368615341033058072335864077
0.00004368615341033058072335864077
0.00004368615341033058072335864077
0.00004363275464266053169536122368
0.00004363275464266053169536122368
0.00004363275464266053169536122368
0.00004352999934074233717892152417
0.00004352999934074233717892152417
0.00004352999934074233717892152417
0.00004357034020838513964738647868
0.00004357034020838513964738647868
0.00004357034020838513964738647868
0.00004381780678433378461666464104
0.00004381780678433378461666464104
0.00004381780678433378461666464104
0.00004385220511292438977952027043
0.00004385220511292438977952027043
0.00004385220511292438977952027043
0.00004387125666005421815364216538
0.00004387125666005421815364216538
0.00004387125666005421815364216538
0.00004387125666005421815364216538
0.00004383986073057459232965926439
0.00004383986073057459232965926439
0.00004383986073057459232965926439
0.00004374339283587470670841528832
0.00004374339283587470670841528832
0.00004374339283587470670841528832
0.00004366373026523538444896570932
0.00004366373026523538444896570932
0.00004366373026523538444896570932
0.00004358682658204152149816855904
0.00004358682658204152149816855904
0.00004358682658204152149816855904
0.00004353892367327272369543957199
0.00004353892367327272369543957199
0.00004353892367327272369543957199
0.00004350788813709928280490329797
0.00004350788813709928280490329797
0.00004350788813709928280490329797
0.00004359477835577588631264177714
0.00004359477835577588631264177714
0.00004359477835577588631264177714
0.00004350621125221763655627424485
0.00004350621125221763655627424485
0.00004350621125221763655627424485
0.00004350621125221763655627424485
0.00004348908516511379864809892722
0.00004348908516511379864809892722
0.00004348908516511379864809892722
0.00004345330956534569243472337535
0.00004345330956534569243472337535
0.00004345330956534569243472337535
0.00004350237561752375126557865716
0.00004350237561752375126557865716
0.00004350237561752375126557865716
0.00004354434270372818409778847208
0.00004354434270372818409778847208
0.00004354434270372818409778847208
0.00004355561457867691032468767383
0.00004355561457867691032468767383
0.00004355561457867691032468767383
0.00004351300132773840755220926843
0.00004351300132773840755220926843
0.00004351300132773840755220926843
0.00004357379739846136979441484030
0.00004357379739846136979441484030
0.00004357379739846136979441484030
0.00004367232558403672119080076980
0.00004367232558403672119080076980
0.00004367232558403672119080076980
0.00004350014257518850515307266136
0.00004350014257518850515307266136
0.00004350014257518850515307266136
0.00004350014257518850515307266136
0.00004363235583048482081059972034
0.00004363235583048482081059972034
0.00004363235583048482081059972034
0.00004382821176965218045661275198
0.00004382821176965218045661275198
0.00004382821176965218045661275198
0.00004403096902840386973084315153
0.00004403096902840386973084315153
0.00004403096902840386973084315153
0.00004394273988351669817294533080
0.00004394273988351669817294533080
0.00004394273988351669817294533080
0.00004417877329641594007496885052
0.00004417877329641594007496885052
0.00004417877329641594007496885052
0.00004436285280853880042489710264
0.00004436285280853880042489710264
0.00004436285280853880042489710264
0.00004429732858807126035319196895
0.00004429732858807126035319196895
0.00004429732858807126035319196895
0.00004419507096120631581447731920
0.00004419507096120631581447731920
0.00004419507096120631581447731920
0.00004419507096120631581447731920
0.00004420102164765253944856803805
0.00004420102164765253944856803805
0.00004420102164765253944856803805
0.00004417804283349951390070910206
0.00004417804283349951390070910206
0.00004417804283349951390070910206
0.00004420238877946682960103817323
0.00004420238877946682960103817323
0.00004420238877946682960103817323
0.00004413542045333398369075571243
0.00004413542045333398369075571243
0.00004413542045333398369075571243
0.00004409092603486143160750430460
0.00004409092603486143160750430460
0.00004409092603486143160750430460
0.00004405079837328125515600568767
0.00004405079837328125515600568767
0.00004405079837328125515600568767
0.00004395844830793461988964213252
0.00004395844830793461988964213252
0.00004395844830793461988964213252
0.00004396864181155177244844282596
0.00004396864181155177244844282596
0.00004396864181155177244844282596
0.00004396864181155177244844282596
0.00004404338563152925646752194142
0.00004404338563152925646752194142
0.00004404338563152925646752194142
0.00004405968552965035018232020699
0.00004405968552965035018232020699
0.00004405968552965035018232020699
0.00004412692644895170546951766892
0.00004412692644895170546951766892
0.00004412692644895170546951766892
0.00004417696448779532944756863606
0.00004417696448779532944756863606
0.00004417696448779532944756863606
0.00004412715336277975288106383646
0.00004412715336277975288106383646
0.00004412715336277975288106383646
0.00004423666881966923533319123190
0.00004423666881966923533319123190
0.00004423666881966923533319123190
0.00004419805540925730735654846647
0.00004419805540925730735654846647
0.00004419805540925730735654846647
0.00004408220248116767948518844009
0.00004408220248116767948518844009
0.00004408220248116767948518844009
0.00004426340359447806626673729958
0.00004426340359447806626673729958
0.00004426340359447806626673729958
0.00004426340359447806626673729958
0.00004425222087231892991573635323
0.00004425222087231892991573635323
0.00004425222087231892991573635323
0.00004415522452373542090548586974
0.00004415522452373542090548586974
0.00004415522452373542090548586974
0.00004416152352128291050235786556
0.00004416152352128291050235786556
0.00004416152352128291050235786556
0.00004428126799821756286637039410
0.00004428126799821756286637039410
0.00004428126799821756286637039410
0.00004418748768559213622248378128
0.00004418748768559213622248378128
0.00004418748768559213622248378128
0.00004431824091148376758916336114
0.00004431824091148376758916336114
0.00004431824091148376758916336114
0.00004437491573928265040114402954
0.00004437491573928265040114402954
0.00004437491573928265040114402954
0.00004442358858684798415322390638
0.00004442358858684798415322390638
0.00004442358858684798415322390638
0.00004442358858684798415322390638
0.00004443434576707577844209163195
0.00004443434576707577844209163195
0.00004443434576707577844209163195
0.00004440545047650799735352402617
0.00004440545047650799735352402617
0.00004440545047650799735352402617
0.00004436727907215172550439688718
0.00004436727907215172550439688718
0.00004436727907215172550439688718
0.00004444062106893923602989328599
0.00004444062106893923602989328599
0.00004444062106893923602989328599
0.00004433169003863044250386064914
0.00004433169003863044250386064914
0.00004433169003863044250386064914
0.00004439487624993920263025971116
0.00004439487624993920263025971116
0.00004439487624993920263025971116
0.00004438220095895574170563899227
0.00004438220095895574170563899227
0.00004438220095895574170563899227
0.00004438360568568789242745228399
0.00004438360568568789242745228399
0.00004438360568568789242745228399
0.00004438360568568789242745228399
0.00004439506397060834415452346176
0.00004439506397060834415452346176
0.00004439506397060834415452346176
0.00004443359888074861578488784073
0.00004443359888074861578488784073
0.00004443359888074861578488784073
0.00004444879265612546984630530411
0.00004444879265612546984630530411
0.00004444879265612546984630530411
0.00004432203836443851257264714608
0.00004432203836443851257264714608
0.00004432203836443851257264714608
0.00004421672283996962468381351556
0.00004421672283996962468381351556
0.00004421672283996962468381351556
0.00004416655602741620245881823874
0.00004416655602741620245881823874
0.00004416655602741620245881823874
0.00004416032614654068563667336057
0.00004416032614654068563667336057
0.00004416032614654068563667336057
0.00004412020060069572060638128373
0.00004412020060069572060638128373
0.00004412020060069572060638128373
0.00004412873241476995022574542554
0.00004412873241476995022574542554
0.00004412873241476995022574542554
0.00004412873241476995022574542554
0.00004414196531324053942010833843
0.00004414196531324053942010833843
0.00004414196531324053942010833843
0.00004420569439720972881760622563
0.00004420569439720972881760622563
0.00004420569439720972881760622563
0.00004411406587886878985237889681
0.00004411406587886878985237889681
0.00004411406587886878985237889681
0.00004408152274103143001846907604
0.00004408152274103143001846907604
0.00004408152274103143001846907604
0.00004399087870182027090404788977
0.00004399087870182027090404788977
0.00004399087870182027090404788977
0.00004397966002214975127509654784
0.00004403332466269898894344706523
0.00004403332466269898894344706523
0.00004403332466269898894344706523
0.00004402540229593734943567622355
0.00004402540229593734943567622355
0.00004402540229593734943567622355
0.00004405741245449745796127105233
0.00004405741245449745796127105233
0.00004405741245449745796127105233
0.00004405232880441486800392625580
0.00004405232880441486800392625580
0.00004405232880441486800392625580
0.00004403636205987573917647305280
0.00004403636205987573917647305280
0.00004403636205987573917647305280
0.00004413584779285673311152226165
0.00004413584779285673311152226165
0.00004413584779285673311152226165
0.00004409072394292554231022641224
0.00004409072394292554231022641224
0.00004409072394292554231022641224
0.00004406090549061166972036163060
0.00004406090549061166972036163060
0.00004406090549061166972036163060
0.00004406090549061166972036163060
0.00004404822568595139718764740181
0.00004404822568595139718764740181
0.00004404822568595139718764740181
0.00004408364403226564509684810049
0.00004408364403226564509684810049
0.00004408364403226564509684810049
0.00004408474827949542705734605139
0.00004408474827949542705734605139
0.00004408474827949542705734605139
0.00004414460779662813382171174697
0.00004414460779662813382171174697
0.00004414460779662813382171174697
0.00004409360285962562647383036456
0.00004409360285962562647383036456
0.00004409360285962562647383036456
0.00004405570258529436521998722410
0.00004405570258529436521998722410
0.00004405570258529436521998722410
0.00004406350786977329761821221666
0.00004406350786977329761821221666
0.00004406350786977329761821221666
0.00004406321969171635647953622617
0.00004406321969171635647953622617
0.00004406321969171635647953622617
0.00004406321969171635647953622617
