0.00004731454776084182093290182698
0.00004731454776084182093290182698
0.00004731454776084182093290182698
0.00004534239690290880534676156702
0.00004534239690290880534676156702
0.00004534239690290880534676156702
0.00004932292288208260414522537611
0.00004932292288208260414522537611
0.00004932292288208260414522537611
0.00005266117454530034512946827059
0.00005266117454530034512946827059
0.00005266117454530034512946827059
0.00005457603797305014284462023581
0.00005457603797305014284462023581
0.00005457603797305014284462023581
0.00005275778348204872041805874835
0.00005275778348204872041805874835
0.00005275778348204872041805874835
0.00004951313891807303863264284154
0.00004951313891807303863264284154
0.00004951313891807303863264284154
0.00004859054888091762320013748917
0.00004859054888091762320013748917
0.00004859054888091762320013748917
0.00005182019362879627864349332036
0.00005182019362879627864349332036
0.00005182019362879627864349332036
0.00005182019362879627864349332036
0.00005219667211898903827789606632
0.00005219667211898903827789606632
0.00005219667211898903827789606632
0.00005340121476040282770613279481
0.00005340121476040282770613279481
0.00005340121476040282770613279481
0.00005179955060150862778151657540
0.00005179955060150862778151657540
0.00005179955060150862778151657540
0.00005085707502942544211428714449
0.00005085707502942544211428714449
0.00005085707502942544211428714449
0.00005041620533875451288175939948
0.00005041620533875451288175939948
0.00005041620533875451288175939948
0.00005068245048969991115693150877
0.00005068245048969991115693150877
0.00005068245048969991115693150877
0.00005041965637105504783055257757
0.00005041965637105504783055257757
0.00005041965637105504783055257757
0.00004976319996821620558114108790
0.00004976319996821620558114108790
0.00004976319996821620558114108790
0.00004976319996821620558114108790
0.00004902579877653418755650678441
0.00004902579877653418755650678441
0.00004902579877653418755650678441
0.00004878838077511409387472619899
0.00004878838077511409387472619899
0.00004878838077511409387472619899
0.00004867845761525858161865466427
0.00004867845761525858161865466427
0.00004867845761525858161865466427
0.00004906316723763854517565973527
0.00004906316723763854517565973527
0.00004906316723763854517565973527
0.00004895046042136975617518063158
0.00004895046042136975617518063158
0.00004895046042136975617518063158
0.00004823672858612556223195611239
0.00004823672858612556223195611239
0.00004823672858612556223195611239
0.00004873341752122589346972329851
0.00004873341752122589346972329851
0.00004873341752122589346972329851
0.00004827649488624041908107434480
0.00004827649488624041908107434480
0.00004827649488624041908107434480
0.00004827649488624041908107434480
0.00004852896773039464395545308170
0.00004852896773039464395545308170
0.00004852896773039464395545308170
0.00004825061997666797656379788535
0.00004825061997666797656379788535
0.00004825061997666797656379788535
0.00004782529134091060363653070510
0.00004782529134091060363653070510
0.00004782529134091060363653070510
0.00004758950695299156261955549401
0.00004758950695299156261955549401
0.00004758950695299156261955549401
0.00004690545320497242566715298278
0.00004690545320497242566715298278
0.00004690545320497242566715298278
0.00004717190811040681068055703233
0.00004717190811040681068055703233
0.00004717190811040681068055703233
0.00004727851681227079545579276472
0.00004727851681227079545579276472
0.00004727851681227079545579276472
0.00004738324758812701044618165120
0.00004738324758812701044618165120
0.00004738324758812701044618165120
0.00004700195735817992873053147286
0.00004700195735817992873053147286
0.00004700195735817992873053147286
0.00004700195735817992873053147286
0.00004721131470745426895390896037
0.00004721131470745426895390896037
0.00004721131470745426895390896037
0.00004724445182689269538558653388
0.00004724445182689269538558653388
0.00004724445182689269538558653388
0.00004705876861664730243603862444
0.00004705876861664730243603862444
0.00004705876861664730243603862444
0.00004699704734132005905255545942
0.00004699704734132005905255545942
0.00004699704734132005905255545942
0.00004659016105402576178201555154
0.00004659016105402576178201555154
0.00004659016105402576178201555154
0.00004631905733524128833416463481
0.00004631905733524128833416463481
0.00004631905733524128833416463481
0.00004650415499916963611410922085
0.00004650415499916963611410922085
0.00004650415499916963611410922085
0.00004655144493763874495777533803
0.00004655144493763874495777533803
0.00004655144493763874495777533803
0.00004655144493763874495777533803
0.00004638290976814614148942029982
0.00004638290976814614148942029982
0.00004638290976814614148942029982
0.00004601375796053938644374871707
0.00004601375796053938644374871707
0.00004601375796053938644374871707
0.00004613458278118663218812326029
0.00004613458278118663218812326029
0.00004613458278118663218812326029
0.00004657221906226193352915142796
0.00004657221906226193352915142796
0.00004657221906226193352915142796
0.00004647072588545465293368506204
0.00004647072588545465293368506204
0.00004647072588545465293368506204
0.00004646331600331869576226555895
0.00004646331600331869576226555895
0.00004646331600331869576226555895
0.00004611307359275632334475303010
0.00004611307359275632334475303010
0.00004611307359275632334475303010
0.00004615579429834872976895214100
0.00004615579429834872976895214100
0.00004615579429834872976895214100
0.00004615579429834872976895214100
0.00004620715444324794578318292797
0.00004620715444324794578318292797
0.00004620715444324794578318292797
0.00004625481543271734039960610684
0.00004625481543271734039960610684
0.00004625481543271734039960610684
0.00004651036815227797814123139825
0.00004651036815227797814123139825
0.00004651036815227797814123139825
0.00004671559568987860231765794103
0.00004671559568987860231765794103
0.00004671559568987860231765794103
0.00004680129274066441333757978262
0.00004680129274066441333757978262
0.00004680129274066441333757978262
0.00004683811159827966424592159646
0.00004683811159827966424592159646
0.00004683811159827966424592159646
0.00004661608621427790634645682643
0.00004661608621427790634645682643
0.00004661608621427790634645682643
0.00004662768339567360275338976566
0.00004662768339567360275338976566
0.00004662768339567360275338976566
0.00004671761906058742971534772690
0.00004671761906058742971534772690
0.00004671761906058742971534772690
0.00004671761906058742971534772690
0.00004642743122924995126933315731
0.00004642743122924995126933315731
0.00004642743122924995126933315731
0.00004657018020364499570684689341
0.00004657018020364499570684689341
0.00004657018020364499570684689341
0.00004657811328694071415206774009
0.00004657811328694071415206774009
0.00004657811328694071415206774009
0.00004638572442608659401545080695
0.00004638572442608659401545080695
0.00004638572442608659401545080695
0.00004646243718099796951976203270
0.00004646243718099796951976203270
0.00004646243718099796951976203270
0.00004646243718099796951976203270
0.00004625526280318384046724562460
0.00004625526280318384046724562460
0.00004625526280318384046724562460
0.00004634003361391740279542862710
0.00004634003361391740279542862710
0.00004634003361391740279542862710
0.00004621106617071161698224598702
0.00004621106617071161698224598702
0.00004621106617071161698224598702
0.00004626707180939201326421116315
0.00004626707180939201326421116315
0.00004626707180939201326421116315
0.00004644308471393627839600795917
0.00004644308471393627839600795917
0.00004644308471393627839600795917
0.00004632444758697286700874165332
0.00004632444758697286700874165332
0.00004632444758697286700874165332
0.00004619827684253840640995438401
0.00004619827684253840640995438401
0.00004619827684253840640995438401
0.00004626361737475776118120825280
0.00004626361737475776118120825280
0.00004626361737475776118120825280
0.00004626361737475776118120825280
0.00004627004110608746958304264423
0.00004627004110608746958304264423
0.00004627004110608746958304264423
0.00004619705964295196330914716901
0.00004619705964295196330914716901
0.00004619705964295196330914716901
0.00004623995138784889783655681754
0.00004623995138784889783655681754
0.00004623995138784889783655681754
0.00004626905078450883733543183281
0.00004626905078450883733543183281
0.00004626905078450883733543183281
0.00004622275538986098026201890994
0.00004622275538986098026201890994
0.00004622275538986098026201890994
0.00004601740222079652994065716395
0.00004601740222079652994065716395
0.00004601740222079652994065716395
0.00004611524813641951975958384015
0.00004611524813641951975958384015
0.00004611524813641951975958384015
0.00004622796625669637497419322267
0.00004622796625669637497419322267
0.00004622796625669637497419322267
0.00004622796625669637497419322267
0.00004617225038191904891323932958
0.00004617225038191904891323932958
0.00004617225038191904891323932958
0.00004619596960636461305706176120
0.00004619596960636461305706176120
0.00004619596960636461305706176120
0.00004611858314647587899721371362
0.00004611858314647587899721371362
0.00004611858314647587899721371362
0.00004603896719918705215756853568
0.00004603896719918705215756853568
0.00004603896719918705215756853568
0.00004606644321683243880578290666
0.00004606644321683243880578290666
0.00004606644321683243880578290666
0.00004607151602247363300682198467
0.00004607151602247363300682198467
0.00004607151602247363300682198467
0.00004598171710253733565682369994
0.00004598171710253733565682369994
0.00004598171710253733565682369994
0.00004604122323803912179518228008
0.00004604122323803912179518228008
0.00004604122323803912179518228008
0.00004602323893946626599756351941
0.00004602323893946626599756351941
0.00004602323893946626599756351941
0.00004602323893946626599756351941
0.00004601801186095198651233224219
0.00004601801186095198651233224219
0.00004601801186095198651233224219
0.00004587823384498300988615765689
0.00004587823384498300988615765689
0.00004587823384498300988615765689
0.00004596332101725907881579194183
0.00004596332101725907881579194183
0.00004596332101725907881579194183
0.00004590181751909542635237556693
0.00004590181751909542635237556693
0.00004590181751909542635237556693
0.00004595751903663942195194090100
0.00004595751903663942195194090100
0.00004595751903663942195194090100
0.00004600765346471137015640314883
0.00004600765346471137015640314883
0.00004600765346471137015640314883
0.00004601319291367551885720246904
0.00004601319291367551885720246904
0.00004601319291367551885720246904
0.00004604473573353437977887125600
0.00004604473573353437977887125600
0.00004604473573353437977887125600
0.00004604473573353437977887125600
0.00004612787794525017034188620088
0.00004612787794525017034188620088
0.00004612787794525017034188620088
0.00004608389932246208254114287293
0.00004608389932246208254114287293
0.00004608389932246208254114287293
0.00004611664356731809684338671753
0.00004611664356731809684338671753
0.00004611664356731809684338671753
0.00004611950659689183298911992390
0.00004611950659689183298911992390
0.00004611950659689183298911992390
0.00004637033488847676363894134706
0.00004637033488847676363894134706
0.00004637033488847676363894134706
0.00004637119680466827978189438469
0.00004637119680466827978189438469
0.00004637119680466827978189438469
0.00004623109621818781659379452148
0.00004623109621818781659379452148
0.00004623109621818781659379452148
0.00004618496954547485928810076736
0.00004618496954547485928810076736
0.00004618496954547485928810076736
0.00004618496954547485928810076736
0.00004617322544270377116160932757
0.00004617322544270377116160932757
0.00004617322544270377116160932757
0.00004606967479593146739813366463
0.00004606967479593146739813366463
0.00004606967479593146739813366463
0.00004616213166762248793861121952
0.00004616213166762248793861121952
0.00004616213166762248793861121952
0.00004603585821902330329777598969
0.00004603585821902330329777598969
0.00004603585821902330329777598969
0.00004604255930240021816065026345
0.00004604255930240021816065026345
0.00004604255930240021816065026345
0.00004596331264786841132287560692
0.00004596331264786841132287560692
0.00004596331264786841132287560692
0.00004601439712976768275031085261
0.00004601439712976768275031085261
0.00004601439712976768275031085261
0.00004593608360333030643638825966
0.00004593608360333030643638825966
0.00004593608360333030643638825966
0.00004583205247787660676707975769
0.00004583205247787660676707975769
0.00004583205247787660676707975769
0.00004583205247787660676707975769
0.00004575219105485003278227520357
0.00004575219105485003278227520357
0.00004575219105485003278227520357
0.00004572019874062340904100487846
0.00004572019874062340904100487846
0.00004572019874062340904100487846
0.00004575881099887554625195602676
0.00004575881099887554625195602676
0.00004575881099887554625195602676
0.00004584875057998799838107140961
0.00004584875057998799838107140961
0.00004584875057998799838107140961
0.00004597806082677843784873230278
0.00004597806082677843784873230278
0.00004597806082677843784873230278
0.00004599793797184758467879430445
0.00004599793797184758467879430445
0.00004599793797184758467879430445
0.00004593063058382114460900312871
0.00004593063058382114460900312871
0.00004593063058382114460900312871
0.00004599520935908241962861518204
0.00004599520935908241962861518204
0.00004599520935908241962861518204
0.00004599520935908241962861518204
0.00004611091318162329952195571925
0.00004611091318162329952195571925
0.00004611091318162329952195571925
0.00004623497034638924973343250806
0.00004623497034638924973343250806
0.00004623497034638924973343250806
0.00004618979508785433520894334307
0.00004618979508785433520894334307
0.00004618979508785433520894334307
0.00004604035730228417029593532311
0.00004604035730228417029593532311
0.00004604035730228417029593532311
0.00004621566605898277463314729985
0.00004621566605898277463314729985
0.00004621566605898277463314729985
0.00004614201754219922950192039152
0.00004614201754219922950192039152
0.00004614201754219922950192039152
0.00004619062109386910673778510958
0.00004619062109386910673778510958
0.00004619062109386910673778510958
0.00004623776936520528606011712575
0.00004623776936520528606011712575
0.00004623776936520528606011712575
0.00004623776936520528606011712575
0.00004622068618575967638152231452
0.00004622068618575967638152231452
0.00004622068618575967638152231452
0.00004619175857128634948317903378
0.00004619175857128634948317903378
0.00004619175857128634948317903378
0.00004616286157587692256095798910
0.00004616286157587692256095798910
0.00004616286157587692256095798910
0.00004615532070063055692569359433
0.00004615532070063055692569359433
0.00004615532070063055692569359433
0.00004614707221761797487674824334
0.00004614707221761797487674824334
0.00004614707221761797487674824334
0.00004625825758596754421183605217
0.00004625825758596754421183605217
0.00004625825758596754421183605217
0.00004628407611931808492774683528
0.00004628407611931808492774683528
0.00004628407611931808492774683528
0.00004620699543565224289720475470
0.00004620699543565224289720475470
0.00004620699543565224289720475470
0.00004617628828058182100262928361
0.00004617628828058182100262928361
0.00004617628828058182100262928361
0.00004617628828058182100262928361
0.00004628947086195285180204664465
0.00004628947086195285180204664465
0.00004628947086195285180204664465
0.00004625818052021513373958805287
0.00004625818052021513373958805287
0.00004625818052021513373958805287
0.00004619759823854859006504944932
0.00004619759823854859006504944932
0.00004619759823854859006504944932
0.00004616191156965314128822635722
0.00004616191156965314128822635722
0.00004616191156965314128822635722
0.00004606896428537734490213200447
0.00004606896428537734490213200447
0.00004606896428537734490213200447
0.00004612347343797006178849461484
0.00004608869877862260703478623645
0.00004608869877862260703478623645
0.00004608869877862260703478623645
0.00004597241817209151718939870706
0.00004597241817209151718939870706
0.00004597241817209151718939870706
0.00004593546907116079216272996154
0.00004593546907116079216272996154
0.00004593546907116079216272996154
0.00004596215460752174424413818664
0.00004596215460752174424413818664
0.00004596215460752174424413818664
0.00004588426710503138928121554064
0.00004588426710503138928121554064
0.00004588426710503138928121554064
0.00004581009087560936826276312277
0.00004581009087560936826276312277
0.00004581009087560936826276312277
0.00004575413115835662661749678839
0.00004575413115835662661749678839
0.00004575413115835662661749678839
0.00004566424680458854583736534065
0.00004566424680458854583736534065
0.00004566424680458854583736534065
0.00004566424680458854583736534065
0.00004560328814354864918618313010
0.00004560328814354864918618313010
0.00004560328814354864918618313010
0.00004563323033316829474932568461
0.00004563323033316829474932568461
0.00004563323033316829474932568461
0.00004563965794247723748956155921
0.00004563965794247723748956155921
0.00004563965794247723748956155921
0.00004564407677576971901489431330
0.00004564407677576971901489431330
0.00004564407677576971901489431330
0.00004555610927393895345381580352
0.00004555610927393895345381580352
0.00004555610927393895345381580352
0.00004548328062051651343313868178
0.00004548328062051651343313868178
0.00004548328062051651343313868178
0.00004549606694358402909565259393
0.00004549606694358402909565259393
0.00004549606694358402909565259393
0.00004549914648874529484318955365
0.00004549914648874529484318955365
0.00004549914648874529484318955365
0.00004549914648874529484318955365
