0.00004103863378648120746990679713
0.00004103863378648120746990679713
0.00004103863378648120746990679713
0.00004843694661655046740277347243
0.00004843694661655046740277347243
0.00004843694661655046740277347243
0.00004803694697452813910427696625
0.00004803694697452813910427696625
0.00004803694697452813910427696625
0.00004554422395593433774569481689
0.00004554422395593433774569481689
0.00004554422395593433774569481689
0.00004604672938799991498246402300
0.00004604672938799991498246402300
0.00004604672938799991498246402300
0.00004733946946002337883950800217
0.00004733946946002337883950800217
0.00004733946946002337883950800217
0.00004776560383773664867893242339
0.00004776560383773664867893242339
0.00004776560383773664867893242339
0.00004615489244720354294582841716
0.00004615489244720354294582841716
0.00004615489244720354294582841716
0.00004522831654956149196890325480
0.00004522831654956149196890325480
0.00004522831654956149196890325480
0.00004522831654956149196890325480
0.00004399711829837513913708410838
0.00004399711829837513913708410838
0.00004399711829837513913708410838
0.00004373840482797502938220673999
0.00004373840482797502938220673999
0.00004373840482797502938220673999
0.00004370187210237678838993341059
0.00004370187210237678838993341059
0.00004370187210237678838993341059
0.00004439773277722758884354941353
0.00004439773277722758884354941353
0.00004439773277722758884354941353
0.00004444656580573524535094126576
0.00004444656580573524535094126576
0.00004444656580573524535094126576
0.00004402755237093928955880009504
0.00004402755237093928955880009504
0.00004402755237093928955880009504
0.00004364028551641598861395378236
0.00004364028551641598861395378236
0.00004364028551641598861395378236
0.00004391318674219928773804275207
0.00004391318674219928773804275207
0.00004391318674219928773804275207
0.00004391318674219928773804275207
0.00004356924722546025691740110723
0.00004356924722546025691740110723
0.00004356924722546025691740110723
0.00004408921594280290134608344677
0.00004408921594280290134608344677
0.00004408921594280290134608344677
0.00004485985656693916065438087828
0.00004485985656693916065438087828
0.00004485985656693916065438087828
0.00004486105110706430949343873509
0.00004486105110706430949343873509
0.00004486105110706430949343873509
0.00004524394923937955339237425046
0.00004524394923937955339237425046
0.00004524394923937955339237425046
0.00004447803471706678041642713648
0.00004447803471706678041642713648
0.00004447803471706678041642713648
0.00004426479004492331949140491074
0.00004426479004492331949140491074
0.00004426479004492331949140491074
0.00004422782474932476566275847245
0.00004422782474932476566275847245
0.00004422782474932476566275847245
0.00004422782474932476566275847245
0.00004449469029461493670847831502
0.00004449469029461493670847831502
0.00004449469029461493670847831502
0.00004497429220022343799722851713
0.00004497429220022343799722851713
0.00004497429220022343799722851713
0.00004519474695517333840209074621
0.00004519474695517333840209074621
0.00004519474695517333840209074621
0.00004485908186307818684180584721
0.00004485908186307818684180584721
0.00004485908186307818684180584721
0.00004422506319977015441193326065
0.00004422506319977015441193326065
0.00004422506319977015441193326065
0.00004443718775034326417925722066
0.00004443718775034326417925722066
0.00004443718775034326417925722066
0.00004451669762047336302026329193
0.00004451669762047336302026329193
0.00004451669762047336302026329193
0.00004417200119977191529980691810
0.00004417200119977191529980691810
0.00004417200119977191529980691810
0.00004443478054557738291396933426
0.00004443478054557738291396933426
0.00004443478054557738291396933426
0.00004443478054557738291396933426
0.00004456776483681297049700827465
0.00004456776483681297049700827465
0.00004456776483681297049700827465
0.00004455855149771191907027146102
0.00004455855149771191907027146102
0.00004455855149771191907027146102
0.00004498139255935546377601735311
0.00004498139255935546377601735311
0.00004498139255935546377601735311
0.00004477154427559769884574895032
0.00004477154427559769884574895032
0.00004477154427559769884574895032
0.00004553158229872298979465493580
0.00004553158229872298979465493580
0.00004553158229872298979465493580
0.00004599365340118882028552186052
0.00004599365340118882028552186052
0.00004599365340118882028552186052
0.00004579850687701859005354104262
0.00004579850687701859005354104262
0.00004579850687701859005354104262
0.00004568585250066632258420532430
0.00004568585250066632258420532430
0.00004568585250066632258420532430
0.00004568585250066632258420532430
0.00004586780290062844823227275670
0.00004586780290062844823227275670
0.00004586780290062844823227275670
0.00004582716117538495806737585885
0.00004582716117538495806737585885
0.00004582716117538495806737585885
0.00004568941773787838414913265001
0.00004568941773787838414913265001
0.00004568941773787838414913265001
0.00004555824093700464663341735226
0.00004555824093700464663341735226
0.00004555824093700464663341735226
0.00004541456414257373776874967048
0.00004541456414257373776874967048
0.00004541456414257373776874967048
0.00004573406681297614961736586821
0.00004573406681297614961736586821
0.00004573406681297614961736586821
0.00004549819838341933367265362971
0.00004549819838341933367265362971
0.00004549819838341933367265362971
0.00004524571890379167206238372706
0.00004524571890379167206238372706
0.00004524571890379167206238372706
0.00004524571890379167206238372706
0.00004514893291690162798526498351
0.00004514893291690162798526498351
0.00004514893291690162798526498351
0.00004495639120378287804799053389
0.00004495639120378287804799053389
0.00004495639120378287804799053389
0.00004500783667953527654829203026
0.00004500783667953527654829203026
0.00004500783667953527654829203026
0.00004488592695587979602775483553
0.00004488592695587979602775483553
0.00004488592695587979602775483553
0.00004485721603619361798887719886
0.00004485721603619361798887719886
0.00004485721603619361798887719886
0.00004493955284801381241521271494
0.00004493955284801381241521271494
0.00004493955284801381241521271494
0.00004480256180778333490345795316
0.00004480256180778333490345795316
0.00004480256180778333490345795316
0.00004451134524008612862754995185
0.00004451134524008612862754995185
0.00004451134524008612862754995185
0.00004445547332063031259865267951
0.00004445547332063031259865267951
0.00004445547332063031259865267951
0.00004445547332063031259865267951
0.00004450166318961500631621468274
0.00004450166318961500631621468274
0.00004450166318961500631621468274
0.00004457377225924978262112272162
0.00004457377225924978262112272162
0.00004457377225924978262112272162
0.00004475426289456588779308309794
0.00004475426289456588779308309794
0.00004475426289456588779308309794
0.00004462373033693375598682156238
0.00004462373033693375598682156238
0.00004462373033693375598682156238
0.00004478196068168715077602747251
0.00004478196068168715077602747251
0.00004478196068168715077602747251
0.00004478196068168715077602747251
0.00004466769771844467398818663466
0.00004466769771844467398818663466
0.00004466769771844467398818663466
0.00004485160185649850507912972358
0.00004485160185649850507912972358
0.00004485160185649850507912972358
0.00004480572645940826328995688120
0.00004480572645940826328995688120
0.00004480572645940826328995688120
0.00004490089429255370930909398023
0.00004490089429255370930909398023
0.00004490089429255370930909398023
0.00004508634087046374320479349994
0.00004508634087046374320479349994
0.00004508634087046374320479349994
0.00004520710931767781037784017374
0.00004520710931767781037784017374
0.00004520710931767781037784017374
0.00004506760800751946098099946087
0.00004506760800751946098099946087
0.00004506760800751946098099946087
0.00004513616982852153245645957550
0.00004513616982852153245645957550
0.00004513616982852153245645957550
0.00004513616982852153245645957550
0.00004500331402581796095305676362
0.00004500331402581796095305676362
0.00004500331402581796095305676362
0.00004499586457043498218580163551
0.00004499586457043498218580163551
0.00004499586457043498218580163551
0.00004504980476429388344757831600
0.00004504980476429388344757831600
0.00004504980476429388344757831600
0.00004497297672975369048272739321
0.00004497297672975369048272739321
0.00004497297672975369048272739321
0.00004494601961468835785518526622
0.00004494601961468835785518526622
0.00004494601961468835785518526622
0.00004486504168816807882200233785
0.00004486504168816807882200233785
0.00004486504168816807882200233785
0.00004489697373003178523013572492
0.00004489697373003178523013572492
0.00004489697373003178523013572492
0.00004501190447368973301970680912
0.00004501190447368973301970680912
0.00004501190447368973301970680912
0.00004501190447368973301970680912
0.00004502212499783412021839385273
0.00004502212499783412021839385273
0.00004502212499783412021839385273
0.00004498550396783837232154626958
0.00004498550396783837232154626958
0.00004498550396783837232154626958
0.00004513044520137788495681657284
0.00004513044520137788495681657284
0.00004513044520137788495681657284
0.00004488479697930020937204416646
0.00004488479697930020937204416646
0.00004488479697930020937204416646
0.00004498157644870370351041397451
0.00004498157644870370351041397451
0.00004498157644870370351041397451
0.00004483225691635396905389664158
0.00004483225691635396905389664158
0.00004483225691635396905389664158
0.00004483637050950045009746621088
0.00004483637050950045009746621088
0.00004483637050950045009746621088
0.00004471486327658375946480060781
0.00004471486327658375946480060781
0.00004471486327658375946480060781
0.00004466603908202693408975584749
0.00004466603908202693408975584749
0.00004466603908202693408975584749
0.00004466603908202693408975584749
0.00004472479599278210695151825967
0.00004472479599278210695151825967
0.00004472479599278210695151825967
0.00004462120656382155794628425839
0.00004462120656382155794628425839
0.00004462120656382155794628425839
0.00004475067578111313919594944210
0.00004475067578111313919594944210
0.00004475067578111313919594944210
0.00004469873271031165088306161371
0.00004469873271031165088306161371
0.00004469873271031165088306161371
0.00004465291632487897247719289198
0.00004465291632487897247719289198
0.00004465291632487897247719289198
0.00004468782820783984840352803603
0.00004468782820783984840352803603
0.00004468782820783984840352803603
0.00004473748480281892553861611315
0.00004473748480281892553861611315
0.00004473748480281892553861611315
0.00004459674021854609394393727160
0.00004459674021854609394393727160
0.00004459674021854609394393727160
0.00004459674021854609394393727160
0.00004470866927568001851873783431
0.00004470866927568001851873783431
0.00004470866927568001851873783431
0.00004467104744472940204878822579
0.00004467104744472940204878822579
0.00004467104744472940204878822579
0.00004507766847697975200708711090
0.00004507766847697975200708711090
0.00004507766847697975200708711090
0.00004495908639802988530964600474
0.00004495908639802988530964600474
0.00004495908639802988530964600474
0.00004496645083063233371304307432
0.00004496645083063233371304307432
0.00004496645083063233371304307432
0.00004494843635336213324577235550
0.00004494843635336213324577235550
0.00004494843635336213324577235550
0.00004490166000145656560252293422
0.00004490166000145656560252293422
0.00004490166000145656560252293422
0.00004503973061041767002742673096
0.00004503973061041767002742673096
0.00004503973061041767002742673096
0.00004503973061041767002742673096
0.00004511539587946676426925430717
0.00004511539587946676426925430717
0.00004511539587946676426925430717
0.00004525344648248510622143054448
0.00004525344648248510622143054448
0.00004525344648248510622143054448
0.00004528184854341938100647303375
0.00004528184854341938100647303375
0.00004528184854341938100647303375
0.00004524985507803912785007502671
0.00004524985507803912785007502671
0.00004524985507803912785007502671
0.00004533373730465827635083911410
0.00004533373730465827635083911410
0.00004533373730465827635083911410
0.00004530084443089739561604808635
0.00004530084443089739561604808635
0.00004530084443089739561604808635
0.00004533436000246101931511113054
0.00004533436000246101931511113054
0.00004533436000246101931511113054
0.00004528803282707023161529205572
0.00004528803282707023161529205572
0.00004528803282707023161529205572
0.00004545304858208560009517130040
0.00004545304858208560009517130040
0.00004545304858208560009517130040
0.00004545304858208560009517130040
0.00004539661790888361355014616313
0.00004539661790888361355014616313
0.00004539661790888361355014616313
0.00004552667269484292260800953907
0.00004552667269484292260800953907
0.00004552667269484292260800953907
0.00004576467947098900083589417265
0.00004576467947098900083589417265
0.00004576467947098900083589417265
0.00004573651237118643927221849860
0.00004573651237118643927221849860
0.00004573651237118643927221849860
0.00004578032400076432838113378687
0.00004578032400076432838113378687
0.00004578032400076432838113378687
0.00004586519425407893740301563796
0.00004586519425407893740301563796
0.00004586519425407893740301563796
0.00004588114992675704222217502029
0.00004588114992675704222217502029
0.00004588114992675704222217502029
0.00004582760987621777318745934969
0.00004582760987621777318745934969
0.00004582760987621777318745934969
0.00004582760987621777318745934969
0.00004579986651475514930776427042
0.00004579986651475514930776427042
0.00004579986651475514930776427042
0.00004585673213119260365714940512
0.00004585673213119260365714940512
0.00004585673213119260365714940512
0.00004582781751058711593901139879
0.00004582781751058711593901139879
0.00004582781751058711593901139879
0.00004587242744488464848034880674
0.00004587242744488464848034880674
0.00004587242744488464848034880674
0.00004585183198620488228900096770
0.00004585183198620488228900096770
0.00004585183198620488228900096770
0.00004585902291390593199956007235
0.00004585902291390593199956007235
0.00004585902291390593199956007235
0.00004580129285053486684427685496
0.00004580129285053486684427685496
0.00004580129285053486684427685496
0.00004574321988623720448713052093
0.00004574321988623720448713052093
0.00004574321988623720448713052093
0.00004574321988623720448713052093
0.00004568569880985941560565354811
0.00004568569880985941560565354811
0.00004568569880985941560565354811
0.00004577717139077929794092477589
0.00004577717139077929794092477589
0.00004577717139077929794092477589
0.00004576492023949147361229975057
0.00004576492023949147361229975057
0.00004576492023949147361229975057
0.00004564824975071300654565633675
0.00004564824975071300654565633675
0.00004564824975071300654565633675
0.00004569805543559990713939562693
0.00004569805543559990713939562693
0.00004569805543559990713939562693
0.00004573625844872001370545647421
0.00004573625844872001370545647421
0.00004573625844872001370545647421
0.00004576505913641058823716128692
0.00004576505913641058823716128692
0.00004576505913641058823716128692
0.00004566206377170626501370511408
0.00004566206377170626501370511408
0.00004566206377170626501370511408
0.00004561858283244104082972030024
0.00004561858283244104082972030024
0.00004561858283244104082972030024
0.00004561858283244104082972030024
0.00004559694164913215303957986139
0.00004559694164913215303957986139
0.00004559694164913215303957986139
0.00004558555346937512377127882115
0.00004558555346937512377127882115
0.00004558555346937512377127882115
0.00004550359453044320779366735555
0.00004550359453044320779366735555
0.00004550359453044320779366735555
0.00004545585314659853447864653939
0.00004545585314659853447864653939
0.00004545585314659853447864653939
0.00004538475696260619209101735453
0.00004538475696260619209101735453
0.00004538475696260619209101735453
0.00004529689217419204717823003554
0.00004529689217419204717823003554
0.00004529689217419204717823003554
0.00004532081924503718991457839321
0.00004532081924503718991457839321
0.00004532081924503718991457839321
0.00004529113149275988597064633245
0.00004530603359922780762976016328
0.00004530603359922780762976016328
0.00004530603359922780762976016328
0.00004540635188228429763407748924
0.00004540635188228429763407748924
0.00004540635188228429763407748924
0.00004549295443519693362997340971
0.00004549295443519693362997340971
0.00004549295443519693362997340971
0.00004548306495804415281210535680
0.00004548306495804415281210535680
0.00004548306495804415281210535680
0.00004548050035945674907717314929
0.00004548050035945674907717314929
0.00004548050035945674907717314929
0.00004542846677939566945451495233
0.00004542846677939566945451495233
0.00004542846677939566945451495233
0.00004542846677939566945451495233
0.00004541927381182099556453110012
0.00004541927381182099556453110012
0.00004541927381182099556453110012
0.00004543429626538222374915178584
0.00004543429626538222374915178584
0.00004543429626538222374915178584
0.00004536113076864718333866817341
0.00004536113076864718333866817341
0.00004536113076864718333866817341
0.00004531043072332115524046764079
0.00004531043072332115524046764079
0.00004531043072332115524046764079
0.00004535301242259598655400622916
0.00004535301242259598655400622916
0.00004535301242259598655400622916
0.00004529324103545115041615498012
0.00004529324103545115041615498012
0.00004529324103545115041615498012
0.00004520959283040150347210963630
0.00004520959283040150347210963630
0.00004520959283040150347210963630
0.00004520108941606171480761989074
0.00004520108941606171480761989074
0.00004520108941606171480761989074
0.00004520108941606171480761989074
