0.2534854925459763613362658728
0.2534854925459763613362658728
0.2534854925459763613362658728
0.2605251133312491478738893187
0.2605251133312491478738893187
0.2605251133312491478738893187
0.2580280071110010444998632066
0.2580280071110010444998632066
0.2580280071110010444998632066
0.2582688350466449773121699939
0.2582688350466449773121699939
0.2582688350466449773121699939
0.2566608715098570787930712905
0.2566608715098570787930712905
0.2566608715098570787930712905
0.2568031413356603861359224807
0.2568031413356603861359224807
0.2568031413356603861359224807
0.2548617333058247214820303656
0.2548617333058247214820303656
0.2548617333058247214820303656
0.2535615058549358701657141282
0.2535615058549358701657141282
0.2535615058549358701657141282
0.2504731473192164718165800875
0.2504731473192164718165800875
0.2504731473192164718165800875
0.2504731473192164718165800875
0.2514695514333285718658854519
0.2514695514333285718658854519
0.2514695514333285718658854519
0.2521766624619989682472034201
0.2521766624619989682472034201
0.2521766624619989682472034201
0.2535872594332264869160334737
0.2535872594332264869160334737
0.2535872594332264869160334737
0.2506326553913018955969639730
0.2506326553913018955969639730
0.2506326553913018955969639730
0.2505055700195062422963969130
0.2505055700195062422963969130
0.2505055700195062422963969130
0.2505874528277735887555089371
0.2505874528277735887555089371
0.2505874528277735887555089371
0.2495144927547435026252808001
0.2495144927547435026252808001
0.2495144927547435026252808001
0.2493582530001974403678902874
0.2493582530001974403678902874
0.2493582530001974403678902874
0.2493582530001974403678902874
0.2491503995732069145262241707
0.2491503995732069145262241707
0.2491503995732069145262241707
0.2485906579117265157548258475
0.2485906579117265157548258475
0.2485906579117265157548258475
0.2487859048283725948284471570
0.2487859048283725948284471570
0.2487859048283725948284471570
0.2480520626069078283350796559
0.2480520626069078283350796559
0.2480520626069078283350796559
0.2487260537930044370640925676
0.2487260537930044370640925676
0.2487260537930044370640925676
0.2482362644764613800589936367
0.2482362644764613800589936367
0.2482362644764613800589936367
0.2472736477388413259028225685
0.2472736477388413259028225685
0.2472736477388413259028225685
0.2456753564452722362072795971
0.2456753564452722362072795971
0.2456753564452722362072795971
0.2456753564452722362072795971
0.2450838217080976458054944904
0.2450838217080976458054944904
0.2450838217080976458054944904
0.2442994376746359149514458364
0.2442994376746359149514458364
0.2442994376746359149514458364
0.2438823287574816602808586065
0.2438823287574816602808586065
0.2438823287574816602808586065
0.2433529721982658336243820071
0.2433529721982658336243820071
0.2433529721982658336243820071
0.2432231477383863948059218729
0.2432231477383863948059218729
0.2432231477383863948059218729
0.2432430641825651349726326971
0.2432430641825651349726326971
0.2432430641825651349726326971
0.2431085272901267677622092832
0.2431085272901267677622092832
0.2431085272901267677622092832
0.2428936650082889315615074214
0.2428936650082889315615074214
0.2428936650082889315615074214
0.2431305904149833820356322945
0.2431305904149833820356322945
0.2431305904149833820356322945
0.2431305904149833820356322945
0.2425547266946286945925070404
0.2425547266946286945925070404
0.2425547266946286945925070404
0.2432542117564765477097912914
0.2432542117564765477097912914
0.2432542117564765477097912914
0.2432532709545518193398034756
0.2432532709545518193398034756
0.2432532709545518193398034756
0.2437388862844471369243938965
0.2437388862844471369243938965
0.2437388862844471369243938965
0.2434801522129398898015067427
0.2434801522129398898015067427
0.2434801522129398898015067427
0.2425491699817775901949467099
0.2425491699817775901949467099
0.2425491699817775901949467099
0.2426764805869599764864973483
0.2426764805869599764864973483
0.2426764805869599764864973483
0.2435637701584275212183658576
0.2435637701584275212183658576
0.2435637701584275212183658576
0.2435637701584275212183658576
0.2435206328116134413053002446
0.2435206328116134413053002446
0.2435206328116134413053002446
0.2435930973178200958934703413
0.2435930973178200958934703413
0.2435930973178200958934703413
0.2439243004357046451645471330
0.2439243004357046451645471330
0.2439243004357046451645471330
0.2440653988333394498705657880
0.2440653988333394498705657880
0.2440653988333394498705657880
0.2442774750577742232501195323
0.2442774750577742232501195323
0.2442774750577742232501195323
0.2440308878358646275719165727
0.2440308878358646275719165727
0.2440308878358646275719165727
0.2443224896237306089106568014
0.2443224896237306089106568014
0.2443224896237306089106568014
0.2442818681126934673650485444
0.2442818681126934673650485444
0.2442818681126934673650485444
0.2442818681126934673650485444
0.2440862507457160656289090586
0.2440862507457160656289090586
0.2440862507457160656289090586
0.2439966820613160500563034888
0.2439966820613160500563034888
0.2439966820613160500563034888
0.2437949631232874122113792768
0.2437949631232874122113792768
0.2437949631232874122113792768
0.2439945828649349727611433050
0.2439945828649349727611433050
0.2439945828649349727611433050
0.2442140328897258199785531197
0.2442140328897258199785531197
0.2442140328897258199785531197
0.2440248209425988747698841802
0.2440248209425988747698841802
0.2440248209425988747698841802
0.2441659927209984924857608552
0.2441659927209984924857608552
0.2441659927209984924857608552
0.2435393125074663675358885813
0.2435393125074663675358885813
0.2435393125074663675358885813
0.2441143129190763379894123955
0.2441143129190763379894123955
0.2441143129190763379894123955
0.2441143129190763379894123955
0.2444998149186809573778505615
0.2444998149186809573778505615
0.2444998149186809573778505615
0.2441653665622996534917878641
0.2441653665622996534917878641
0.2441653665622996534917878641
0.2445143869130142530733305186
0.2445143869130142530733305186
0.2445143869130142530733305186
0.2445255843610490368585189261
0.2445255843610490368585189261
0.2445255843610490368585189261
0.2445951959120165752647850536
0.2445951959120165752647850536
0.2445951959120165752647850536
0.2445951959120165752647850536
0.2447251429318595787742860978
0.2447251429318595787742860978
0.2447251429318595787742860978
0.2445029080030255241971207596
0.2445029080030255241971207596
0.2445029080030255241971207596
0.2444744598586086618719103170
0.2444744598586086618719103170
0.2444744598586086618719103170
0.2448917686784920691038697468
0.2448917686784920691038697468
0.2448917686784920691038697468
0.2446224055697476336839064317
0.2446224055697476336839064317
0.2446224055697476336839064317
0.2446599430228183047836036814
0.2446599430228183047836036814
0.2446599430228183047836036814
0.2446796462991087798220136406
0.2446796462991087798220136406
0.2446796462991087798220136406
0.2445629875044632697253699573
0.2445629875044632697253699573
0.2445629875044632697253699573
0.2445629875044632697253699573
0.2444228348615368546477153233
0.2444228348615368546477153233
0.2444228348615368546477153233
0.2443951669600922098464301781
0.2443951669600922098464301781
0.2443951669600922098464301781
0.2443170396404079048704735517
0.2443170396404079048704735517
0.2443170396404079048704735517
0.2444272139018456469211603865
0.2444272139018456469211603865
0.2444272139018456469211603865
0.2445356623459948238385210236
0.2445356623459948238385210236
0.2445356623459948238385210236
0.2447795184285230754528339481
0.2447795184285230754528339481
0.2447795184285230754528339481
0.2448180615237696153347244994
0.2448180615237696153347244994
0.2448180615237696153347244994
0.2451462819838044067239656658
0.2451462819838044067239656658
0.2451462819838044067239656658
0.2451462819838044067239656658
0.2452912667473496051886738819
0.2452912667473496051886738819
0.2452912667473496051886738819
0.2453232196294505930251389361
0.2453232196294505930251389361
0.2453232196294505930251389361
0.2453400349358715992559423059
0.2453400349358715992559423059
0.2453400349358715992559423059
0.2457841019040474818207747312
0.2457841019040474818207747312
0.2457841019040474818207747312
0.2459721304016766489274971491
0.2459721304016766489274971491
0.2459721304016766489274971491
0.2458315453641769355528988670
0.2458315453641769355528988670
0.2458315453641769355528988670
0.2456993419370580631716579643
0.2456993419370580631716579643
0.2456993419370580631716579643
0.2457752204754122043618366043
0.2457752204754122043618366043
0.2457752204754122043618366043
0.2452892718946800553848992065
0.2452892718946800553848992065
0.2452892718946800553848992065
0.2452892718946800553848992065
0.2451449540653117426622899451
0.2451449540653117426622899451
0.2451449540653117426622899451
0.2451582820562742354026837183
0.2451582820562742354026837183
0.2451582820562742354026837183
0.2450563879938400272481645589
0.2450563879938400272481645589
0.2450563879938400272481645589
0.2450419571822388219302987582
0.2450419571822388219302987582
0.2450419571822388219302987582
0.2451569948219988216140641836
0.2451569948219988216140641836
0.2451569948219988216140641836
0.2453592599100880399941881464
0.2453592599100880399941881464
0.2453592599100880399941881464
0.2454270841256578326162310082
0.2454270841256578326162310082
0.2454270841256578326162310082
0.2455677228857002105566019758
0.2455677228857002105566019758
0.2455677228857002105566019758
0.2455677228857002105566019758
0.2456062479297231091409459331
0.2456062479297231091409459331
0.2456062479297231091409459331
0.2453814410237616142939776271
0.2453814410237616142939776271
0.2453814410237616142939776271
0.2453391410364677369001236140
0.2453391410364677369001236140
0.2453391410364677369001236140
0.2451432024946465626117348668
0.2451432024946465626117348668
0.2451432024946465626117348668
0.2453260981217018242550222344
0.2453260981217018242550222344
0.2453260981217018242550222344
0.2451802051336263570101471687
0.2451802051336263570101471687
0.2451802051336263570101471687
0.2450896718743124938779717360
0.2450896718743124938779717360
0.2450896718743124938779717360
0.2451214542796372290219570746
0.2451214542796372290219570746
0.2451214542796372290219570746
0.2451214542796372290219570746
0.2448241161579762749909231900
0.2448241161579762749909231900
0.2448241161579762749909231900
0.2449004145406019637262275632
0.2449004145406019637262275632
0.2449004145406019637262275632
0.2449387755706355998624286951
0.2449387755706355998624286951
0.2449387755706355998624286951
0.2448367543745885071402267732
0.2448367543745885071402267732
0.2448367543745885071402267732
0.2447636452257041337126018469
0.2447636452257041337126018469
0.2447636452257041337126018469
0.2447536554170515490797016831
0.2447536554170515490797016831
0.2447536554170515490797016831
0.2449544796334611545124848919
0.2449544796334611545124848919
0.2449544796334611545124848919
0.2450211383631954325289455845
0.2450211383631954325289455845
0.2450211383631954325289455845
0.2450582104540583659846873527
0.2450582104540583659846873527
0.2450582104540583659846873527
0.2450582104540583659846873527
0.2449524121398691983575799206
0.2449524121398691983575799206
0.2449524121398691983575799206
0.2446624164163288609456351792
0.2446624164163288609456351792
0.2446624164163288609456351792
0.2445677160241848353905225949
0.2445677160241848353905225949
0.2445677160241848353905225949
0.2446285794967946380307334053
0.2446285794967946380307334053
0.2446285794967946380307334053
0.2445225967669168944127954975
0.2445225967669168944127954975
0.2445225967669168944127954975
0.2446639481872385422796521386
0.2446639481872385422796521386
0.2446639481872385422796521386
0.2443171060166407229785631950
0.2443171060166407229785631950
0.2443171060166407229785631950
0.2443977482826328187003479864
0.2443977482826328187003479864
0.2443977482826328187003479864
0.2443977482826328187003479864
0.2443255168051998330497169147
0.2443255168051998330497169147
0.2443255168051998330497169147
0.2443071928600763898448490595
0.2443071928600763898448490595
0.2443071928600763898448490595
0.2443337576324779664971243354
0.2443337576324779664971243354
0.2443337576324779664971243354
0.2445130020866886335768591182
0.2445130020866886335768591182
0.2445130020866886335768591182
0.2445856008741275663597991500
0.2445856008741275663597991500
0.2445856008741275663597991500
0.2446315598781082337827555168
0.2446315598781082337827555168
0.2446315598781082337827555168
0.2444545513955368717466228003
0.2444545513955368717466228003
0.2444545513955368717466228003
0.2446407411679538969661136420
0.2446407411679538969661136420
0.2446407411679538969661136420
0.2446407411679538969661136420
0.2447756755877915053666940331
0.2447756755877915053666940331
0.2447756755877915053666940331
0.2448040568731838894992451676
0.2448040568731838894992451676
0.2448040568731838894992451676
0.2450413663932609956585641392
0.2450413663932609956585641392
0.2450413663932609956585641392
0.2450982023663410149166793654
0.2450982023663410149166793654
0.2450982023663410149166793654
0.2451699733033316570661290922
0.2451699733033316570661290922
0.2451699733033316570661290922
0.2453218483465721530887584909
0.2453218483465721530887584909
0.2453218483465721530887584909
0.2453238481698136867866629541
0.2453238481698136867866629541
0.2453238481698136867866629541
0.2454681559753234274779285540
0.2454681559753234274779285540
0.2454681559753234274779285540
0.2452953651888886133884317093
0.2452953651888886133884317093
0.2452953651888886133884317093
0.2452953651888886133884317093
0.2452982029616950436119209028
0.2452982029616950436119209028
0.2452982029616950436119209028
0.2453149860449384039453906828
0.2453149860449384039453906828
0.2453149860449384039453906828
0.2451853866429284397735734856
0.2451853866429284397735734856
0.2451853866429284397735734856
0.2451065537770249986059727136
0.2451065537770249986059727136
0.2451065537770249986059727136
0.2450001532803168387616730025
0.2450001532803168387616730025
0.2450001532803168387616730025
0.2448695161689024780412396243
0.2448695161689024780412396243
0.2448695161689024780412396243
0.2447783687745219290717907130
0.2447783687745219290717907130
0.2447783687745219290717907130
0.2448121768765229387044453964
0.2447318312950059549063882408
0.2447318312950059549063882408
0.2447318312950059549063882408
0.2447757234102565951460034707
0.2447757234102565951460034707
0.2447757234102565951460034707
0.2447011565642292037363095268
0.2447011565642292037363095268
0.2447011565642292037363095268
0.2446840626265102011926735847
0.2446840626265102011926735847
0.2446840626265102011926735847
0.2446667008899303002319461923
0.2446667008899303002319461923
0.2446667008899303002319461923
0.2445922304179540425555953138
0.2445922304179540425555953138
0.2445922304179540425555953138
0.2445922304179540425555953138
0.2445542864961849132127337703
0.2445542864961849132127337703
0.2445542864961849132127337703
0.2446252096313496949098438044
0.2446252096313496949098438044
0.2446252096313496949098438044
0.2445346393115417239442643369
0.2445346393115417239442643369
0.2445346393115417239442643369
0.2445033324517352746373060935
0.2445033324517352746373060935
0.2445033324517352746373060935
0.2444689177280511085658711374
0.2444689177280511085658711374
0.2444689177280511085658711374
0.2445137998761955303934586657
0.2445137998761955303934586657
0.2445137998761955303934586657
0.2446728301751614110375134127
0.2446728301751614110375134127
0.2446728301751614110375134127
0.2446424437711411399039543614
0.2446424437711411399039543614
0.2446424437711411399039543614
0.2446424437711411399039543614
