0.2623612179012291493874304809
0.2623612179012291493874304809
0.2623612179012291493874304809
0.2496339234185264581496834389
0.2496339234185264581496834389
0.2496339234185264581496834389
0.2583328282098548929400465673
0.2583328282098548929400465673
0.2583328282098548929400465673
0.2594636165755915861195750814
0.2594636165755915861195750814
0.2594636165755915861195750814
0.2610617163982000433144695126
0.2610617163982000433144695126
0.2610617163982000433144695126
0.2573593104852966416839287892
0.2573593104852966416839287892
0.2573593104852966416839287892
0.2520920066360057384777862987
0.2520920066360057384777862987
0.2520920066360057384777862987
0.2505048264621937394556271236
0.2505048264621937394556271236
0.2505048264621937394556271236
0.2525975717976976329992804767
0.2525975717976976329992804767
0.2525975717976976329992804767
0.2525975717976976329992804767
0.2495835601066074951373092758
0.2495835601066074951373092758
0.2495835601066074951373092758
0.2498606977525619592517149570
0.2498606977525619592517149570
0.2498606977525619592517149570
0.2498863689561933827292835934
0.2498863689561933827292835934
0.2498863689561933827292835934
0.2486400195305081463605231012
0.2486400195305081463605231012
0.2486400195305081463605231012
0.2482222606788194432223913264
0.2482222606788194432223913264
0.2482222606788194432223913264
0.2457872958412098495015040995
0.2457872958412098495015040995
0.2457872958412098495015040995
0.2456198639958345069658714791
0.2456198639958345069658714791
0.2456198639958345069658714791
0.2448268835822540345237941470
0.2448268835822540345237941470
0.2448268835822540345237941470
0.2448268835822540345237941470
0.2455466422364650313244716136
0.2455466422364650313244716136
0.2455466422364650313244716136
0.2457605437993934306559842399
0.2457605437993934306559842399
0.2457605437993934306559842399
0.2467505711591159012549260972
0.2467505711591159012549260972
0.2467505711591159012549260972
0.2465155001510900603944450965
0.2465155001510900603944450965
0.2465155001510900603944450965
0.2467675026000057461473665900
0.2467675026000057461473665900
0.2467675026000057461473665900
0.2463821082924798664495680795
0.2463821082924798664495680795
0.2463821082924798664495680795
0.2460777529124108455646856650
0.2460777529124108455646856650
0.2460777529124108455646856650
0.2465118231445517300669279089
0.2465118231445517300669279089
0.2465118231445517300669279089
0.2465118231445517300669279089
0.2465974514475866862048223749
0.2465974514475866862048223749
0.2465974514475866862048223749
0.2462390330712339359719462055
0.2462390330712339359719462055
0.2462390330712339359719462055
0.2460697121962315788738862282
0.2460697121962315788738862282
0.2460697121962315788738862282
0.2445166731853628357249260798
0.2445166731853628357249260798
0.2445166731853628357249260798
0.2450474522879251095539607488
0.2450474522879251095539607488
0.2450474522879251095539607488
0.2448688214307731573107845176
0.2448688214307731573107845176
0.2448688214307731573107845176
0.2446918497064838837024129396
0.2446918497064838837024129396
0.2446918497064838837024129396
0.2447426339493721099770157745
0.2447426339493721099770157745
0.2447426339493721099770157745
0.2447359068577928146614367786
0.2447359068577928146614367786
0.2447359068577928146614367786
0.2447359068577928146614367786
0.2450154686491352259090941917
0.2450154686491352259090941917
0.2450154686491352259090941917
0.2448942720336354397177567890
0.2448942720336354397177567890
0.2448942720336354397177567890
0.2444390858198765702978292383
0.2444390858198765702978292383
0.2444390858198765702978292383
0.2450531510294705987552300686
0.2450531510294705987552300686
0.2450531510294705987552300686
0.2451417705763722154151849486
0.2451417705763722154151849486
0.2451417705763722154151849486
0.2451716740504661814614106946
0.2451716740504661814614106946
0.2451716740504661814614106946
0.2450877927186151500195339298
0.2450877927186151500195339298
0.2450877927186151500195339298
0.2455016848810507999871411595
0.2455016848810507999871411595
0.2455016848810507999871411595
0.2455016848810507999871411595
0.2463959012859764855905620305
0.2463959012859764855905620305
0.2463959012859764855905620305
0.2466534261429563260631024915
0.2466534261429563260631024915
0.2466534261429563260631024915
0.2467729315604802666940458545
0.2467729315604802666940458545
0.2467729315604802666940458545
0.2468510121189905844224490785
0.2468510121189905844224490785
0.2468510121189905844224490785
0.2470729276451007185315647599
0.2470729276451007185315647599
0.2470729276451007185315647599
0.2472299706903829457954333645
0.2472299706903829457954333645
0.2472299706903829457954333645
0.2471769133057635961939295448
0.2471769133057635961939295448
0.2471769133057635961939295448
0.2473345595889527296457508925
0.2473345595889527296457508925
0.2473345595889527296457508925
0.2473345595889527296457508925
0.2473920081100388580354855218
0.2473920081100388580354855218
0.2473920081100388580354855218
0.2469060534921882462355177362
0.2469060534921882462355177362
0.2469060534921882462355177362
0.2465485529951108629027647432
0.2465485529951108629027647432
0.2465485529951108629027647432
0.2467270718217975482148441706
0.2467270718217975482148441706
0.2467270718217975482148441706
0.2467626919603806308120741576
0.2467626919603806308120741576
0.2467626919603806308120741576
0.2468247734115532034759900239
0.2468247734115532034759900239
0.2468247734115532034759900239
0.2465543215676171862738223818
0.2465543215676171862738223818
0.2465543215676171862738223818
0.2464418446653830177141013281
0.2464418446653830177141013281
0.2464418446653830177141013281
0.2458952253098511856349377883
0.2458952253098511856349377883
0.2458952253098511856349377883
0.2458952253098511856349377883
0.2461614095648254299330143586
0.2461614095648254299330143586
0.2461614095648254299330143586
0.2458850494206807118224940942
0.2458850494206807118224940942
0.2458850494206807118224940942
0.2458027509265584048185285836
0.2458027509265584048185285836
0.2458027509265584048185285836
0.2459203672968292526704092179
0.2459203672968292526704092179
0.2459203672968292526704092179
0.2458427950278018666964739608
0.2458427950278018666964739608
0.2458427950278018666964739608
0.2458427950278018666964739608
0.2460064126332377674848457989
0.2460064126332377674848457989
0.2460064126332377674848457989
0.2459999634097341516202880156
0.2459999634097341516202880156
0.2459999634097341516202880156
0.2457985793587755788618621377
0.2457985793587755788618621377
0.2457985793587755788618621377
0.2462664226750268486124810724
0.2462664226750268486124810724
0.2462664226750268486124810724
0.2458998593341223666374492186
0.2458998593341223666374492186
0.2458998593341223666374492186
0.2458554491290385121884503009
0.2458554491290385121884503009
0.2458554491290385121884503009
0.2456819426786042416835972200
0.2456819426786042416835972200
0.2456819426786042416835972200
0.2456190597615356366892516053
0.2456190597615356366892516053
0.2456190597615356366892516053
0.2456190597615356366892516053
0.2454796298443924645089934287
0.2454796298443924645089934287
0.2454796298443924645089934287
0.2454331746901866597944302364
0.2454331746901866597944302364
0.2454331746901866597944302364
0.2458229886134348969460920738
0.2458229886134348969460920738
0.2458229886134348969460920738
0.2457363714225640423611892532
0.2457363714225640423611892532
0.2457363714225640423611892532
0.2453158928441077006571475281
0.2453158928441077006571475281
0.2453158928441077006571475281
0.2452474992947110928298475961
0.2452474992947110928298475961
0.2452474992947110928298475961
0.2456621057780267419421308809
0.2456621057780267419421308809
0.2456621057780267419421308809
0.2457359183209867055403539766
0.2457359183209867055403539766
0.2457359183209867055403539766
0.2457359183209867055403539766
0.2461549001322320709351389284
0.2461549001322320709351389284
0.2461549001322320709351389284
0.2460357547666540698813925483
0.2460357547666540698813925483
0.2460357547666540698813925483
0.2459465427572145930291279071
0.2459465427572145930291279071
0.2459465427572145930291279071
0.2459316661529503541421150874
0.2459316661529503541421150874
0.2459316661529503541421150874
0.2456285088738646887749574077
0.2456285088738646887749574077
0.2456285088738646887749574077
0.2456073798245108902996202975
0.2456073798245108902996202975
0.2456073798245108902996202975
0.2456102346642143262105121705
0.2456102346642143262105121705
0.2456102346642143262105121705
0.2455843769542829355253600045
0.2455843769542829355253600045
0.2455843769542829355253600045
0.2456884254436040236714487304
0.2456884254436040236714487304
0.2456884254436040236714487304
0.2456884254436040236714487304
0.2458133879405467049966807107
0.2458133879405467049966807107
0.2458133879405467049966807107
0.2456921988377638757093125983
0.2456921988377638757093125983
0.2456921988377638757093125983
0.2456672319992200640610773815
0.2456672319992200640610773815
0.2456672319992200640610773815
0.2457764881915461588490669179
0.2457764881915461588490669179
0.2457764881915461588490669179
0.2456865839684823817108424608
0.2456865839684823817108424608
0.2456865839684823817108424608
0.2456703682730938209185051435
0.2456703682730938209185051435
0.2456703682730938209185051435
0.2457672015287908994917160260
0.2457672015287908994917160260
0.2457672015287908994917160260
0.2459338573317012212452265954
0.2459338573317012212452265954
0.2459338573317012212452265954
0.2459338573317012212452265954
0.2459276396413419294620987122
0.2459276396413419294620987122
0.2459276396413419294620987122
0.2458771562471986153324623916
0.2458771562471986153324623916
0.2458771562471986153324623916
0.2459284276767920041688455262
0.2459284276767920041688455262
0.2459284276767920041688455262
0.2461524860469717855826050798
0.2461524860469717855826050798
0.2461524860469717855826050798
0.2460975386109477000361442352
0.2460975386109477000361442352
0.2460975386109477000361442352
0.2461172901793372847028405181
0.2461172901793372847028405181
0.2461172901793372847028405181
0.2461018583241714746587522980
0.2461018583241714746587522980
0.2461018583241714746587522980
0.2461559848718662922695234996
0.2461559848718662922695234996
0.2461559848718662922695234996
0.2461559848718662922695234996
0.2460265191060353896692074244
0.2460265191060353896692074244
0.2460265191060353896692074244
0.2457794913236508167604057391
0.2457794913236508167604057391
0.2457794913236508167604057391
0.2458785244354510594245277265
0.2458785244354510594245277265
0.2458785244354510594245277265
0.2458510638556076728310526238
0.2458510638556076728310526238
0.2458510638556076728310526238
0.2459779160534800931627362673
0.2459779160534800931627362673
0.2459779160534800931627362673
0.2456921482425142559608882993
0.2456921482425142559608882993
0.2456921482425142559608882993
0.2456820138744630571817970300
0.2456820138744630571817970300
0.2456820138744630571817970300
0.2459207425585768079877498405
0.2459207425585768079877498405
0.2459207425585768079877498405
0.2458640189849383164517048564
0.2458640189849383164517048564
0.2458640189849383164517048564
0.2458640189849383164517048564
0.2458502842500964874629127180
0.2458502842500964874629127180
0.2458502842500964874629127180
0.2459184756424341856786361644
0.2459184756424341856786361644
0.2459184756424341856786361644
0.2459913242991797948018037293
0.2459913242991797948018037293
0.2459913242991797948018037293
0.2459999129794342144720467056
0.2459999129794342144720467056
0.2459999129794342144720467056
0.2459216113319103481491476564
0.2459216113319103481491476564
0.2459216113319103481491476564
0.2459740170131092741315701529
0.2459740170131092741315701529
0.2459740170131092741315701529
0.2460763896121639906275516501
0.2460763896121639906275516501
0.2460763896121639906275516501
0.2462222634890154333489728074
0.2462222634890154333489728074
0.2462222634890154333489728074
0.2462222634890154333489728074
0.2462207319729309116607625533
0.2462207319729309116607625533
0.2462207319729309116607625533
0.2462125252366317229581775616
0.2462125252366317229581775616
0.2462125252366317229581775616
0.2463078802775131116784175644
0.2463078802775131116784175644
0.2463078802775131116784175644
0.2460550569048859787662642153
0.2460550569048859787662642153
0.2460550569048859787662642153
0.2461315901211031926363519900
0.2461315901211031926363519900
0.2461315901211031926363519900
0.2459712742687142367556852068
0.2459712742687142367556852068
0.2459712742687142367556852068
0.2460319525226753626205046869
0.2460319525226753626205046869
0.2460319525226753626205046869
0.2457754945691313468446822160
0.2457754945691313468446822160
0.2457754945691313468446822160
0.2457754945691313468446822160
0.2458686454230692868633696966
0.2458686454230692868633696966
0.2458686454230692868633696966
0.2459108354078288949368362848
0.2459108354078288949368362848
0.2459108354078288949368362848
0.2459716208804355041022093610
0.2459716208804355041022093610
0.2459716208804355041022093610
0.2457498409079345634345435728
0.2457498409079345634345435728
0.2457498409079345634345435728
0.2458732099420111900880840956
0.2458732099420111900880840956
0.2458732099420111900880840956
0.2459284857672024213423543803
0.2459284857672024213423543803
0.2459284857672024213423543803
0.2458225523920906047972648950
0.2458225523920906047972648950
0.2458225523920906047972648950
0.2458564867308187269403156783
0.2458564867308187269403156783
0.2458564867308187269403156783
0.2458711586376510103717955938
0.2458711586376510103717955938
0.2458711586376510103717955938
0.2458711586376510103717955938
0.2460478433318812102963329563
0.2460478433318812102963329563
0.2460478433318812102963329563
0.2461249177389906821819804423
0.2461249177389906821819804423
0.2461249177389906821819804423
0.2459431025233648122207370944
0.2459431025233648122207370944
0.2459431025233648122207370944
0.2459309498537880689553711598
0.2459309498537880689553711598
0.2459309498537880689553711598
0.2460780979159924702986819026
0.2460780979159924702986819026
0.2460780979159924702986819026
0.2460780979159924702986819026
0.2459667372585402884580864069
0.2459667372585402884580864069
0.2459667372585402884580864069
0.2459006559415313749959051387
0.2459006559415313749959051387
0.2459006559415313749959051387
0.2460544624613430950297479100
0.2460544624613430950297479100
0.2460544624613430950297479100
0.2462405220988969748006060589
0.2462405220988969748006060589
0.2462405220988969748006060589
0.2464177625687366788873634863
0.2464177625687366788873634863
0.2464177625687366788873634863
0.2463576541254180646706137573
0.2463576541254180646706137573
0.2463576541254180646706137573
0.2461422468163619670793930491
0.2461422468163619670793930491
0.2461422468163619670793930491
0.2462241440487888950233463146
0.2462241440487888950233463146
0.2462241440487888950233463146
0.2462241440487888950233463146
0.2463145415788738980518209007
0.2463145415788738980518209007
0.2463145415788738980518209007
0.2464372865903138324072449715
0.2464372865903138324072449715
0.2464372865903138324072449715
0.2465528290915500207748200009
0.2465528290915500207748200009
0.2465528290915500207748200009
0.2464816023803689224468202004
0.2464816023803689224468202004
0.2464816023803689224468202004
0.2465476544184499781711058084
0.2465476544184499781711058084
0.2465476544184499781711058084
0.2465340792808149420075755085
0.2465340792808149420075755085
0.2465340792808149420075755085
0.2464624902756083673765270149
0.2464624902756083673765270149
0.2464624902756083673765270149
0.2465392625352576158534512100
0.2465392625352576158534512100
0.2465392625352576158534512100
0.2465392625352576158534512100
