0.2065456685661998198701056923
0.2065456685661998198701056923
0.2065456685661998198701056923
0.2168741151184208205167677485
0.2168741151184208205167677485
0.2168741151184208205167677485
0.2349041914015770314922874006
0.2349041914015770314922874006
0.2349041914015770314922874006
0.2443660973702970192666463560
0.2443660973702970192666463560
0.2443660973702970192666463560
0.2409131979641893750743323591
0.2409131979641893750743323591
0.2409131979641893750743323591
0.2411832876906122856488160156
0.2411832876906122856488160156
0.2411832876906122856488160156
0.2401281169399049708913503212
0.2401281169399049708913503212
0.2401281169399049708913503212
0.2412399109592940409859105526
0.2412399109592940409859105526
0.2412399109592940409859105526
0.2419967748772075052536490877
0.2419967748772075052536490877
0.2419967748772075052536490877
0.2419967748772075052536490877
0.2414767879838815177759325333
0.2414767879838815177759325333
0.2414767879838815177759325333
0.2434962852180363840082701359
0.2434962852180363840082701359
0.2434962852180363840082701359
0.2437779767963938441550410690
0.2437779767963938441550410690
0.2437779767963938441550410690
0.2433148119705370305570965027
0.2433148119705370305570965027
0.2433148119705370305570965027
0.2441922338431357216542800123
0.2441922338431357216542800123
0.2441922338431357216542800123
0.2430718243091407136307384329
0.2430718243091407136307384329
0.2430718243091407136307384329
0.2440737492865965838899388368
0.2440737492865965838899388368
0.2440737492865965838899388368
0.2443234542520129434436926221
0.2443234542520129434436926221
0.2443234542520129434436926221
0.2443234542520129434436926221
0.2445689574735708140206630595
0.2445689574735708140206630595
0.2445689574735708140206630595
0.2436272037683864658779625437
0.2436272037683864658779625437
0.2436272037683864658779625437
0.2424925323624093095445472565
0.2424925323624093095445472565
0.2424925323624093095445472565
0.2433883552137664946954043887
0.2433883552137664946954043887
0.2433883552137664946954043887
0.2453403608233175565043520948
0.2453403608233175565043520948
0.2453403608233175565043520948
0.2453253351730836552855407381
0.2453253351730836552855407381
0.2453253351730836552855407381
0.2455035769727879533501791830
0.2455035769727879533501791830
0.2455035769727879533501791830
0.2451168108712480280246438178
0.2451168108712480280246438178
0.2451168108712480280246438178
0.2451168108712480280246438178
0.2448417432409962449414240089
0.2448417432409962449414240089
0.2448417432409962449414240089
0.2448366142027212885154978437
0.2448366142027212885154978437
0.2448366142027212885154978437
0.2446661392529378373621608773
0.2446661392529378373621608773
0.2446661392529378373621608773
0.2443760015886736394962179897
0.2443760015886736394962179897
0.2443760015886736394962179897
0.2450511468048781806689573214
0.2450511468048781806689573214
0.2450511468048781806689573214
0.2448865282491745693829938860
0.2448865282491745693829938860
0.2448865282491745693829938860
0.2449459048892094471792700398
0.2449459048892094471792700398
0.2449459048892094471792700398
0.2453480152214938341202138875
0.2453480152214938341202138875
0.2453480152214938341202138875
0.2459626560793701083296903023
0.2459626560793701083296903023
0.2459626560793701083296903023
0.2459626560793701083296903023
0.2447932126303142605156084543
0.2447932126303142605156084543
0.2447932126303142605156084543
0.2448116138901320224666409040
0.2448116138901320224666409040
0.2448116138901320224666409040
0.2453398519159232722876539963
0.2453398519159232722876539963
0.2453398519159232722876539963
0.2455797319116470335943511023
0.2455797319116470335943511023
0.2455797319116470335943511023
0.2458933591537841843298550853
0.2458933591537841843298550853
0.2458933591537841843298550853
0.2460885468483713338063885785
0.2460885468483713338063885785
0.2460885468483713338063885785
0.2455260760341388291789921499
0.2455260760341388291789921499
0.2455260760341388291789921499
0.2448309671653506755924675997
0.2448309671653506755924675997
0.2448309671653506755924675997
0.2448309671653506755924675997
0.2451814179143177321598566483
0.2451814179143177321598566483
0.2451814179143177321598566483
0.2454657741368709840694621926
0.2454657741368709840694621926
0.2454657741368709840694621926
0.2456155681508195839939127273
0.2456155681508195839939127273
0.2456155681508195839939127273
0.2458655271579448603167097890
0.2458655271579448603167097890
0.2458655271579448603167097890
0.2465477875885697897805910548
0.2465477875885697897805910548
0.2465477875885697897805910548
0.2460967442386480574400352453
0.2460967442386480574400352453
0.2460967442386480574400352453
0.2462055259882418882688511199
0.2462055259882418882688511199
0.2462055259882418882688511199
0.2461831925024853153549366875
0.2461831925024853153549366875
0.2461831925024853153549366875
0.2461831925024853153549366875
0.2457923489897879730041516192
0.2457923489897879730041516192
0.2457923489897879730041516192
0.2457790884952858809252860271
0.2457790884952858809252860271
0.2457790884952858809252860271
0.2455779429305346001610949375
0.2455779429305346001610949375
0.2455779429305346001610949375
0.2456460202395320958687631044
0.2456460202395320958687631044
0.2456460202395320958687631044
0.2455381115845726695695844649
0.2455381115845726695695844649
0.2455381115845726695695844649
0.2455566093325261266597033324
0.2455566093325261266597033324
0.2455566093325261266597033324
0.2455250514760666397048573204
0.2455250514760666397048573204
0.2455250514760666397048573204
0.2459133239614684311021930849
0.2459133239614684311021930849
0.2459133239614684311021930849
0.2459721563219569215342972110
0.2459721563219569215342972110
0.2459721563219569215342972110
0.2459721563219569215342972110
0.2460971004737960702667513905
0.2460971004737960702667513905
0.2460971004737960702667513905
0.2459658772352548555117440273
0.2459658772352548555117440273
0.2459658772352548555117440273
0.2451271187045280081788120193
0.2451271187045280081788120193
0.2451271187045280081788120193
0.2449860398345884537781122589
0.2449860398345884537781122589
0.2449860398345884537781122589
0.2451638634650423002153680646
0.2451638634650423002153680646
0.2451638634650423002153680646
0.2451638634650423002153680646
0.2450655691488299933198373425
0.2450655691488299933198373425
0.2450655691488299933198373425
0.2449602149586055982285569936
0.2449602149586055982285569936
0.2449602149586055982285569936
0.2450212059992948142091602006
0.2450212059992948142091602006
0.2450212059992948142091602006
0.2448349959573621679973957672
0.2448349959573621679973957672
0.2448349959573621679973957672
0.2445348632962607693165141567
0.2445348632962607693165141567
0.2445348632962607693165141567
0.2446937744352237859455782504
0.2446937744352237859455782504
0.2446937744352237859455782504
0.2444297839621975291592710392
0.2444297839621975291592710392
0.2444297839621975291592710392
0.2446625510599760412616798442
0.2446625510599760412616798442
0.2446625510599760412616798442
0.2446625510599760412616798442
0.2441917128518455215211942580
0.2441917128518455215211942580
0.2441917128518455215211942580
0.2445477676013505544733835016
0.2445477676013505544733835016
0.2445477676013505544733835016
0.2445280488716273743982062075
0.2445280488716273743982062075
0.2445280488716273743982062075
0.2447859504296588021292595715
0.2447859504296588021292595715
0.2447859504296588021292595715
0.2450258831299112558621636358
0.2450258831299112558621636358
0.2450258831299112558621636358
0.2452702174612138552502376856
0.2452702174612138552502376856
0.2452702174612138552502376856
0.2450270662853783051398770000
0.2450270662853783051398770000
0.2450270662853783051398770000
0.2449245082274952487432953797
0.2449245082274952487432953797
0.2449245082274952487432953797
0.2449245082274952487432953797
0.2446572548501574957682345173
0.2446572548501574957682345173
0.2446572548501574957682345173
0.2448540719192843040621698020
0.2448540719192843040621698020
0.2448540719192843040621698020
0.2446089092076249854096219203
0.2446089092076249854096219203
0.2446089092076249854096219203
0.2445795516343130561277924382
0.2445795516343130561277924382
0.2445795516343130561277924382
0.2445802651804187014737406707
0.2445802651804187014737406707
0.2445802651804187014737406707
0.2444575490054045911940096625
0.2444575490054045911940096625
0.2444575490054045911940096625
0.2446962814743115862728114667
0.2446962814743115862728114667
0.2446962814743115862728114667
0.2447080285604749295835920068
0.2447080285604749295835920068
0.2447080285604749295835920068
0.2446302058602157225917178842
0.2446302058602157225917178842
0.2446302058602157225917178842
0.2446302058602157225917178842
0.2447273289471870900991180192
0.2447273289471870900991180192
0.2447273289471870900991180192
0.2444573421236506880181303811
0.2444573421236506880181303811
0.2444573421236506880181303811
0.2443744107472729321253015863
0.2443744107472729321253015863
0.2443744107472729321253015863
0.2443853931627688091787389885
0.2443853931627688091787389885
0.2443853931627688091787389885
0.2441983485945964580005578265
0.2441983485945964580005578265
0.2441983485945964580005578265
0.2440980734004455554723461827
0.2440980734004455554723461827
0.2440980734004455554723461827
0.2441520114951990347347739244
0.2441520114951990347347739244
0.2441520114951990347347739244
0.2440841799072514765479139151
0.2440841799072514765479139151
0.2440841799072514765479139151
0.2440841799072514765479139151
0.2443694924654560633048262906
0.2443694924654560633048262906
0.2443694924654560633048262906
0.2442457568512312539146647419
0.2442457568512312539146647419
0.2442457568512312539146647419
0.2444604872716100510347124312
0.2444604872716100510347124312
0.2444604872716100510347124312
0.2444669761121952537111944790
0.2444669761121952537111944790
0.2444669761121952537111944790
0.2441358403997586462646366301
0.2441358403997586462646366301
0.2441358403997586462646366301
0.2444043265737963981815344149
0.2444043265737963981815344149
0.2444043265737963981815344149
0.2444404987999314601925295056
0.2444404987999314601925295056
0.2444404987999314601925295056
0.2443976836711946647104004286
0.2443976836711946647104004286
0.2443976836711946647104004286
0.2443976836711946647104004286
0.2445328611128229775616895097
0.2445328611128229775616895097
0.2445328611128229775616895097
0.2445531206531528111958519151
0.2445531206531528111958519151
0.2445531206531528111958519151
0.2447230798249557636069814323
0.2447230798249557636069814323
0.2447230798249557636069814323
0.2447923373835122225524206124
0.2447923373835122225524206124
0.2447923373835122225524206124
0.2446479578645685060278732115
0.2446479578645685060278732115
0.2446479578645685060278732115
0.2446842286334624388556177303
0.2446842286334624388556177303
0.2446842286334624388556177303
0.2448616231924249821945088622
0.2448616231924249821945088622
0.2448616231924249821945088622
0.2450602736186106457166851301
0.2450602736186106457166851301
0.2450602736186106457166851301
0.2451447313833625894935309307
0.2451447313833625894935309307
0.2451447313833625894935309307
0.2451447313833625894935309307
0.2452548140520383096486899374
0.2452548140520383096486899374
0.2452548140520383096486899374
0.2451450693732890273760648302
0.2451450693732890273760648302
0.2451450693732890273760648302
0.2449229566385673630668388626
0.2449229566385673630668388626
0.2449229566385673630668388626
0.2450586207817012439500197736
0.2450586207817012439500197736
0.2450586207817012439500197736
0.2452565302439418735489315911
0.2452565302439418735489315911
0.2452565302439418735489315911
0.2453277458074255781594422640
0.2453277458074255781594422640
0.2453277458074255781594422640
0.2453168726638297295732538237
0.2453168726638297295732538237
0.2453168726638297295732538237
0.2455628671593010747944556893
0.2455628671593010747944556893
0.2455628671593010747944556893
0.2455628671593010747944556893
0.2456136959804127232831842508
0.2456136959804127232831842508
0.2456136959804127232831842508
0.2455434075559350880729767572
0.2455434075559350880729767572
0.2455434075559350880729767572
0.2455737714900328405498772769
0.2455737714900328405498772769
0.2455737714900328405498772769
0.2456461087089674548565481074
0.2456461087089674548565481074
0.2456461087089674548565481074
0.2456510953719048443297941192
0.2456510953719048443297941192
0.2456510953719048443297941192
0.2457888174733500847502626959
0.2457888174733500847502626959
0.2457888174733500847502626959
0.2457222071133688720756887811
0.2457222071133688720756887811
0.2457222071133688720756887811
0.2457688941122941046591828584
0.2457688941122941046591828584
0.2457688941122941046591828584
0.2457688941122941046591828584
0.2456910881694658247139356228
0.2456910881694658247139356228
0.2456910881694658247139356228
0.2457851291151511203719923892
0.2457851291151511203719923892
0.2457851291151511203719923892
0.2458993089071114744450725517
0.2458993089071114744450725517
0.2458993089071114744450725517
0.2459112371256427251663055307
0.2459112371256427251663055307
0.2459112371256427251663055307
0.2458105217102009749127043410
0.2458105217102009749127043410
0.2458105217102009749127043410
0.2456148003425604036572519490
0.2456148003425604036572519490
0.2456148003425604036572519490
0.2456938205462937188391387547
0.2456938205462937188391387547
0.2456938205462937188391387547
0.2454416255868298759985345407
0.2454416255868298759985345407
0.2454416255868298759985345407
0.2453998202913685081273749951
0.2453998202913685081273749951
0.2453998202913685081273749951
0.2453998202913685081273749951
0.2451615210816182608233845028
0.2451615210816182608233845028
0.2451615210816182608233845028
0.2452616439728719963888627543
0.2452616439728719963888627543
0.2452616439728719963888627543
0.2450035562260684428073869608
0.2450035562260684428073869608
0.2450035562260684428073869608
0.2449202251681418484368447249
0.2449202251681418484368447249
0.2449202251681418484368447249
0.2449452558562447537871989500
0.2449452558562447537871989500
0.2449452558562447537871989500
0.2449452558562447537871989500
0.2449545795791814722132253788
0.2449545795791814722132253788
0.2449545795791814722132253788
0.2451521520765363808378616004
0.2451521520765363808378616004
0.2451521520765363808378616004
0.2449498891839636350299506578
0.2449498891839636350299506578
0.2449498891839636350299506578
0.2450096063087325381333282782
0.2450096063087325381333282782
0.2450096063087325381333282782
0.2450859870905164665576648607
0.2450859870905164665576648607
0.2450859870905164665576648607
0.2449355661714055783426194084
0.2449355661714055783426194084
0.2449355661714055783426194084
0.2447803919620037610607037095
0.2447803919620037610607037095
0.2447803919620037610607037095
0.2447822732402711557763181679
0.2447822732402711557763181679
0.2447822732402711557763181679
0.2447822732402711557763181679
0.2446576266097397445514544252
0.2446576266097397445514544252
0.2446576266097397445514544252
0.2445870511679319987510075924
0.2445870511679319987510075924
0.2445870511679319987510075924
0.2445656495996927131590112790
0.2445656495996927131590112790
0.2445656495996927131590112790
0.2446668139679184072321912087
0.2446668139679184072321912087
0.2446668139679184072321912087
0.2448518143340582646020438068
0.2448518143340582646020438068
0.2448518143340582646020438068
0.2449138441891212911924980543
0.2449138441891212911924980543
0.2449138441891212911924980543
0.2448451160351101611364110216
0.2448451160351101611364110216
0.2448451160351101611364110216
0.2448737873465925527412400811
0.2448737873465925527412400811
0.2448737873465925527412400811
0.2448737873465925527412400811
