0.000009153922607387927242365138120
0.000005166424020300117173362387778
0.000004873329624643382958243408795
0.000004805454037203523697705966904
0.000004931200987175746987170989165
0.0006085376811424479092085487653
0.0005081060453683953598320598444
0.0004362759960424008562326797153
0.0007599504272834751481140592915
0.0006763114921009233788614880367
0.0006092417694957029970866865709
0.0005544053989649779893120923107
0.0005086550401155734212247303240
0.0007024068319040799341626200830
0.0006526235951181122475773725274
0.0006094755819391007322859901207
0.0007606517352638024635800788339
0.0007162674930016348913132296196
0.0008446884323303085910294195869
0.0008005049524470945180542587459
0.0007607696285779246072291203748
0.001012667664223423729293604233
0.001104343464636156725413073879
0.001056564238854128608901033598
0.001012778900031977512173963881
0.001093391822287369703343568712
0.001167802617486877342699750519
0.001124749710383445279366474949
0.001084761107523964348488206171
0.001047510448821124798768720764
0.001012763700186738399946576454
0.0009802520548814454272487666327
0.001044243981345336396722547772
0.001195977400835015556978203425
0.001160978822585338544106993541
0.001127956065233223951092279586
0.001096764856512950273886317143
0.001148960946058223054730178204
0.001198403368942647115657621097
0.001167814374283756795684335805
0.001138759022652399985165182582
0.001111105030355356564532783653
0.001084765855959030664956365155
0.001129967956643899963682028742
0.001104382156783326606865074617
0.001147131766956687463730757633
0.001188023099587396473501614791
0.001162839026133954989063067473
0.001138726424477531964225439155
0.001177297427323220486825862721
0.001153869680194862770669037809
0.001131353309848693488734553786
0.001109702789516321962597792486
0.001088863933392987487256774111
0.001068800134845883775518023267
0.001104441965239725414778413259
0.001084809936423860496695453652
0.001065860205417244981677017788
0.001099706335247056678431011777
0.001132414641418539419488489192
0.001164013024907500166547519528
0.001145006001379845808111586479
0.001126632672528505424187382559
0.001108829455322445736129935127
0.001091591084525969357110562828
0.001121392785072133789537861403
0.001104469744292609713883181967
0.001088073649134414757834058818
0.001161080046527962038340013305
0.001144342620790617346422306996
0.001128074352734507680128841223
0.001112256547852310380491252224
0.001138875554881028331690870541
0.001123345619605291049071272744
0.001108222989978473606826613380
0.001093513340599645672311576071
0.001079202776415939174846390134
0.001065248415040021491003113772
0.001090426178431700624212845367
0.001076681451651635052959393341
0.001063280683391988906325836786
0.001087540174107432132652100797
0.001111203577766519584100778287
0.001134312283911066475603292307
0.001120870107298277503598571870
0.001107739875009225804504632412
0.001094912834992855647403849541
0.001082382736101885165173749355
0.001070137381264503747752859839
0.001092135342734524514152489859
0.001080046606011800865922110146
0.001068230576315057714441114137
0.001056667402148959534448500839
0.001045357789734541946542592824
0.001034290729999301910934797130
0.001023452784034578807664631397
0.001044349349190619857201693373
0.001033633043931360195259349947
0.001023140085782568386497468294
0.001043394625279924841010329351
0.001063253268296547925907867681
0.001052777803603726338774238971
0.001042508618354487397365060377
0.001032442367419630721899302173
0.001022562641538436939036889755
0.001012875141028602779368427236
0.001031895980767571156498729314
0.001050564407254071447794521953
0.001040883629530426570315501698
0.001031386341892433529381732787
0.001049540650912247661583028431
0.001067374482237351692110574320
0.001084889063949424943507157068
0.001075336918589647994413922516
0.001092481638593700952463723569
0.001083023221844379303113240923
0.001073734176984374011607527323
0.001090442855346894243424363554
0.001081256123140458133157772457
0.001072221468088782810210609528
0.001063330513935956824227876435
0.001054583481395032935835078439
0.001095552708556660895632698294
0.001086691896388121810905823450
0.001077970298296148261350449426
0.001069382878674408724746516250
0.001060937797182730003065300964
0.001076436009095305738731411208
0.001068064912861848173129612253
0.001059824300912423140423688731
0.001051702009030733919605237922
0.001043714192136085825350881034
0.001035844621586287108941218313
0.001050833751354759631318561126
0.001043029182359614759623384595
0.001057737629303809902660748852
0.001072240369249148302475856897
0.001064455795229024677723562588
0.001056772094764058540989533503
0.001049206843544450485561780883
0.001041746391941799102690811368
0.001034397348585486101670529506
0.001027151408147155904808964860
0.001020006801563140676521564947
0.001012960147298442430331300411
0.001026865434616014440866856149
0.001040576489795719903956852896
0.001033538695513624290732498352
0.001047029286469550650048387645
0.001040034663194061141667871009
0.001033132076197313122762572367
0.001026323766124952460316291060
0.001019611225315299683695282518
0.001012980442049450915605960337
0.001006445149860772796178350737
0.0009999872181366014001028514244
0.0009936056228349213008096549728
0.0009873064818002357361190090045
0.0009810911260055044931299261528
0.0009939742730611670119242780316
0.0009877966504287184424569268252
0.001000474710214082901950480453
0.0009943268195711542248248689223
0.001006809832403918902719911872
0.001000696799711347785348828421
0.001012986025343670967210628095
0.001006913802763918905307340279
0.001019025212348769203055413876
0.001030990813208772457193194238
0.001042815900991160652678938468
0.001054499186712524871254103999
0.001066046808967877164964467873
0.001059878495063348832618672169
0.001053785076617687954973716745
0.001047759176442774406494573971
0.001041803184735483160062168720
0.001035911231080183408149817858
0.001030092055182746536584380493
0.001041324840956719521024219411
0.001035538392807084078984967416
0.001063411432530023532468280873
0.001057563704297235936139914041
0.001051776873942562261717853503
0.001046057648532413089776139725
0.001040403209178841797323529492
0.001034810390336205586260703283
0.001029273277576893927523948615
0.001023796360585108217313170501
0.001018373811151740385472867856
0.001013010092272468642325428979
0.001007705721472269098003358043
0.001018290795355708312900803036
0.001013008453163784831152104771
0.001023454411080905475243883101
0.001033792994542196519329845115
0.001028516644744829361224288632
0.001023299735998274516609326420
0.001018137777272776189203296943
0.001013019968466521412095876250
0.001007954298562337846687575027
0.001018056275377699099160386754
0.001013020262750717864043726310
0.001008029124455734251978651458
0.001003087158351573078012303508
0.001013014725151814455579244688
0.001008097544510571632674806436
0.001003230322448106199797133396
0.001013016174971494412929550737
0.001008171665386745201771708639
0.001003369134685897772640945524
0.001027415424334765289092680672
0.001036898552780259295710637701
0.001046294812413137571314786414
0.001041415435414754605878308870
0.001036573190444140435654465937
0.001031778115682885681853312092
0.001027024472148440829003857616
0.001022316325953586321120543658
0.001017655365855566319142184761
0.001013034666443903659207802009
0.001022196063331288541903779740
0.001017591248630703182985748814
0.001013027665708023287196734606
0.001008507722153033146211529302
0.001004029359052074858199226700
0.0009995867355187419963949121035
0.0009951862591508530635515551144
0.0009908238422176016729330356165
0.0009864987921622912151719880404
0.0009822159088616572242546299895
0.0009911153776696608417776057832
0.0009999366100094668108330574023
0.0009956503992689449776072524348
0.0009913994074085146551789641509
0.001000107120357026048063388345
0.0009958698354713256478535602064
0.001004485591606348878660526466
0.001000268679059600475611664800
0.0009960868165191034027189976177
0.0009919372669016352650304867951
0.0009878252381174525281079330565
0.0009837447822095168534005924169
0.0009797014516682783541514662836
0.0009756921505851613752023766944
0.0009717157118265418477520158075
0.0009801124466860722172631506167
0.0009761496224136635796614518011
0.0009722166618065761924113948877
0.0009683161552061721583145861457
0.0009765905584034029740093057038
0.0009727019293009512974077926287
0.0009688468360432907975003151153
0.0009770228102715861694332976001
0.0009731814750101926408974512284
0.0009812758940314320398729507078
0.0009774479942368534648084361535
0.0009736507273737422255152589223
0.0009698862152288420254111059282
0.0009661469816526542971632666866
0.0009624359153466205852088915212
0.0009587548024487865805730556456
0.0009550994407597319832049176809
0.0009514733799143284048274707194
0.0009478735004259411491237818197
0.0009443036648388246496710076046
0.0009635819378919621733952771356
0.0009599795456972335712254283256
0.0009564051654731758834426217037
0.0009528548602555358053675355192
0.0009493325184803349407579156894
0.0009458345728321245699331214218
0.0009423627783227060562084707649
0.0009389177850392638546801271611
0.0009354992785256912480518692967
0.0009321067261863373695987335470
0.0009287375852862830852486702651
0.0009253919538552231565522670903
0.0009329836184214247428411468463
0.0009296463395461343184367031668
0.0009480085000603562131611578786
0.0009446402049936649965195990747
0.0009412971848461193227293566400
0.0009379768991323486229828975944
0.0009346804015778092598843276662
0.0009314087289902448059949658551
0.0009281571243720984448680046644
0.0009249306620669498457119243967
0.0009322584683262561761253996234
0.0009290384185733648147190387393
0.0009258390690452908395265162659
0.0009226652545538883521964043957
0.0009299034623755489695309807804
0.0009267368409909240627855175487
0.0009442334624182386224965495444
0.0009410387075929493386595409326
0.0009378677834138652221919726948
0.0009347173560076353102649064758
0.0009315862930680462064207986731
0.0009284768580449796856509732710
0.0009253873031698681995425257072
0.0009323981951283663433304963665
0.0009393652416604667405181167832
0.0009362733550084900120210980362
0.0009332000627334408519439728666
0.0009301481930293268851974916131
0.0009271160348049140877651686109
0.0009339808226007931327977495830
0.0009408056600295041318205655565
0.0009377657593900723914457983630
0.0009347492027740907545387248351
0.0009317493357732281109485162408
0.0009287705260325133146941671229
0.0009258116902969050931949227996
0.0009228714681493063319222794431
0.0009199482241066484236751149336
0.0009170435762285170752215510650
0.0009141575648396769852532260071
0.0009112891834910202349740938463
0.0009179475773851313329428656674
0.0009245662354662797537449009103
0.0009216916459967649517437716346
0.0009282568347161899031572824146
0.0009253931870400473583038850884
0.0009225452861600635610772508805
0.0009290494743657212912808850813
0.0009262061593335089396576656654
0.0009326568099190486409151438020
0.0009298204127979663694450771536
0.0009362222592890561584263288098
0.0009425842046226021348036096875
0.0009397446196293695475980941741
0.0009369227446840686480943388176
0.0009341150907537499406482410897
0.0009313254195132303687887252980
0.0009285535484336062199828963854
0.0009257974061548580403869259210
0.0009230563064935862515657443564
0.0009293027670128675566298961550
0.0009355133499571502776369574669
0.0009327691972499260376865533353
0.0009300419176091076362080504691
0.0009450633677238776342137863775
0.0009423132217176038436359010663
0.0009483950768750736696571370333
0.0009456507033347152135947565321
0.0009429272824956176685959252042
0.0009402182768317080227872708558
0.0009462401950165599039073609371
0.0009435364506397326992444252530
0.0009495107695002472742191829718
0.0009468143711369849639696950813
0.0009441319420346525537566383379
0.0009414638695446476349308597707
0.0009473781788297527556612471083
0.0009447160094143311035670947324
0.0009420703845489335982428378006
0.0009394373085594687804999735190
0.0009368216477145492896385112848
0.0009342189647295826784219748149
0.0009316300162083461085725034278
0.0009374581697175591683732660084
0.0009348725632007010455480313088
0.0009406588015394188403404775095
0.0009464121526528533736244354602
0.0009438242622167940487272268605
0.0009495379183389987137784722117
0.0009469591303696531377518413516
0.0009526303651388323422371182178
0.0009500549506202298475261669362
0.0009556895385490063206946281824
0.0009531200240669070250514128921
0.0009587164695115344024585469432
0.0009561521404334902460419839703
0.0009536025423154115850779974280
0.0009510675569399363555298454675
0.0009485451153647977022783640935
0.0009540785789500194386816193604
0.0009515622604291413291842999294
0.0009570565283192364886009765017
0.0009545470794103413179912304385
0.0009600065029272734887219033557
0.0009654370289253189918965902703
0.0009629243396168394183188678061
0.0009683193679617027393321301120
0.0009815607626578947091149672068
0.0009947286179881923402730617374
0.0009999986138745141343385924264
0.0009974270056843568154573209524
0.0009948700683796044452319927221
0.0009923255712209033165380918670
0.0009897938873996523832011702315
0.0009872767913940377061309685381
0.0009847725375817404425902209398
0.0009899753983273408880106071077
0.0009951505801428142518862179726
0.001000300825272219545751333957
0.0009977845462040166724142651996
0.0009952837504358936555773522141
0.001000394151004864599364592550
0.0009979012771584191641026580635
0.0009954203177839602517034121164
0.001015574115886198660257229251
0.001013061082647613583898354482
0.001010559839332072297861126405
0.001015557892665304480504089321
0.001013062158591582585671001497
0.001010578581086781022149489977
0.001008108019302241160109625406
0.001005650241627970187532520562
0.001003205152506781984956773282
0.001000771097598365604008550171
0.001005703836365368390625406922
0.001003274421407610946029880272
0.001000858100629435659165706928
0.0009984554420365349339777267138
0.0009960606130309202119203801817
0.0009936793904122130003254290616
0.0009913079392319559220976267804
0.0009961807123740581166293524916
0.001001032848643178689864572510
0.0009986634431748668000746713014
0.001003487416275596712086779531
0.001008287094374204730805541557
0.001005915914133205344650579665
0.001010685714366856431488893044
0.001008320179231377909496920171
0.001005964460577499313230796460
0.001010701708112882748660406703
0.001008351219909222708502232032
0.001020109310715340507428163797
0.001017748302258093490375536634
0.001022415095758294387290228582
0.001020060848454751443540659298
0.001017719480047134736522916762
0.001015384262023588348139107676
0.001013061463295225591313956415
0.001010748479712851751907187734
0.001008448175904882791432571547
0.001006157856244066120195493250
0.001003878697138568972511541973
0.001001608857876411793801554303
0.0009993497273871071448244097057
0.0009971006119227035517461343232
0.0009948616500820805343232207934
0.0009926329793517191416883507304
0.0009972115658403775151337374486
0.0009949888517193519596096676911
0.0009927740347651091075243738429
0.0009973196921934353382421702583
0.001001844490874778559597983801
0.0009996283913438295809031578523
0.0009974231336354282649475747471
0.0009952256081971747566137590724
0.0009930387953681457320574746840
0.0009908627024548492915357994593
0.001001987754432387715610494194
0.0009997996959699472205037954065
0.0009976232159341589389203617685
0.0009954552409350416713741184221
0.0009932975094873500395333920899
0.0009911495580248249446444384905
0.0009890099319575358638818129893
0.0009868801625658950593624375468
0.0009912902971075981157935019792
0.0009956808719869404304109012224
0.0009935501277966284921757992673
0.0009914286999399274206679821787
0.0009893167496507441610207352774
0.0009872134328762534429992235209
0.0009851192806532836559227269011
0.0009830361563647264948912847210
0.0009809597650874057474497560358
0.0009788922991458212292051244461
0.0009768338350338502503316388467
0.0009747826577092332101467981574
0.0009727412397479499611921526069
0.0009707069403934231858996997015
0.0009750245219233795479017720664
0.0009729947233628114876657591563
0.0009709756928262284997900764871
0.0009752622005546642420187682690
0.0009732439964893232738434080368
0.0009712364454697132996276554657
0.0009692356908127157717087485978
0.0009797382884572276162963022768
0.0009777276888617411757713733618
0.0009757251747142800594487542637
0.0009737331639809396456960772584
0.0009779465004750921281854483254
0.0009759565726313597111129188372
0.0009739742067209065646410091659
0.0009720015932158419601315520425
0.0009700355102645625108562630997
0.0009680809302953217326461510858
0.0009722546014461676919492664681
0.0009764104824870467626549266807
0.0009744524727999269534644053690
0.0009725017897960490106426329090
0.0009705600435379194934027473832
0.0009746852761439393096465602317
0.0009727465639032665686972682102
0.0009708155907725743542589909662
0.0009688910340156299803512649997
0.0009729871863537584385713249029
0.0009710652315558246087730776739
0.0009751409934073550279894847136
0.0009732243683963385816153611118
0.0009713153040413626423327137538
0.0009694139360194652389862584683
0.0009675203985530078138693213314
0.0009715620768812444732536899171
0.0009696708504964731477917347639
0.0009677867248684672271185546040
0.0009718037133373017571583421403
0.0009758056060420985885307370419
0.0009739215400247964690113663071
0.0009779063008531947484393272059
0.0009760247518106033701903470718
0.0009799888309781727690121150150
0.0009781103433663430945454056575
0.0009762396086251490977763576745
0.0009743751769979615984673047581
0.0009725192913159788503371553871
0.0009706703274160337203209351875
0.0009688271980602190233831144946
0.0009727502151628974021942201034
0.0009709101396679934427554292920
0.0009690772207127659301022293484
0.0009672525945149193104759167766
0.0009654338279907910605965332515
0.0009636221343904646295571687404
0.0009618179536282216684925127642
0.0009600181469657930453860609210
0.0009582237198145856509644213103
0.0009564382415124520183605903976
0.0009603109180171947743295903510
0.0009585285497457088527828312373
0.0009567538418792222127219976378
0.0009549843702316585143326643401
0.0009588316841631672446953202236
0.0009626649185868996789164320381
0.0009720751541983415604113584274
0.0009702909804325226828199718561
0.0009740810912234199519580167124
0.0009722991163567997044253646236
0.0009705238487868818150793065716
0.0009742936505628573040998866297
0.0009725234026692608494394128265
0.0009707596154576543446730321299
0.0009690005864551952593400932925
0.0009672467889120212020627240721
0.0009655015168540664635605047487
0.0009637615727540256503154951245
0.0009674962785582435508702955773
0.0009657588502692974716379192854
0.0009694760042599925274422685757
0.0009677420879826637451893962555
0.0009660166269315402852604311632
0.0009642954989802603062909458723
0.0009625791729125711210243732067
0.0009608697934263894081889311407
0.0009645573758303107926954566979
0.0009628499088182013469697740853
0.0009611489602293296027879522129
0.0009594531039037492643122098335
0.0009577638983472695436967347130
0.0009614238461994060974215585710
0.0009597366388906303890084901601
0.0009580552112485005813558424290
0.0009670088778244917030348686879
0.0009706248968724767168600245757
0.0009742292124243185955493753834
0.0009778220460716149390568151008
0.0009814024989218869644490546802
0.0009797012213372460022692826055
0.0009780055427017618360025093904
0.0009763178171900285119092594778
0.0009798763732706172290832792797
0.0009781898258649325548787761239
0.0009869553457800038302844612112
0.0009852636612274890430281178866
0.0009835757618804848873791364672
0.0009870903328289481090014874909
0.0009905904919684084406396039025
0.0009940806581781229567954074596
0.0009923907873153716007706770708
0.0009907065336006768345836233361
0.0009993311146498420507320393804
0.001002782872999324509850516138
0.001001088932505220107317856332
0.0009994014573026671937276854335
0.0009977192805438725846290065721
0.001006257473563239160083930639
0.001004568945749123716705049213
0.001002886565237792052899798456
0.001001209531928413835497615418
0.0009995376657755526672737599069
0.0009978714000283565845048930365
0.0009962103094359434015073625675
0.0009996037381289642162572621237
0.0009979464564583022192094560369
0.0009962940805373152634927220584
0.0009946478026034831426171287025
0.0009980224346068925831847186415
0.001001384620867510293344870424
0.0009997367304732433938599932262
0.0009980968267348159310352365194
0.0009964599331513985685687845778
0.001004776866854221260641042375
0.001018032165493696570814850404
0.001016372368998692786537467756
0.001014717778928687599094109737
0.001013067549119905642211357224
0.001011423300217909347086601973
0.001019635188675354250483504828
0.001022901353134678548393784143
0.001021249296820259185007005439
0.001019603337356016077909037984
0.001022855327504688614227111921
0.001021211204289147619037707355
0.001019573103274362476938105811
0.001017939118387684170644771652
0.001016312153023365668850186407
0.001019542004431567639406550222
0.001017916217995844467245789014
0.001016295634220951014398873891
0.001014679350584035868059876146
0.001013070266218473290456799928
0.001016281168355711642333300111
0.001029096712440857979810600117
0.001027471534416009264912483903
0.001025850927128094544186676472
0.001024235737626270772375392507
0.001032180469285717336387689008
0.001030559236887001360478272537
0.001028943781632418602538091405
0.001032088267666490661694883254
0.001030476395579526339114183313
0.001033608110831357911729596332
0.001036731594844005247910786903
0.001039845180468651990778882394
0.001038231265666934541685501481
0.001036621805200469591036910296
0.001035017044073005506687454598
0.001033421821038736479659782395
0.001031828015459068558385951236
0.001030238010501698689517457835
0.001028654476634903013637219612
0.001031740957547314160373649041
0.001030160089106541380865685600
0.001028583274251066242488686495
0.001031656203793214251835350555
0.001030081796292834980495048088
0.001028511369887317376682032794
0.001026946865345297558816445776
0.001034619870764096501310767544
0.001033050126365685661901951043
0.001031485300074616157026758541
0.001029925647663003722458424942
0.001028371005821671429639884686
0.001026820337327694258337859228
0.001029849307262923133788375331
0.001028301687675376863875584520
0.001026758738672377967651177881
0.001029773289261610284915955712
0.001028232077541907066789065596
0.001026696455849203397818916762
0.001025164752693080266240463318
0.001023638720888052848733808642
0.001022116030409511259227558241
0.001025111471115344445559206606
0.001023592215302410328533253789
0.001022076255628184898273828602
0.001020565616755091464630843687
0.001023545580599620741750143876
0.001022036156160250580959968372
0.001025005069726603559154309922
0.001027965001071038915137479962
0.00102645681723052620468976
0.001024952401451130117681147700
0.001023453352642635937513567862
0.001021957707316002099104535065
0.001020465700813276920229437658
0.001018980020714436375940229152
0.001017498463596542729073517777
0.001016020837236939974787883845
0.001014547919027010331359990626
0.001013078222692301888755793126
0.001011613065135638249237747366
0.001010151097611242530257928059
0.001013076990651526687214437205
0.001011618460848599674980264260
0.001010164278487227489669237422
0.001008713368329552675096803712
0.001007266243390374735235399823
0.001005824600184262198239964285
0.001004386836571905270661654761
0.001002951853289770846327077929
0.001001521669141742078164856210
0.001004424001682772063154226445
0.001002997631256710937477456438
0.001001573633116761769538349198
0.001000153561183553054100662060
0.0009987387010790868516757918385
0.0009973268519544245148622797369
0.0009959192360033269996570705008
0.0009987980049094258223247384631
0.0009973924196605719663486273954
0.0009959915804068762179499674654
0.0009988597447878106444598659459
0.0009974591089809868764851454063
0.0009960633142208035347338101976
0.0009946722117263100521267293341
0.0009975251091908086137178722412
0.001000371554754423780720425186
0.0009989780874426741703478393747
0.0009975899183503025818600658147
0.0009962088489530087846400636500
0.0009948286584836260964028486653
0.0009934524357564696891223222303
0.0009920800852822615120013026382
0.0009907108511529802502008054270
0.0009893465555896015032113412069
0.0009963504591287922617216591371
0.0009949821431346821151464359205
0.0009977878982689946149494525332
0.0009964212457351043643052397444
0.0009950564209319792647131643918
0.0009978520985536124500168723975
0.001000639024162299087083813168
0.0009992743243185694415146936895
0.001006186871037914138089347371
0.001004818570583507792645998169
0.001007578661690581246993213846
0.001006214188666676056957382746
0.001004852307857751583943840705
0.001003493878990959681532044417
0.001002138391387399533260418053
0.001004885646814175155922206787
0.001003531696478226889237505445
0.001002181281861027367271727010
0.001008998225945705488954242527
0.001007644577430624689498760052
0.001006295179221004218731823379
0.001004950278639942485070738570
0.001003608374157905752592051718
0.001010376366241915958698558108
0.001009028830259295994631716720
0.001011729779261642630606465844
0.001010388007768441664209965207
0.001009048287368367322743359198
0.001011736836752679279106914436
0.001010398398751308605199623571
0.001009063637230240611682597095
0.001007731687641762765493702874
0.001010409313374198408300202805
0.001009080297013833040484107298
0.001007753483390937092212335636
0.001006431015833646206034994712
0.001005111550535204001682117402
0.001003795436795439589187123700
0.001002482781834125763910366129
0.001001172851822133457633900150
0.001003830519387792750478578972
0.001002523107837828611525758574
0.001001219099412062309411252443
0.001003866895204803062565671654
0.001006507309588261601576498450
0.001009141135469377743841170572
0.001007834113444611783181951030
0.001010459207317449767358396356
0.001009154816193989991412738327
0.001007854041364838313462094301
0.001006556631902587944736742466
0.001009168982431749586276450884
0.001007873814949355661154941146
0.001006581513756273604139806183
0.001005292656698942311055224209
0.001004007465759647748172106419
0.001002725221984126294479820192
0.001001445913887472108894217703
0.001000169881854719990550757498
0.0009988974644347222574288918350
0.0009976295826539691498612995066
0.001004077748066906374422543889
0.001002805564862232442922525635
0.001005383969427832180903691625
0.001004112894370590359256400184
0.001002845742150638013067442758
0.001005414292075743624097468621
0.001007975644215201010027120647
0.001006707141640871094053316247
0.001005443159832615274210237648
0.001004181511743698773589654548
0.001002922134027895201071929804
0.001001666485613654605173756126
0.001000414796823562782270259742
0.0009991656745832864941048136397
0.0009979181922446396911442615155
0.0009966758941281179262506388528
0.0009954368163383483459477664317
0.0009941998038309533143152082265
0.0009929662185839768379960878245
0.0009992674626609790588490602570
0.0009980309844735794987591840402
0.001000552985805353941326783679
0.0009993168453680154908615844071
0.001001831683959615637540596220
0.001000598606411855592928061670
0.001003106095790147875258083376
0.001005609315764453432702048485
0.001004375351737099560421119748
0.001006868249979080765595331614
0.001005636561061452509460803986
0.001008121447457394958885565334
0.001006891131066154968030525387
0.001005662932807889044154494305
0.001004439455520710906104033293
0.001003217704710873792148499173
0.001001998713981975155520813547
0.001000781691726095745231667066
0.0009995721251523928308345031750
0.001002040985075796137019164900
0.001000830394927195446352390636
0.001003292402003676017657479191
0.001002082518577261570914638747
0.001008197091752438926833754379
0.001006983650693242605528533347
