0.000009153922607387927242365138120
0.000004441491852242038153554377873
0.000004885323041657903707137262501
0.001009300761655995966414088659
0.001512989139236316786564749011
0.001212055119785320031344187093
0.001514223103492921230114966131
0.001298827912906479451111600795
0.001137271437038631279143015634
0.001347311467711807789656131461
0.001213217926848121003655229025
0.001103482886552423279466008103
0.001011988676580331269786813914
0.0009345550763047855310044350584
0.0008681885779308401378454626445
0.0008106650643166091084618481319
0.0007603446436891940517636886252
0.0007159623155817055868962442469
0.0008444286206061347362834952865
0.0008002443592250844972539572593
0.0009116355733121311962321263758
0.0008684715969392150749277418967
0.0009666660660381194221571827887
0.0009249020329879799902057358561
0.0008865825839276759670935965939
0.0009722486639261449424047250060
0.0009350272564422330326543164533
0.0009005789085673800666115078686
0.0008685870189422610226614905298
0.0008388354055068369994499059317
0.0008110979405785434894528942742
0.0007850895393705595074680361216
0.0007607147372493456416581861540
0.0007378240042681067188110926492
0.0007162823481856355205368291305
0.0006959694180926029240326706612
0.0007607352590252528337791021955
0.0007403263433715506270491972153
0.0008005507839462346952473974017
0.0007801487888814759207527193020
0.0007607803635395043122341637163
0.0007423587406944776725905854192
0.0007248119535646382045465448055
0.0007080704635719707147791528331
0.0006921085018333646809611404617
0.0006768232586898897457781948209
0.0006622124009608336957212333864
0.0006482347526118684695515105792
0.0006978255957817927508094287069
0.0006837063780559732039738002193
0.0006701338382542180430311202262
0.0006570988350288039262256550590
0.0006445615594967470957875043478
0.0006324852110578704157627738270
0.0006208643980391098839234926775
0.0006096761930027961954672341542
0.0005988874983603255905590473133
0.0005884750125043169403920609316
0.0005784158595272635280244090962
0.0006199456906817746427575384820
0.0006600929506607214367135579157
0.0006989238014183363730418862688
0.0006877471372542092206328776551
0.0006769232801411413255027807523
0.0006664338162016172553390826713
0.0006562600174728588385385561715
0.0006463916953611013798856596201
0.0006368301967189052021359520421
0.0006275399443655170288802655443
0.0006623373393265013855906468328
0.0006529447263334637491871944935
0.0006438243903741043332748798852
0.0007189345453417900336181044319
0.0007091614546392863506915667258
0.0006996413358076936783178282550
0.0006903915770147198990970311926
0.0006813821402872271864717763186
0.0006725983644303488518409406115
0.0007028052457363996910224261306
0.0006939731464912058271198055592
0.0007231504685513294472545947454
0.0007142769030033692412178767542
0.0007056297841535154308231315616
0.0006971983014527198529087203441
0.0006889559775814202544861775987
0.0007164848174729822611712521047
0.0007082289300282621972672821677
0.0007001480392962028102963605706
0.0006922551261653616181317127551
0.0006845385333964943729470158839
0.0006769893326691586443934794583
0.0006696132984265936070254618935
0.0006952560149993822000711277554
0.0007853698716802754565293698723
0.0007770627609548222581420803626
0.0008007581210052470821391338165
0.0007924730611496459780270238575
0.0007843588107975450264818351829
0.0008072675081842119319723085547
0.0007991649676706557585357411193
0.0007912351865637163246267822862
0.0008433254505058714614689165119
0.0008351113124056315193098624137
0.0008270531018035776588191622068
0.0008191480839750234953174310282
0.0008113918781323756739502963142
0.0008037863198002937880438995835
0.0008245747750726942070601334199
0.0008169820623383915146003336355
0.0008095370493302582354495353058
0.0008022188669112102140797159252
0.0007950310822504947799757421694
0.0008149738143272641608508010761
0.0008078044189368348256756090770
0.0008007632002816612473127306635
0.0008201430603516290463656193619
0.0008131117934438004908909284789
0.0008320532981417688780099245891
0.0008250437119158071070191424719
0.0008181549994951454160346871297
0.0008113841429029175751261544069
0.0008047244333490537702695690567
0.0008229562033195616247879198189
0.0008163040019706092847896347744
0.0008097672038419676340735086848
0.0008275145182546038171092173482
0.0008449906043162035973882190961
0.0008383736980974510615915091245
0.0008318637479213498992034240692
0.0008254554284986595545814702217
0.0008191456912094748459864702192
0.0008360065300439524606507253515
0.0008297110775530588345632546769
0.0008235130361164484486092065055
0.0008399727117972916815515727767
0.0008337884461817861510667527657
0.0008276971394829269038605197162
0.0008216887374644663071657222590
0.0008157700612511240324061243808
0.0008099391717927261611790566736
0.0008041909217586371166140620170
0.0008199705354487607284527317559
0.0008142287361428922706901421984
0.0008297194015980144125489087791
0.0008239915538296242007102302278
0.0008183477559534362723726105351
0.0008127796400449435888342877111
0.0008278585018729386302156471981
0.0008222949303377568742381396439
0.0008370978923296094092864392853
0.0008315572782069794836330621939
0.0008260876210861922804764548553
0.0008405771028094130671853162516
0.0008351223820495151708949860989
0.0008297355256939398264533877735
0.0008244146298157333290362143320
0.0008191590131615470123063900776
0.0008139761769101798449248074753
0.0008088554630436167486180167274
0.0008037974285850455039370655500
0.0007988014715941374768776835523
0.0007938721196977542307115879529
0.0008076694822578674217654102913
0.0008213009305479941164325547979
0.0008532025059098967488648115548
0.0008663922397681319901213731228
0.0008612058166009213570615987127
0.0008560809958229334105940622124
0.0008510177972711440174484380644
0.0008460128197238800665266885326
0.0008410699513844288359993160755
0.0008715449436287652059193455757
0.0008665084532141088300398259078
0.0008615275392776676719664684423
0.0008566086068379358439443881277
0.0008517453650706809378887566053
0.0008469342641512461433458026550
0.0008421826941446458601046721513
0.0008374839953762978773415289355
0.0008497289722167804914034446528
0.0008450383019839037139104193317
0.0008403976565761222050656890492
0.0008358090104033559744099451536
0.0008643209983713804361801049079
0.0008596512195260634852436429982
0.0008550294479369691916566569591
0.0008504563871637016565849827628
0.0008459351702160085906418070670
0.0008414765895985743423769022924
0.0008370492704220859942258412846
0.0008326671070928498919383042966
0.0008441685040902246397476163039
0.0008397987219505361846379554232
0.0008511435145702866353169447018
0.0008467823547678623543815086011
0.0008579780063966193380723283175
0.0008536260124087417725676861451
0.0008493186619557027309681453764
0.0008450557428398683641868512287
0.0008408319864127369535209038727
0.0008366550413528072070009459762
0.0008325192008958790604001345699
0.0008284243073785810393773684204
0.0008392653989179451238804687178
0.0008351744412262180826715387648
0.0008311247317992199429536050890
0.0008271130045891565234715263342
0.0008231435743840041290596262678
0.0008192118691844161828274318292
0.0008153206394477159446690233343
0.0008114666787272275734944818371
0.0008076492465511761932167935411
0.0008038604869744188878715124928
0.0008143058010509841667647082456
0.0008105222002925863558118841367
0.0008067742204742783041489495884
0.0008030647643290191476117283843
0.0008133241644621628450476159818
0.0008096178458068291808005579584
0.0008059435870748775221268348696
0.0008023020113179718030557478278
0.0007986960370682867344724140252
0.0007951190874050514123873323413
0.0007915758592020717356203833774
0.0007880679412445655434048008754
0.0007845863225462803270189866486
0.0007811391584178193306765993664
0.0007910403844322814333780025135
0.0008008557215756914446069549914
0.0007973834713212528405444660325
0.0007939382305653542861326647063
0.0007905208360587164396726085892
0.0007871344788992923033403068596
0.0007837752236146115972700054251
0.0007933712224830512059537732819
0.0007900132382336721606287322973
0.0007995012297371894424738873870
0.0007961526683907683149557608135
0.0008055339846533632484387905697
0.0008148410118397474880144262349
0.0008114706573337135944536049606
0.0008081272486004965908932817713
0.0008048091097036264338290054159
0.0008015210068780014703643865401
0.0007982598552380162802149178025
0.0007950234565544995527316737521
0.0007918141133051166909960411512
0.0008008722896342912262227865953
0.0008098588950174884009005950615
0.0008066271687523498755530011526
0.0008034231301583361484145321791
0.0008002423022439070474955604024
0.0007970882962528348252031612936
0.0008059108165066736788582551682
0.0008146613486473256389946819220
0.0008114895615838011688704841532
0.0008083346598130300381814718409
0.0008052173939914740533603947469
0.0008021166795691646892590014515
0.0007990385585624992992514997792
0.0008076142982205027008379635933
0.0008045401008174274587085169993
0.0008130332116658244097278327159
0.0008099617881822435771343103422
0.0008069115518447999440954359426
0.0008038860626100190773489604970
0.0008236173207968528441674074933
0.0008205524038414751465081421557
0.0008175088591899342755505253972
0.0008144872624530478977727608542
0.0008114907583014913224128784264
0.0008085160299949781131987345803
0.0008055635102691594001013836046
0.0008026321570607679558831851038
0.0007997233289763534785376712302
0.0007968363462377542018814078401
0.0008049240542360497084162129760
0.0008020371335795835151180700354
0.0007991716401728220135203859735
0.0007963286550443057623236759718
0.0007935013994132014553899468594
0.0007906958947570978714522095883
0.0007879109361337818526350862813
0.0007851427478569598600475005689
0.0007823950199196837036286229545
0.0007796688215682902061883370636
0.0007769588064155230410973590909
0.0007848063219360513135862086959
0.0007820991946434823954344680254
0.0007794133351614011911737370513
0.0007767437884740532958932861988
0.0007740932179366079434203992526
0.0007714595472150292200550102346
0.0007791682483968331702687162991
0.0007765336757918501911851013074
0.0007944198949197515363308783902
0.0007917534536394220313440191186
0.0007891052760038997143121975210
0.0008067695607017221059673865038
0.0008040885704895572834092169653
0.0008014257582552354327560905240
0.0008088252973023042950089582306
0.0008261923866626479291335218784
0.0008234811774109217738405137028
0.0008307389442151918579039434180
0.0008280315073001903778379265060
0.0008352254743385833316320718509
0.0008423716820235529994308321722
0.0008396500915996353437954532476
0.0008369488628442939822584615145
0.0008342653566638652854767557805
0.0008315967531885410760561713723
0.0008289467218669447245955361536
0.0008263112834916871743287561500
0.0008236970032579310588321059030
0.0008210958350638306500168651516
0.0008185134461353241805896111610
0.0008159476380775219644911191436
0.0008133962396058978932302597220
0.0008108611233438547252483926632
0.0008083424234007732393262653367
0.0008058431226194971872151481197
0.0008033567867035462445324055070
0.0008008866741386575960543026928
0.0007984343729412465303568438959
0.0007959923751278629503167362392
0.0008028432847498613305664041511
0.0008096525734155541760548945320
0.0008071995465824873473563336292
0.0008047617090179893267236659208
0.0008023397553041116810631613433
0.0007999324355706599676129740781
0.0007975382387427543470026383139
0.0007951575967520618237644934218
0.0007927923052354700890971509308
0.0007904410307608807687841390287
0.0008061051679197566763767010881
0.0008127005546413014480255660969
0.0008103118950807892227579948602
0.0008079351678996612283133792213
0.0008144696724346593947813662186
0.0008120952285641745618539410328
0.0008097352049497628941878576287
0.0008073908104365478266305985980
0.0008138469251444201081725920401
0.0008115028764928364331122453627
0.0008091734346942039984497062750
0.0008068534951082598873110280194
0.0008045523326240970915653798348
0.0008022607316115676494390364299
0.0008086223996038058836152517228
0.0008063360166661356473532088416
0.0008040606985669642413316707451
0.0008103645002690381114680384270
0.0008166308784290905280168231875
0.0008143450152989478503831415016
0.0008120722513551615485962005694
0.0008098129901779499200041436080
0.0008160116627559244568218131901
0.0008137549480532350137167029060
0.0008115090743700416130998376209
0.0008092761506878039377821571668
0.0008070530346368264444041619618
0.0008215049386252066433557550040
0.0008192632083236801454922260913
0.0008170325074628395825276533659
0.0008148134957257657991828549496
0.0008126075738460174752192604300
0.0008104116503372721871713231377
0.0008082261405663200375723663643
0.0008060521966512996569027858280
0.0008038919460581731952803546311
0.0008098712890895896742701535827
0.0008077126281256178690679718801
0.0008055659996340100268490977100
0.0008034305754841598871489207285
0.0008013074835103763564140508162
0.0007991958966529929418586817530
0.0007970933031599433625022301656
0.0007950078287192160628862496591
0.0007929282853332828740610755464
0.0007908610994604213534092873911
0.0007888035382437373451994830156
0.0007946533367156531778437199950
0.0007925978081692541347536554691
0.0007984081575295047797413390296
0.0007963572521484265169095274824
0.0008021269142850952171852455632
0.0008000718989780528418482509469
0.0007980281550311237521118436264
0.0008037484477625261371440330012
0.0008017052868020246118610753564
0.0007996753517506482311938940274
0.0007976536508520578207907068622
0.0008033161249034342392144781221
0.0008012942846409402811252608645
0.0007992861221731201726009125588
0.0007972869149237216621184895302
0.0007952961523181590010279995822
0.0007933149095804564542545896647
0.0007913431068053249490911630384
0.0007893834290904770269320328880
0.0007874325900385052512048701995
0.0007854923410175668931687288397
0.0007985321281705691241607002396
0.0007965738288712423399042489983
0.0008020724109117273564234667880
0.0008075415930705380679451218616
0.0008129888161319929554933347842
0.0008110140985640019191031141417
0.0008164223481529076191218616531
0.0008144483482048618638283141999
0.0008124849114449548819198676823
0.0008105285448647006741562229670
0.0008085833978959498259158710101
0.0008066463017823786730923055090
0.0008047195709942706122391493491
0.0008028016888519612168029887187
0.0008153633376550639142330188240
0.0008134316121075917562122069151
0.0008115072095195441041372861465
0.0008095909921624248089873717532
0.0008076831358897629842579117054
0.0008057868965590239719990030359
0.0008038981597098447370686285349
0.0008020200254522806089056880259
0.0008001494279004385835949328945
0.0007982878057324311365032532336
0.0008035008382571570571563583694
0.0008157362107817835587650916543
0.0008138540118709243791964046983
0.0008119778699807128249668513406
0.0008101085073275456140039999259
0.0008152305237458278899939807252
0.0008203321004593641779796659139
0.0008254091700571771275131891400
0.0008235265720164732015244237222
0.0008216548929885995653560127706
0.0008335973411323163971408064115
0.0008386011693118423387114205542
0.0008367057035533038419257732061
0.0008416763636763730207884079522
0.0008466243259250632561497385675
0.0008515520159701394872390684892
0.0008496461077583880597956299171
0.0008477483539580802288553129844
0.0008458570578662014199106106255
0.0008439760662164820359827146328
0.0008488528339302143059084705127
0.0008469727333777771109561794969
0.0008451013954509586011809729208
0.0008432395736193253153562762735
0.0008480748140194205566767114183
0.0008462128298776085573303239997
0.0008443619741318186247160554818
0.0008425159321105373737951496899
0.0008406779866824742958150123600
0.0008388500878039309299921782571
0.0008370305702292844054797027292
0.0008352171856365298479286095421
0.0008334152667048939688429326954
0.0008381780178042518319134667740
0.0008429201517009972413453750436
0.0008411099106965731927396804324
0.0008458244967728297947610210084
0.0008440157953441772926758435464
0.0008422156423074018067537395037
0.0008404239830953022619965161609
0.0008386390023343503080927756161
0.0008368614380384529416899955651
0.0008350904642248348314793967873
0.0008333275933365041202711938381
0.0008315702522459624371461419819
0.0008362168494647347994269912173
0.0008344646931873160916754500312
0.0008327172137239373511546835271
0.0008309791916168371279066420277
0.0008419261359288322741843931861
0.0008465010589669455366465583538
0.0008447461016711013056450120217
0.0008429978839934113936212643566
0.0008412548420641990963570035993
0.0008395209317253918074331440997
0.0008377936321462229174857848703
0.0008360736599114668226189460765
0.0008343611576554146802246237643
0.0008326540075612205381395649396
0.0008433731103180682383756271458
0.0008416567399948304028056194070
0.0008399460793331645106177172017
0.0008382413957435087927221705220
0.0008365439134528835165512559960
0.0008348533309073146024794110591
0.0008331699781439718364811133022
0.0008314936253901041895017996731
0.0008359338662720396586163888566
0.0008403556500014264040988213518
0.0008386745900131700653886301863
0.0008370000973500056882448422959
0.0008353332560479144803568466584
0.0008397203178731129690266126293
0.0008380563222420001498559720786
0.0008424199350306870218785575222
0.0008407551873270979434127048558
0.0008390957740977423163649793335
0.0008434319500307158963920861892
0.0008417753650268542686271445102
0.0008401241195161353142255376462
0.0008384797352010798775292279721
0.0008427853839871521954369811300
0.0008530033741991756274410026241
0.0008572617797606311108805877499
0.0008555977999030780324011832851
0.0008539389230447549778471370426
0.0008522875696363131687191073376
0.0008506428063038547520151055991
0.0008490035811850036996385936740
0.0008473695853537666374398111536
0.0008457427816687262991474906961
0.0008441224228217872491060421992
0.0008483231491045800286198632690
0.0008467042336688108512609263671
0.0008450904686324431197683825793
0.0008434865998690117170311012449
0.0008476578710000893633195320979
0.0008460516856287672798446768538
0.0008444531733512821064036359493
0.0008428607273998033388482252443
0.0008412730997521201411919843795
0.0008396900901195120417789891291
0.0008381144357415659079970965221
0.0008365450604065134590802299096
0.0008349822727606024906559841426
0.0008334256930312995915138838466
0.0008318761428220773372849693511
0.0008303301611591780402828681679
0.0008287901187650266584282224945
0.0008272551302180421107090968993
0.0008313483666772488118121086612
0.0008354255659777760939319103657
0.0008394885123265578957089404918
0.0008379457746437287873328715429
0.0008475688399174956203724944342
0.0008460187582542080673842045730
0.0008500321899862461804624051027
0.0008540297182426789365472847617
0.0008580142801974322681979305064
0.0008675104362665846025900732658
0.0008659367720133695552042594110
0.0008643698410077362463566286144
0.0008628080507530643897744218391
0.0008667375344823628804798065382
0.0008651766335689612254658111605
0.0008636197628323713514251962429
0.0008620714858800328613601559905
0.0008605291182315490939520444228
0.0008589903232249698934104166984
0.0008574582031571537543535896657
0.0008559305908953213700945982731
0.0008544086078728645099427806551
0.0008582920635962725256297490313
0.0008567711335334974306171296799
0.0008552562672053707963770643019
0.0008537443437599584801541868422
0.0008576030584956563146372074719
0.0008614464942426629475059009580
0.0008599335885795306769663296447
0.0008584255350335395660905027601
0.0008569237581006565957253681750
0.0008554264553664032012150850864
0.0008539353697310298461863764173
0.0008524491251954710962087679077
0.0008509681381803105354864642714
0.0008547683752491432568166960210
0.0008532885077360966449372063826
0.0008518141059675455045462474138
0.0008503462326631408040315248773
0.0008541219959942365458049383158
0.0008578855949069107094970380573
0.0008564126490051160233974189783
0.0008549441508393232418130708784
0.0008534803922974575684472639844
0.0008520232365074893854091104677
0.0008505691960117430321548465464
0.0008491198211778767203629295009
0.0008476768095362065987575020569
0.0008462405981729757974321593038
0.0008499576307870657814438209557
0.0008485194668450247947749010345
0.0008470868078283771886178141147
0.0008507848082170965366966790249
0.0008493551779656859719757002597
0.0008479299132365295110879348960
0.0008465082211188601031019300425
0.0008450924733706538512688826033
0.0008436815590717328708932896577
0.0008422758399563106634957748753
0.0008510053480547961950070471533
0.0008495921782936304492018281171
0.0008481827151093651868305895117
0.0008518193326300888260652254139
0.0008504085697316568493872712970
0.0008490044703805525825831488876
0.0008526203675364782849820918930
0.0008512171036965207929133780179
0.0008598151411738437611904988873
0.0008633950479043528147451485748
0.0008619799138727384903759582639
0.0008605701872913178895875115454
0.0008591652404357440353370595762
0.0008577664005838481339304298692
0.0008563706415075040009835609761
0.0008549789950702047674235183412
0.0008535929340473247609440997481
0.0008522119841074357272372991363
0.0008557515676974684376037145946
0.0008543705567598375217937103217
0.0008529938742957779452899817789
0.0008516235526838557223047251409
0.0008502550162199904282035604993
0.0008488931088991270649894899895
0.0008524039856270303732201116573
0.0008510409423511188446237189720
0.0008496831562079368557044800708
0.0008483306021096325892208823157
0.0008518190310274418598770523131
0.0008504652284288169797277908535
0.0008491173145058247036909469659
0.0008525881178780065139106360013
0.0008560478855433810031062556541
0.0008594987059359808724498320782
0.0008581431348282229211508523060
0.0008567925775647739407853679342
0.0008554471550374456090142657779
0.0008541056880549359185656939752
0.0008527688784730721851711380109
0.0008514362724018862398975759553
0.0008501071320056508085821189319
0.0008487827319755008980839905857
0.0008474629067520095265961262041
0.0008461487333861581525626708194
0.0008448351360070271103845929553
0.0008435256309063008207374261141
0.0008422221915131801710084314158
0.0008409225160001735586857444638
0.0008396257351881742419740842167
0.0008383342841290089273810126671
0.0008370469269673803905867125417
0.0008404306479356721876352785966
0.0008391427582970182606975723223
0.0008378605213588583070234072927
0.0008365810986649779837115735224
0.0008353065383343661692844335291
0.0008386663149932665107281075670
0.0008420176178851043396518450118
0.0008407403782764662567658643450
0.0008394672938789274267194928141
0.0008381975277799290613759046112
0.0008369309254226123817971741197
0.0008356688614028142712398102308
0.0008389924555903563072344689071
0.0008377320061854610596989105917
0.0008364737599627675769679091499
0.0008352201377675577929271297442
0.0008476316113165762410895941432
0.0008463640172665991999986930839
0.0008451009171410456337478568335
0.0008483753533440698776071914719
0.0008471128868129922811245925931
0.0008458547419257837806402031605
0.0008445988496772423029074328746
0.0008433477917962632582326110748
0.0008466004740156765014139105717
0.0008453516560038178604937465289
0.0008441047780457537565474918847
0.0008518218992676817219033267011
0.0008505692745880743044753268563
0.0008493204872900379999173191380
0.0008480756157328887552311380117
0.0008512879376339043508978398872
0.0008500441396651889771691901810
0.0008488034567719494211182247996
0.0008475660092581730591856307495
0.0008507599962798965035410203930
0.0008583674252954616182340731247
0.0008571218363255270606995117654
0.0008602892604242685712967909784
0.0008590447669708283187335058231
0.0008578029596901111567572269114
0.0008653443023833798871044622397
0.0008640965373642282817006023316
0.0008672284324494690390441930293
0.0008703524664847350208243731150
0.0008691039623427511958775665488
0.0008722169505730708528616360263
0.0008709692247918084840532024424
0.0008697249533231947864938862680
0.0008684842517184525111941021921
0.0008715798955055188191801704074
0.0008703408757204393910239917224
0.0008691049437161328698057148731
0.0008721867936414211764018875186
0.0008709509002586046875183607833
0.0008697195645463544647880269510
0.0008727869403422913690083231261
0.0008758439263903708617736528323
0.0008746111516308959668729621338
0.0008733817349812074234971112492
0.0008721555326435670197729861444
0.0008751983085054452523747831080
0.0008739718412270575371622288190
0.0008727495963587156420881731647
0.0008715318131790486099030874109
0.0008703172813510651118895345022
0.0008733401434549838757397290199
0.0008721258759075444346937189111
0.0008709165172664604180459797922
0.0008697102932662093727510493219
0.0008685052621902924430370671712
0.0008715113143728486596302480744
0.0008703080190210026082990476399
0.0008691083153851286850421108385
0.0008679121885996220113928360485
0.0008667187374579076816009998633
0.0008655287097030505702768538008
0.0008685131450303300292567077519
0.0008673243017485848809947526761
0.0008661387293586016588136965780
0.0008691095710542153395460501787
0.0008679245512006007941053116930
0.0008667432791372092682611539168
0.0008697018077154334956320326811
0.0008685207100754065450689056930
0.0008673425854989608953193939095
0.0008702875821629745485678450182
0.0008732240674115063133375231176
0.0008720443544551076476749390521
0.0008749711082408353016734612811
0.0008737918529341446558567623176
0.0008767084453223467570486426644
0.0008755305244537143675886977639
0.0008743565236809847324595874025
0.0008731849474833867405187341047
0.0008760864086439307081259647415
0.0008749168885020665496737705340
0.0008778083587494036474845670932
0.0008766385597629419687461354976
0.0008835690552788393068255592723
0.0008823954169515277561450435645
0.0008812236903223968680957621436
