0.000009153922607387927242365138120
0.000004803968811563595137109168255
0.000005130935160987362123640760333
0.001009616893743494137243078392
0.0007590292582443351284280022950
0.001212062342982792343870544918
0.001011180187873440429046963088
0.0008678443466150308754617971187
0.001137571519636255515347500899
0.001347527429131698183778832810
0.001213394015587306465321743373
0.001103626346435723536978884857
0.001012138053125680033005277539
0.0009347965166517769421611636387
0.001084256088330712064687523410
0.001012368145191367130134016432
0.001138340319230151345052399793
0.001071730645895207033235532956
0.001180407439752722956542819791
0.001118602346962949705809336994
0.001062951811231411668306021455
0.001012638014486413485939064311
0.001104228384894299285697600475
0.001056474048843370470333290638
0.001138601699726688129780979136
0.001093288147424853414798234591
0.001167688848179170846642127923
0.001236593987340850564572865255
0.001192642637884550794907850787
0.001151723699447356937364251104
0.001214300065339407511281632787
0.001175380451986095806430052481
0.001138821446392639429413553042
0.001104471923412107519725380299
0.001072158509641214807525689259
0.001041672749442179824195468795
0.001012882717329386612887270643
0.0009856534245559534562191612761
0.0009598737339298864785738839192
0.001012901297040093055573094712
0.0009876994964736796804146864074
0.001037472932682216516721268127
0.001012883858283157906960277793
0.0009894467103504988372438135010
0.001035789656082511132554762736
0.001012895187719119234613836049
0.0009909879587808535491000772804
0.0009700185961863283863497380334
0.0009499366553595959571773309333
0.0009306326067081243658903835040
0.0009121243570922155783030568794
0.0008943525471715630709123850943
0.0008772570958446960793013964253
0.0009748952532199309918450121847
0.001012933960808102417152959019
0.0009946135233075477239665568160
0.001030939619433245181869082785
0.001012939536067576607288287474
0.0009955680230152206695331308318
0.0009787837249477532477506525318
0.0009625588113432861283245863619
0.0009468717738827711047425899126
0.0009316744557117500910774791605
0.0009169661452431337649857034375
0.0009027265966105052348649888007
0.0009354306439896602272040048888
0.0009671424210397017172580931000
0.0009979058823333666922367713307
0.0009833204477178461004256191387
0.0009691351681535722015954783779
0.0009553603554819493273592287263
0.0009419826964763077344552510837
0.0009289662568877714909397361887
0.0009163026227287459123312941512
0.0009039898599097899991699946561
0.0008920078349632267733759243234
0.0008803446978098596760568984042
0.0008689880256234846984700223677
0.0009354483828633728974015068514
0.0009236713316521855653858704860
0.0009877863434053040559759764097
0.0009756528496256757058123252294
0.0009638152586390728503999856685
0.0009886995150732392496459634236
0.001012985911703518766758286243
0.001001121523759856901990053514
0.0009895383451614248505801424751
0.0009782235159001740784707102415
0.0009671699722501411064412451076
0.0009563617094144408467338488406
0.0009457931634179464172232977988
0.0009354593161956806640848194528
0.0009253534685251022257260388160
0.0009154615873185179020096421213
0.0009057782037795840958962665512
0.0008963015479956966933156722346
0.0008870223022443656985806301113
0.0008779249286006688195618461098
0.0008690159952590370315514968988
0.0008602888727667609563183928889
0.0008517298672469378355257944905
0.0008732864169043605620154334943
0.0008647722925280950575327460137
0.0008564252513646849489407259130
0.0008482325538359278202363236315
0.0008402019952167593113996344062
0.0008323238051050244160153395033
0.0008245937118119153454552323683
0.0008170050608247165989304108221
0.0008095539585237048180217051569
0.0008297312531789076735729773840
0.0008223014043416866905483169986
0.0008150050342762704898454061761
0.0008078272644416459826590816019
0.0008273103268918046379332106343
0.0008201627481704825798814343953
0.0008392091148438401011054806695
0.0008320776849285829359701952502
0.0008250792210839075307607479724
0.0008181955942710268325144667164
0.0008114236361567962538102155596
0.0008047583061724113502255950496
0.0007982173486238162535091848839
0.0007917699797301289507051603404
0.0007854310207316933724851288432
0.0007791956729666549229444127359
0.0007970534745412183377559504579
0.0007908190420423678767022497740
0.0007846755794137022392052112562
0.0007786379986632909936443050384
0.0008192094342609645851676210622
0.0008129983306926642011132602443
0.0008068827145921766606538034475
0.0008008576795348805326837086099
0.0007949170994454358153026901291
0.0007890692665804345302948439338
0.0008055347672402768269718434439
0.0007996945767001345199864398876
0.0007939418970684315996213270538
0.0007882660590986556157624780181
0.0007826712985303720187446575380
0.0007985996279770123078923200170
0.0007930173399643865658431911119
0.0007875054406453184350269680155
0.0008030734702040637146076451670
0.0008392764857987957947264550707
0.0008335616398322076756077815876
0.0008279270340621282685840293116
0.0008223685669503343370771988149
0.0008168828611813432999986573035
0.0008316293236843314449851763529
0.0008261561585249202942548784842
0.0008207562088839623701565903533
0.0008154208602264874298581280786
0.0008101583626370969115999468788
0.0008439801433345885750006393523
0.0008385991148236433341883317076
0.0008525472956643464556576838131
0.0008471830553555076067042398696
0.0008799223347281351386876059191
0.0008744563465151063432216815712
0.0008878366349009615477271906782
0.0008823932283660744772237916906
0.0008770076240433358001751484529
0.0008716943912548383021186319334
0.0008664416744101968111059476723
0.0008612560992154588763539250407
0.0008561309792599252307975709862
0.0008510657791274499378488581948
0.0008460610593120931849057317064
0.0008411162930392942457469157032
0.0008539128604084974806453063470
0.0008489794082274093032626870287
0.0008441008703102961626988620444
0.0008392784042258970023926113281
0.0008345141859148985246550039272
0.0008297989043504594423169840691
0.0008251425874356080175947574713
0.0008375261968285864455828804275
0.0008497678698173732447308844227
0.0008450746628692668316672660513
0.0008404363438232601546736193536
0.0008358489931264059152358767903
0.0008478362681993149798199778591
0.0008596932544403144274689909902
0.0008550712575177630477811146792
0.0008667544798760011994148996215
0.0008944862490698186117021657211
0.0008897548906294461863474912276
0.0008850702069414099346252075403
0.0008804401543277508599183279491
0.0008758614162316757200941696539
0.0008713284823696720762713292006
0.0008668410963425289751241634599
0.0008623966672356976015048987026
0.0008735092292001850002615864627
0.0008690807995070828753867020024
0.0008646912873313899209995427775
0.0008603484210097076332640929468
0.0008560510409513365822162709391
0.0008517980046808398790954401480
0.0008475863746770223643364786359
0.0008583912598087188789308267710
0.0008541895448511496552405676893
0.0008648485099693899433255554649
0.0008754070619927921246793081650
0.0008711806844836097074816020795
0.0008669966091364068842085228820
0.0008773921148486131713291216143
0.0008732218609517505116203540591
0.0008690895785534056549481952083
0.0008793243319805265409952837316
0.0008894664220457904772670555752
0.0008853130680434285754739421501
0.0008812015223100259749430597813
0.0008771252409830440983182845691
0.0008730900919364692843877094028
0.0008690925542174120581999904322
0.0008651308548908987737359417100
0.0008612036568324391073564369874
0.0008573117420457371758617699355
0.0008534558756649555318612378349
0.0008496339202112827205162655921
0.0008458466512708296687349324577
0.0008420956477061989022272046819
0.0008383757951311066711665608049
0.0008480683920316395194839901916
0.0008576764014258541137251955531
0.0008671989293725854492669554809
0.0008634325871500537296662429649
0.0008728520642928203537700604843
0.0008821840475341535138587532068
0.0008914391372026135421575990479
0.0009006124302072523769546384687
0.0009097056744298655170585065758
0.0009058573444973371663019257483
0.0009020424025711039743664272912
0.0009110176856953539372479511130
0.0009072104268428724981656822999
0.0009034316592237498623458678260
0.0008996850644783448282963539128
0.0009085188891761855959394215945
0.0009047829915673193243509824358
0.0009010819841770628566146444249
0.0009098056488484475094394245851
0.0009061124852093255470458062295
0.0009147413848165451180692462815
0.0009110551784166791113976273025
0.0009195927184764105541692926410
0.0009159211940704502336338327244
0.0009122785278827318465778614847
0.0009086623329442974312312997132
0.0009170742202172729470868929554
0.0009134698270186403242657883736
0.0009098927327523706538527586686
0.0009063475637477790662145228171
0.0009028255197268245930337557537
0.0009111003859623080958620719840
0.0009075921887787239563691040560
0.0009157798076754535675174142049
0.0009239069125166767616173288416
0.0009203879535671410832120037359
0.0009168947230774679830567698565
0.0009134270127040118506836876917
0.0009099866116206223370403685698
0.0009179791326383010684867828354
0.0009145481732246877256970446205
0.0009224668276703609345870745710
0.0009303280038034804093117214339
0.0009381298070141349237965156946
0.0009346777579865489489539939224
0.0009535647400958735567819506679
0.0009500786362213038068877893680
0.0009466160592829931718105918164
0.0009542157275709619550545464600
0.0009507659518536263390442875426
0.0009473365298371413318466211568
0.0009439341817412235674753912010
0.0009514346954739878817730927862
0.0009480438907141720732709075582
0.0009554756102865842842719033285
0.0009520907742257575349507087193
0.0009594541399655214027956439832
0.0009667687034486554378040683244
0.0009740340138441273297976982522
0.0009706338160750046107423630181
0.0009778312883608850171169160977
0.0009955159796388184065920769506
0.0009920759757894899085467736183
0.0009886626281329594678686972520
0.0009956983456395149481944213541
0.0009922963234894864041807713831
0.0009992701555559032278505410561
0.0009958761220613206870700868735
0.0009925088696612709731286597014
0.0009891622354323878532004168293
0.0009858388303440805351643039897
0.0009825368802845681322851746322
0.0009894073531524898964222048542
0.0009861149426117192051854220183
0.0009828460059872108372549234842
0.0009896427209148168139742719886
0.0009963926073558840518058780275
0.0009931195811754389077586339481
0.0009998163352532092307135103826
0.001006468277121760186403090693
0.001003195427558359678270254745
0.001009795413956618854389863669
0.001006531908502615012956836947
0.001003289600618241041120303951
0.001000070118809097288582907692
0.001016317432673197059105658609
0.001022768717348364801014086385
0.001019519030437409208528240586
0.001016288584327930558848863875
0.001022678521809742180041407819
0.001029028596960612077141113888
0.001025799012722095365521651371
0.001022588876398092760444032145
0.001019400219655387704841351409
0.001016231718211144172728902640
0.001013079675417981313619430285
0.001009951472914316060497206740
0.001006840373309638647386622651
0.001013080283384209366448877821
0.001009978137885690703289012593
0.001016172949585661897286393239
0.001013081438871651185987903441
0.001010009615897729478554101380
0.001016149515294015106433907834
0.001013087288962898845834958849
0.001019179133608193845743669122
0.001025232351459506670440633405
0.001022169887386047449204005139
0.001037234435086777300873542363
0.001034152515538191018751576247
0.001040086932317220153781553031
0.001037015381488696181640358083
0.001033961734141823871872296139
0.001039849328159361861084927253
0.001036805308878864818697300029
0.001033781557663625273407770751
0.001030773347420594886212280567
0.001054232176827763028882092673
0.001051183338375977300478282361
0.001048151112145342138677094527
0.001053875942091034774686338160
0.001050852642147600516924760729
0.001047847242530109350191139157
0.001044858803268233225342824692
0.001041886655449109296341675889
0.001038931963910230333086636632
0.001035994060516025090568804412
0.001041639549516097554952590742
0.001038712994944539618682885658
0.001035801823672337446212749253
0.001032904693221640607038283929
0.001038498146143321478762520350
0.001035609668740397951038278634
0.001032739577557169588058166600
0.001029885176556782415702650052
0.001027049124101319816810435727
0.001032579726535844042520088851
0.001038080110831986765199407620
0.001035242405060207137835666134
0.001032419997139919014501464500
0.001029615261780782578398261090
0.001026825561629574249699862132
0.001024048952645366475682029823
0.001029480291970689903717635723
0.001026710359122109671737893637
0.001023958629641626599763624231
0.001029345673377017047416499189
0.001026600832544941906341994534
0.001023869935583783052130774216
0.001021152626814152865959259194
0.001018448067434790229253942280
0.001015761740125357778171822833
0.001013089625592594882643816595
0.001010428472366373540561804209
0.001007782900375226777528907521
0.001005149884280854950580334004
0.001018365150023901259539656349
0.001023615999870110693932070441
0.001020962219646428977385414642
0.001026178954283581892563928269
0.001031367948462753199797783325
0.001028716467245034640190190566
0.001026076765660989200805244650
0.001023452518054413449135082383
0.001020843370660346689137883120
0.001025978954823192500345321973
0.001023375039805668150025512437
0.001020783161459013563727314222
0.001025879331890722305873495086
0.001030950625739247582404508046
0.001028360402005378812988601712
0.001033399759221918770164260559
0.001030815993206880823216769042
0.001035824429703622999563079825
0.001033246517827281205732463563
0.001030682463662804980036914298
0.001028131684639653802257994062
0.001033094451097424197048380136
0.001030552078083864880472701090
0.001042953015758406488516435641
0.001047844635815505349647194357
0.001045282737954180601489734516
0.001042731827865456533012423660
0.001047587438464820616518944186
0.001045044913245399287589752320
0.001042514091942950675107105569
0.001039998221740285321724469692
0.001037492540212674231069779180
0.001034998741753532925849178080
0.001032517629159318560306854222
0.001030049538804572548413976353
0.001027589554202295003068153682
0.001032376845226713972237463868
0.001029925185953184301678366395
0.001034686081254395642148144232
0.001032241281901974856703379847
0.001036970872493491013024382969
0.001041680481644968177606948454
0.001039235837130565517579987505
0.001036802321932491879993235418
0.001034380604993893425922334234
0.001031969802029508765036281027
0.001029571547333440724351897219
0.001027184259597621075601477637
0.001024808492893087329935935567
0.001022443546388429268932747533
0.001027088363689576584343804890
0.001024726538210666504664137997
0.001029342252846686743420780251
0.001026989682027592661795440015
0.001024645173347816388765015577
0.001036151360701176061817625252
0.001033798939670501176173837516
0.001031456401676217342881080210
0.001029124719174111075882586113
0.001033658650109561119470414933
0.001031332742498128064613280961
0.001029016302331053764450069402
0.001026710502531770807769628209
0.001031210750538215462852864341
0.001028908113026432619709616873
0.001033382285954364225467835170
0.001037837098390276866283936879
0.001035537534240925897153938384
0.001033249410276204442022828973
0.001037675493680364410244228779
0.001035391144399907050788039391
0.001033117688285782305007839538
0.001030853037660683579146537634
0.001028599951722863531238693118
0.001026354739276403403329209640
0.001024120753910170091668600723
0.001021895125197527752227596246
0.001019680191028407019834280875
0.001017475929884473255974993519
0.001015279726438964393264518845
0.001019638729739966777166063254
0.001023979497010657260517219725
0.001041335406516260409074057330
0.001039110199247503537222883734
0.001036889826997354304475490484
0.001034680922948780501689362413
0.001032481849643779670167652016
0.001030290592981285949271003584
0.001028108854864450589307600360
0.001032358495069042743098852741
0.001030182784186715844173162709
0.001028014918093134698622565732
0.001025858130306941870987647854
0.001023708496003050900554850156
0.001021570009198606278264754960
0.001019439720900284427808354036
0.001017318537622236065588635458
0.001015205221865018478664228091
0.001013101264374699362793345123
0.001011006678194394119527799885
0.001008919833316066687060023727
0.001006841250535426798873009455
0.001004772013001753467025397383
0.001002711119910982501899519874
0.001006881390574415211329958664
0.001004825348163152738443650268
0.001002778140126854301187258033
0.001000737807584285894665252909
0.0009987058029155414535809581086
0.0009966824478477333318641708149
0.0009946678755128108332315973210
0.0009926601764281723334313470017
0.0009906615314641332520843729763
0.0009886704071967608774912638181
0.0009866874958241071478892962640
0.0009847140372974888361955555625
0.0009827459309729534185912705249
0.0009807877306289170152795583519
0.0009848853539854903089560260423
0.0009829305176343049277893678503
0.0009809840163450787019298748009
0.0009790427066166494371817765561
0.0009771101903248868767734603440
0.0009811728947463232559870212416
0.0009792436259221030965661752590
0.0009773237727899868668888362239
0.0009754102166721007801973863871
0.0009735038196225857703819530047
0.0009716057962827575047630870510
0.0009697141263827356225825284419
0.0009737366266318942747596768635
0.0009718487129147805176815367790
0.0009699699192608775844844575269
0.0009680975396813542728667491159
0.0009662299337930186916418418610
0.0009643715005558426866033120338
0.0009683582521373244110140170672
0.0009665012922496040533175946442
0.0009646528824955402621183294815
0.0009628113940489587915609084175
0.0009609755567595522853890630990
0.0009591458644450018452061878763
0.0009573261252239859501799782441
0.0009555124681853390809973235954
0.0009537063813650569311301011390
0.0009576440707855746841880370661
0.0009558440589040516212332654597
0.0009540467227424406429942749267
0.0009579625180302443141620313264
0.0009561686534560273575136791659
0.0009543817241077047776667863209
0.0009526004472807598021629022863
0.0009508261848728500236951496880
0.0009547110617510877383870541138
0.0009529376041426784589416347760
0.0009511704104444976793741470656
0.0009494094454485808213690156644
0.0009532676114242860020502849008
0.0009515111496043705843111412726
0.0009497620264170694954664085237
0.0009480181761260216704247704839
0.0009462817597440720280805403674
0.0009445518954970206647075044372
0.0009483763322888717783718002328
0.0009466493032599217982409592420
0.0009449260786423355143084471353
0.0009542478141653065776341372515
0.0009525186941465494827783204020
0.0009507981914143903416166741159
0.0009490823578560171530098837762
0.0009473724899830667328152202571
0.0009456689714519829320336082116
0.0009494305850350325271846890948
0.0009531778186367358939279704627
0.0009514738751769122146200185880
0.0009497742408027575973203383521
0.0009480826663706029566060033770
0.0009572156529864728782578761979
0.0009609152503008189252186535303
0.0009592109049928190694677141081
0.0009575139276971555114953214655
0.0009611927455614196877105719081
0.0009648578686841304434321447542
0.0009631595831419634491562067349
0.0009668105305672293249167727685
0.0009651138231169413040072342084
0.0009634238958535399371825759296
0.0009617395866009839225458340026
0.0009600618294744280598933347285
0.0009636863531790521193120305522
0.0009672971374046165409283052380
0.0009708954787556729737995222687
0.0009744811229642436741627956868
0.0009727943632155194325712917861
0.0009711142549928635868722321005
0.0009694394940856002149815298508
0.0009677717953510416244230445904
0.0009661084340827734072405094712
0.0009644517551503683686958081580
0.0009680065504906571612859324664
0.0009663513599852390746893716398
0.0009647015331891734973636070194
0.0009630589238532325344605941003
0.0009665906991972602407557084653
0.0009701097958839184976108491611
0.0009684671478081916709486449388
0.0009668297754058821145511979677
0.0009651987417920992946220606005
0.0009635701323017570212736016371
0.0009619488926700833943111527910
0.0009603303469726255029337254008
0.0009638181520395490735233305924
0.0009622035402258110662225350198
0.0009605956502277620258884292911
0.0009589916194933640690974441833
0.0009573940356919807604958911234
0.0009558014887872914995801780850
0.0009542154820803685528483819636
0.0009526336937850190587031337991
0.0009510573215828941222804984862
0.0009595318050592030131311065019
0.0009579483106163459234405465258
0.0009563723328348098741961205136
0.0009547997495257431288437099392
0.0009582252266054648178908730397
0.0009566558273449009638022146744
0.0009550897843066873121562807309
0.0009535294851411245114923195379
0.0009519752020815898092159311388
0.0009553734832204737764898587072
0.0009538197705386851236253630691
0.0009522728711853985587063945339
0.0009507297165556247830894976289
0.0009491921754954776858410222484
0.0009574779793176440100575955296
0.0009559350786020489504881475696
0.0009543958379961297010288067821
0.0009528650137596591952167472073
0.0009513364281992708444724341553
0.0009498126180045279726516486034
0.0009482952687323348593993894597
0.0009467810849326469015821649132
0.0009452713140864861435809219783
0.0009486061047696066245016540375
0.0009567601934556628710503678444
0.0009552418768458889525443787483
0.0009537286873472094470641596640
0.0009522200179277288085595120376
0.0009507164286036838770320571751
0.0009492171694712008027174868015
0.0009477220753920957524615003930
0.0009510098372336137694878935124
0.0009495183645525404738406408085
0.0009480311570271303152362592895
0.0009513026371597982670664592085
0.0009545649950486762892533029762
0.0009578169827812228298155919830
0.0009610590790983026406077033613
0.0009595656011646050472472591400
0.0009580767827703624785113413727
0.0009565928878146293628438487609
0.0009551141774382170374026829516
0.0009583341624428099347959507205
0.0009568576212709384193199044688
0.0009553836680917075445971740775
0.0009539141294752747987352176529
0.0009524494090882309979573157670
0.0009556489106771923540816244517
0.0009588384912929538262596208195
0.0009620175698084430132098462160
0.0009605509507901207048605442456
0.0009590881227654474560007127523
0.0009576299083734062300051172528
0.0009607926760525992637311469527
0.0009593360297224976326954541188
0.0009624849008053376793061008269
0.0009610288582214166520260305854
0.0009595797356858318745733660204
0.0009581340326737193464500724739
0.0009566913188361649101735703197
0.0009598238407411505506300243949
0.0009629445848899391185265195223
0.0009615012830260443395513570601
0.0009646102561354295925810874858
0.0009631691993703454410837001053
0.0009662660754791428684507339392
0.0009648270898798304163092903394
0.0009633920343740050608866742543
0.0009709889804931896317361093630
0.0009695494283119652022032749303
0.0009681147005005907356223961142
0.0009666845129812300222100556179
0.0009697426526952251947035086499
0.0009683133419472052218850008678
0.0009668882599335216617593920757
0.0009654675780870790919727273990
0.0009640510037460584282107232098
0.0009626395735252197191489850460
0.0009612314868420784959338695646
0.0009598267290479805568396507922
0.0009584274338825083728074645985
0.0009570311631908247413269496450
0.0009556399119711475391157640207
0.0009586657349911474034281835159
0.0009572757563665105202648539822
0.0009558913945290131272068164169
0.0009545086913828452929224598531
0.0009619085071221745697059768712
0.0009649067514241251225075199404
0.0009635177989134922628197727305
0.0009621321140472517765337308916
0.0009607513055935487158736440614
0.0009593779774709883169372267525
0.0009580062737003396724015040350
0.0009609820589037144528831696762
0.0009596111388557075372696012089
0.0009625753121134243250938552617
0.0009612057218794367477975699402
0.0009641596710389922446877155733
0.0009627918589018857548854955065
0.0009614275524385841364644901919
0.0009600681689276082237261336615
0.0009587122570883150392134009159
0.0009573599320906778092611005528
0.0009560109195908432276737573488
0.0009632209930048972463260774777
0.0009618675129132402456269224990
0.0009605188834787990432721750386
0.0009591736661748308668850066088
0.0009620852878633277400451960476
0.0009607412635923009238962903395
0.0009636423911115818272115431202
0.0009622993099396606197533897472
0.0009609601136884252848847394504
0.0009596247857841595792444329410
0.0009582958187041180240345575148
0.0009569680486884699987156562840
0.0009556429534476213841240698911
0.0009543236592006065689171133501
0.0009571999747947362746775118667
0.0009558800642330292734088467261
0.0009545659577778087922939115765
0.0009532549748869909461341824682
0.0009519462200034392429205203190
0.0009506410705995105488304123326
0.0009493407701603579913246223216
0.0009521977824587091497141843304
0.0009508992906883879277199395804
0.0009496038549240251252958041483
0.0009483119632126973559511965615
0.0009470213504151542735640098190
0.0009457363820371487326695320425
0.0009444544160154297381944679022
0.0009431775571920836451670652552
0.0009419024270544764406427833115
0.0009447338981943118495397850279
0.0009434616028150902521722086491
0.0009421925030634129608879811303
0.0009450119797609034226120298192
0.0009437439662600095024280525019
0.0009465543182617417841480590072
0.0009452864103555518269768383207
0.0009440221566097953470107546420
0.0009468205006291482594480417317
0.0009496118335297283869892958153
0.0009483464992017583899926612810
0.0009470847927928168956334463803
0.0009498640508694977594997094653
