0.0001940828797604927219479690141
0.006478452294439809886424311903
0.006231960830965265479357675159
0.006674152161923898235326626993
0.006183378336119636212775508576
0.006044477462175206487093534082
0.006023173914719447440939792451
0.007804790296462482873471676205
0.007449637397592706150979666366
0.007418560139955544954974489719
0.007126714996375310676012481691
0.007014823800929785162925458552
0.006903758581984260276575267235
0.006747640596752738298111433557
0.006537181200816904408610054167
0.008124643855386666758487584544
0.01105323913318809798586905804
0.01077793793615757335433975484
0.01048690878325634755280764301
0.01025508960726997617944288342
0.01002120776809033572628752099
0.009796268205453936788925547820
0.009581940784811914351828723753
0.009413860941500246259615337323
0.009281478231669587277318470296
0.009217100133875766438395192819
0.009052985137463915952131712038
0.008904397184007799468706450048
0.008778979129168395277115237369
0.008659930940095444030797852789
0.008567322354836982078402714085
0.009320302198937987920706133870
0.009192211163982084338975950947
0.009102475209291365487935544062
0.01049688191520853317851178276
0.01035840631019657466988848878
0.01161052126301202300354854766
0.01145675606024494878927849699
0.01260320456222564628739995708
0.01239480551563588552000512275
0.01226324614892746606844033325
0.01207732858682022992832264470
0.01189528411878596734699056896
0.01174613155548385691614120262
0.01159175317201100001946863350
0.01149953907414250165383047454
0.01136733794098080352347956033
0.01232602854381086935491176084
0.01217382939527324024337152561
0.01202965365303619175052014811
0.01187830964091797881702750541
0.01222329863398003517445231070
0.01306256260354179441911689317
0.01290560019761229403143666594
0.01278247929111196012865559025
0.01289885957711121266084216102
0.01275246333347331140111997523
0.01261082468677911497133974128
0.01249055103225852841707727455
0.01235803940990701098904094113
0.01225027684714236173838288529
0.01213829793861126559817721597
0.01206603396989862450370552078
0.01196823221535684491428067327
0.01186184362094517912051749877
0.01252448526835160566054740896
0.01241637196999104856646315156
0.01230788657511863785547271466
0.01240783621358395635971216443
0.01232258444748353995466758486
0.01222299204384517650107805576
0.01214236948908436326861471827
0.01205001071737394270934117017
0.01196433496068167164826763019
0.01209501647346414969783242899
0.01200513585556410018165013422
0.01192397823532614272013145621
0.01183690039155588521646684249
0.01175381261949053698235761932
0.01167595497371893876304988210
0.01158745674185436148228242811
0.01210794820807767699537369405
0.01202533939282647896706512395
0.01195226590830994419673508574
0.01187401649458087735272158026
0.01179397891079311405057964184
0.01174107347282654687764319385
0.01165489700903282025756012143
0.01159931982691239560510558633
0.01151968988609812641249769638
0.01145365892357298420363117443
0.01137432143290514901341502457
0.01130768776640086621419926083
0.01125141844869486831281609301
0.01119968264843299668378180510
0.01113120867084852857631312018
0.01107150127942173629512972182
0.01101573898860745382321213793
0.01096667144702929813452348590
0.01090106079108919960680137808
0.01085798423990835778719102319
0.01081765091003362583460077719
0.01077870866401889551382417632
0.01073238424902230243353849219
0.01066741052568951740322007324
0.01109186586440712891436033494
0.01102924542920233966872850427
0.01097092635336677245374170478
0.01091586162164696190972316520
0.01085440459775632514232040789
0.01081877178639662461163021825
0.01077144103689152492464731410
0.01071716836082746468459398850
0.01154415407358245103947889081
0.01148578906823595212444419672
0.01143254322142982435595284327
0.01138659241836198489229523642
0.01133090377505449061962611214
0.01127443919668933621589809484
0.01122427522670002523358666984
0.01117824158713312457786416259
0.01112983775296140166205957945
0.01109127115729660736608043065
0.01104937305292151780392381189
0.01101824841645372586528976368
0.01096549111322541030864229680
0.01091371047768720648199420851
0.01099997328080918914359006722
0.01095812641595798944386543416
0.01101436016306851615707581612
0.01096687950024917433434820194
0.01092690808091033066627704108
0.01089639558970000319668720203
0.01086989092624068627385002821
0.01083761938070014934170570784
0.01079346912415625672110634329
0.01074450437465115237739227301
0.01070858430914917140564623325
0.01066469145235406173595605960
0.01062480095238324149154160032
0.01058700459308452631888421641
0.01053999833105832075161105492
0.01050819555114408993693718728
0.01046665875808776548043309940
0.01042952819721934011567580796
0.01040856100189850718476350770
0.01037484444201106878038856139
0.01034549376286457488101599099
0.01031594337539997055049599399
0.01038684563394510341273977365
0.01034470791115019010719315303
0.01031571751157276470561695849
0.01028075377454987407297345534
0.01024555269992726551191544820
0.01020630174994117557991067721
0.01018283699176994738636555173
0.01014791602297240358078420469
0.01011796147420923212620768112
0.01009997943336568843489758165
0.01005767801500111145140250260
0.01003040115472624667139515015
0.01000150492335622498699426607
0.01005043050270811467193894155
0.01002538190228104902957584592
0.009998866914596065655262249473
0.009968230477715311697413688067
0.009935050488372670360973689260
0.009900470337889789463719846746
0.009875963193943385544725718558
0.009847900605437363553011177717
0.009826974055883386818948911923
0.009805026818323247694492178779
0.009773112828357878290469337858
0.009742156028816456935120148587
0.01000324541154834569021901578
0.009976520893271367820222463659
0.009952878728206691926294485364
0.009925202831691316062055952873
0.009897658273729628596912674698
0.009880149977285579501880189973
0.009857971092519271758345893778
0.009838340818156937969292157284
0.009816262341172932908869675815
0.009794422004776002849241147096
0.009774316330203435875631068480
0.009750269344325108422850416275
0.009729745190640619967836070308
0.009699011334053040667309800070
0.009674646730366266831859735796
0.009651753238828437418857453204
0.009628203723449899160266931693
0.009607260798507925449085969133
0.009582759122823480905818145347
0.009558981691431459981051072675
0.009535497293809049039542447260
0.009514385109107774326130248367
0.009495588493210499306342864869
0.009486619759924425117544856885
0.009468558869733804523160424135
0.009445912327979788944702928195
0.009433877955806688348795784146
0.009408098757041080198687550684
0.009380236695515651594187098272
0.009355117051450423216560728540
0.009583823379640781411608449885
0.009567755418142716857814005800
0.009549769545457637213500584457
0.009523401798372827505815608879
0.009508682104870104579175993544
0.009483370197964372585465945706
0.009465230709504910318391570325
0.009444797429441761458236440121
0.009425977993035322642203675001
0.009404047396352487049466691799
0.009461907928350410681133912485
0.009445146590191255225560803870
0.009430841008555748752623311004
0.009410548741810883721098651048
0.009393103574545951254654617907
0.009380663222516560507915131099
0.009363323218843231253252857297
0.009345009707790269407986626759
0.009332602611483889733967297905
0.009320544701024024323868758464
0.009301904892885522255852402803
0.009290352984404139733038095298
0.009270594708873265033172567422
0.009258627320997010777120394022
0.009241201722683814925622973541
0.009227187504591137468691105716
0.009212372299233445020974256671
0.009414933536684702153199205662
0.009394862148114743920754839830
0.009377810591267643748234596241
0.009362190826433099508786807743
0.009347177194075208262820532403
0.009540241956781625781574329630
0.009526472399974347392011893165
0.009507486338946276413729844515
0.009592585905304996365395551400
0.009680514809408604196860156389
0.009661528840639431789494170292
0.009652393599432823057224839577
0.009632721939132895468742673668
0.009613740715297293423563792189
0.009596508782097904315036876430
0.009581449847557823079008272725
0.009563887427172467638246443525
0.009555170165567702257072659844
0.009538224025665051760838903903
0.009529095386923620648456417043
0.009515600321705699752156487933
0.009504329194466800849378565783
0.009553324984124757272159992720
0.009530502820871490430990377131
0.009513206756390624249447463303
0.009496251057929133958846145940
0.009478461691986622519803534341
0.009462375575592743473783320596
0.009440851305534047197078350793
0.009424439742630925673718700381
0.009412152311312323237610604900
0.009396370131704091233861447170
0.009380137387647370149145122828
0.009359548107949480188737543347
0.009345605785054453714911710713
0.009334608713885585701946880050
0.009320038247138607115401575162
0.009311388095484746245243721663
0.009298455283843809252600459102
0.009288166652847202631099684978
0.009274237927016984070279703878
0.009258478750859282420805766152
0.009243630315272698199375045588
0.009317245368860441057060832455
0.009307206590645959837148364772
0.009293906523234872402648148629
0.009281018868308946546166515541
0.009271478590883373425911939952
0.009258742852863565214264902122
0.009248242039326175385205584540
0.009229732274701774889261712978
0.009211801802313963187198537211
0.009200354088734584585358744691
0.009188433058442165124328440351
0.009172767708726563374011188418
0.009155522583789714202777298472
0.009144828417299799512591165635
0.009131204840868884971994542228
0.009114922275424539930623786229
0.009101161609317703161022270877
0.009090533544706786914578142562
0.009078945098259373237023974563
0.009068565527910026535357379110
0.009051762169902175623709120792
0.009040723478024439732839748520
0.009031673753518566918914207865
0.009028774638943576465233358517
0.009021586144291645061077673028
0.009009074044546943274414290184
0.008995621233437948198094885990
0.008987622352007404038216081589
0.008971971086653502370271745230
0.008957522386770263758650729798
0.008947870904648547785071807641
0.008940997602671098209880793403
0.008928091398740363803211195824
0.008916010363972011520054725400
0.008900694368655473178495357534
0.008886670492268434782844832986
0.008874096378202167638293386265
0.008865405172592800425533076059
0.008858649434522285489124475241
0.008850526503608603250629198965
0.008837245515696111618530787090
0.008824734826215477135188177756
0.008812480480315491310755996893
0.008800109382557565846788453468
0.008791255183811351111309560523
0.008779016695035337034428487640
0.008772674136134531758403928943
0.008761980727201888131179332507
0.008753293111305054938933833946
0.008793533774093904385414147073
0.008780592617730196571705042122
0.008921048311790287026720538894
0.008911218687771751030718513681
0.008933692759454489124473591337
0.008920649413609210741897163096
0.008908022069539456088454259202
0.008898152952000954506430518742
0.008889930868184808535969334718
0.008880094918647274899120245267
0.008872732364813233359770148209
0.008861777289021406132676698425
0.008848044774539143313110714689
0.008984180196275031345709256433
0.008970380795372239332196171401
0.008958805775871764090591881785
0.008946602992111251891212338804
0.008941883772434408567719921293
0.008930305613537804447385599965
0.008917936251494126706082859112
0.008904660723194159174332331629
0.008897313331976417589906533807
0.008886132603160961668203213446
0.008877310271641869296208503899
0.009014309741851941318301626625
0.009005303424027368257597203641
0.008997488468709150918877786000
0.008984303446156259018820178732
0.008975963177139497847449693903
0.009108604413272946142197034277
0.009100772101399894009648722167
0.009094665147292636862408838807
0.009084082700545058573307985778
0.009072972347070115078052345153
0.009063929982020458124141368177
0.009051857966132531482432537840
0.009038507950359909843174846575
0.009030376714695982781454085889
0.009027796921460521869928509055
0.009014585082882808721629411792
0.009005820891647845463872173902
0.008996797541761079650920924093
0.008984846109127323691951291951
0.008975054978643207002303996568
0.008961079601622659151044067679
0.008948029507579221413834353322
0.008940677354330485982860127235
0.008932376644860215880476457858
0.008923080479539780919237881992
0.008914365187962551764616787525
0.008905049096385793959624371738
0.008898472344690565401286899834
0.008889313476301294129870550063
0.008883827136772740016819961445
0.008874321966807584846430544975
0.008865129655391363204916477157
0.008856365252606330984372935099
0.008846647533072562435001580824
0.008836003635281833350327791567
0.008835879219291167352091625002
0.008830665686783124175980936814
0.008821418638845990013351947207
0.008813613280909442638357124197
0.008806942401353201734382053649
0.008799611482580257952665945156
0.008792163071954205252899998670
0.008784170173584948610478319336
0.008774376748884827818483908659
0.008763940639705181675157806015
0.008820115587141775555683121079
0.008806369914789418771818476291
0.008799469385443634828736495094
0.008793121708306144891995034257
0.008783500720198661820122270188
0.008776323272765680959020319748
0.008767663350589727954569441275
0.008756330531631905084751465164
0.008810654265723276375635481800
0.008801258956179215356072434174
0.008793832699224095208131342521
0.008908786716785626324472834917
0.008931379436907859868130560390
0.008922783997701197023563441276
0.008914957466050362224684071759
0.009028913609100469651238476630
0.009020836205372834180946725512
0.009012201290973758673093899802
0.009004776557688134478144776564
0.008996847231865408963497603375
0.008986560092515604017423187906
0.008978412546937027208082455965
0.008968847157227131410450893795
0.008959712072886748099426687518
0.008953237358917585527896102163
0.008947099672536745769995955450
0.008938422272873908146461459475
0.008926643024119261570882838071
0.008974208453683543097964134111
0.008965298035883004114755562576
0.008959943405592574813396662074
0.008952269154575095362375838500
0.008946094958740173353982007509
0.008940139047596188069771767664
0.008930034755456294959284263801
0.008919036421538185537040303660
0.009029148005619891736873087563
0.009019124211548536514160989863
0.009009347829157385774778939290
0.009002017361804017275049494747
0.008991864395269162108361483771
0.008987891712513682795422474765
0.008981125048591485986820042170
0.008972081237685032034386698777
0.008963989559128982360015638066
0.008955259019826011697732763880
0.008949745181734589423980549120
0.008938810929976355670420625580
0.008933347533121003292918931349
0.008928090853320729565539776951
0.008975474584897666106897638239
0.008967663756369736829961263531
0.008960926366914502373647318736
0.008949834918740846414839256796
0.008942550992430075886905314870
0.008933456576980698580342886929
0.008924753745197249999298589665
0.009026745258630174224804765366
0.009018339523614899139808086407
0.009011077879357073309353139769
0.009114871316226738767572367669
0.009107944601394068699727101636
0.009096696917834062025442544750
0.009088503562333820816520392644
0.009081634507351579260518339273
0.009073300289517418162957081040
0.009064685972697613349694289607
0.009059402205567520171846958238
0.009051072046483439551290070894
0.009044072718045282020101528372
0.009033435777125956855087238157
0.009027773535212473273664152373
0.009024601601109928470832673479
0.009015753970641563221618928662
0.009043873886506766252111419706
0.009037828870783514738985370675
0.009029211465018614384409534726
0.009020596924938130378531512882
0.009013108549054473878701305545
0.009006089742747033988946731343
0.009140755122714880591212725555
0.009135437035671074865157223974
0.009131258109178691250962136586
0.009123076789062223184443481480
0.009118203807184979307492742375
0.009111201121661532668542580489
0.009109236024985087946708904870
0.009101896737044804397228033686
0.009094476118613178392568115241
0.009088535234775292166201606131
0.009080061022026620532646112151
0.009073911650414396260862019294
0.009065494416819995674525785552
0.009058431902180235508164184708
0.009051427402863610045800652005
0.009045213766443091082774116098
0.009037121074530360860284735784
0.009029066289475718353908408053
0.01827359178069413389296745986
0.01824766241919205510242041946
0.01822277659970599610054444743
0.01819626002143067032495714362
0.01816997805447984235808197019
0.01814484824647154842741661108
0.01811835409824782588230681339
0.01809448789415140054446226483
0.01806681479569385582014052453
0.01803809774593254398107764769
0.01801302023107577528619986079
0.01799089676861666741092077420
0.01796711699629395814911683392
0.01794341884350911957263301086
0.01798165353947809880011994928
0.01795614451907502192343567330
0.01793276033388863903912346633
0.01790792598218229066541735680
0.01788198297009012677804779903
0.01785702228747084889835714513
0.01783192670953760509370096377
0.01780732492147990348903436277
0.01778344189630672272748397953
0.01775893341170821510464150684
0.01773593072717651196429574627
0.01771192955195200807484040000
0.01768741382193039260553087886
0.01776127452880716193426950472
0.01773836436652286043349737216
0.01771402301686740781213891793
0.01769295390935555925651445464
0.01767024798313831654170366138
0.01764712502113283862777793917
0.01762598722482629461387444434
0.01763531600173083631263337927
0.01761317584927562263541536101
0.01758910186467088223784256578
0.01756336039177873205522391532
0.01754047239717447105199073902
0.01761013624754957907369983804
0.01758673777427802953822713375
0.01756561726339886030350294354
0.01753995804211675751120543923
0.01751921001739721089852786120
0.01749601376393726339661516389
0.01747268357154145305611743403
0.01745068693742410837488069128
0.01743100026180200270435585217
0.01740804451545883681909761142
0.01738550467540267994637765102
0.01736286403822501533712096961
0.01734027659748526370991278015
0.01731733344357982158508228980
0.01729352262475375594713063252
0.01727097826800172730231710225
0.01724821632413719298999394434
0.01722739065097097918240354372
0.01720440426063040730519056091
0.01718199883266209575218935259
0.01716035306686321063776342695
0.01713875777825477212974949370
0.01711611737678110078377289719
0.01709526352258486970755618418
0.01707720130335915792541789263
0.01706106483387177801719265109
0.01704014495427454851982114746
0.01701882371162980386269115002
0.01699917054813994018887702860
0.01707053912882661470302052788
0.01705119170998505955004703334
0.01703150055708952546324816048
0.01701258870745039099957813047
0.01708378706160167852253945351
0.01706233877274405293966267495
0.01704176708391003907635809907
0.01702227393589752362796199597
0.01700133760118322187948013968
0.01697899060456326634640987652
0.01696182478858582020597488735
0.01694358708967344258101758652
0.01692300492689933320246833208
0.01690212671231567897007203534
0.01688314648614731314721905013
0.01686520926171639551576390333
0.01684480962491337405681709470
0.01682598238746953836702691380
0.01680688088780237094169714776
0.01678701215426578711482001337
0.01676740799727726659445511999
0.01674840927358318631903690004
0.01673073367481553148017672195
0.01673341267121758364471894931
0.01671465163586922993679370114
0.01669281479672030063194574791
0.01667452444916410743102948092
0.01665961833034597990739377696
0.01664135326102424360826300578
0.01662187449986990755643426861
0.01660456538321528492491912805
0.01658628893060545504307302333
0.01656768322660087041181451803
0.01654826245333454152588438449
0.01653153463973995782414175570
0.01654075412071814928594367425
0.01652292507227906996579350419
0.01650563809822267320049308931
0.01648790522076544866452089585
0.01647008637288849797526602511
0.01645396176207759270001209876
0.01643502219507353750532375569
0.01641728333316633718452733662
0.01640011250009773032181488905
0.01638202822831163009953814711
0.01636677094173084436132319393
0.01634992188963022681962784655
0.01633133242316803005378862567
0.01631321931472097613210607772
0.01629406557161591318498461997
0.01627402404024635760956600701
0.01625553834071209612590908331
0.01623668097864796586729951833
0.01629857227895572099409861880
0.01628245086194384312049317532
0.01626652453730377414207289771
0.01625040672525175239086431075
0.01623199865498649308175720105
0.01629511139673499742043591651
0.01627898070502219553472017687
0.01628849711638349502125412178
0.01627148992377972534819315908
0.01625438692347798980563884663
0.01623924172718503511525324095
0.01622076598927906420210309157
0.01620254511397151841463883613
0.01622634364820565345023837572
0.01626891696340793528020748817
0.01625154008139813031027922341
0.01623439561092549729657635850
0.01621770794663326047531792357
0.01619866278868163711218580577
0.01618086904396108384445016430
0.01616718471652492680818166104
0.01614801462573130711406278193
0.01621079265253115073600533725
0.01619215885867158329143275630
0.01625227875284059620287416677
0.01623620306552377602988621613
0.01624514530375403808213067428
0.01630850496269638651814652863
0.01629392636460890669474428784
0.01627679365087459266498684983
0.01625900733544069522708800120
0.01624006838349591552455546024
0.01622601317510408799531689884
0.01620928931765158681764783298
0.01619462102216378494216935799
0.01617836082295009668536886568
0.01616334950354409032451937298
0.01614701326764393530184556936
0.01613140226752773680656778614
0.01611388912964587493835894771
0.01609716258331261677656675188
0.01615846947572389138704127768
0.01614171311071249140862820396
0.01612488001647797652669082769
0.01610888208021119605046926519
0.01609334806799932151066700256
0.01611540439193499115701691426
0.01609969247821211250470768396
0.01608383365598956500485028180
0.01606818740168199524827103929
0.01605490974843544560385532087
0.01603768494134985892211144696
0.01602318345909933714724786430
0.01600672166153649649602051951
0.01606325710164819607710423103
0.01604699437155026931549365049
0.01602946112401579815734511288
0.01601402950771389391975989048
0.01599758542536998088361347234
0.01598096529068570814999501125
0.01596540029622433095252777945
0.01595025198007604669280234733
0.01593585120062078821381101117
0.01591953063952028872516503970
0.01597917992971279653372018229
0.01596432690457270639329444942
0.01594896469572583170555418657
0.01593441229269101168620855959
0.01591817146072080314800476307
0.01590425936709441485171956776
0.01588774895073176062233287843
0.01587130820448091207770547521
0.01585526117627793203694003653
0.01583950645806596437158856249
0.01589639391626668058993712406
0.01588281554582235864341260181
0.01586901076525239209293609422
0.01585521909593410444193833418
0.01587617910490152717222889971
0.01586327184569145932808172925
0.01584945959813234014303304213
0.01583280657101535739803566618
0.01581803126751166502811871904
0.01580358475117208226855530230
0.01579050355060198979826781666
0.01577463817646729029750261774
0.01575977949437534547444622182
0.01574756610002580608820295668
0.01573504678100738068641694760
0.01575546281376601002258247744
0.01574084424595996640452772230
0.01572722033387361540649688170
0.01571120665540249453294157949
0.01569688112096589503941184995
0.01568118002381372051799507255
0.01566653479195673885952147693
0.01567656422365796559401033356
0.01566118842729322848655656903
0.01564696724816601687406496969
0.01563214817920371699215065477
0.01568857676923612337016969487
0.01567449305001397476875576969
0.01565967704838920581001556191
0.01564657645623783478222087095
0.01563235772472834119744278683
0.01561851241130711811191810983
0.01562648800337493035660823074
0.01561207627134001164025851302
0.01559820584480755174100013132
0.01558465774139775676048221975
0.01557193657440882512827501312
0.01555730721734462035754967090
0.01554423308375601354898454136
0.01553007437195162324344770825
0.01558705746924857468783808113
0.01557303789051071263342771224
0.01555812362671127133743237866
0.01554549499542590758181969190
0.01553273158638217882714044381
0.01552061033641833951014918408
0.01550797764843360328543192772
0.01549530579375419860991359430
0.01548225684057186764918669448
0.01546846394704098540697656319
0.01545329612886989257134866538
0.01544093393126260434507558202
0.01542595548670542381963368500
0.01541184070183152360559337581
0.01539970396586356142066122461
0.01538600837146617977267439516
0.01537312300397965880477633525
0.01536073541981520983144483802
0.01534615898262946669841548937
0.01533259646354630044012654187
0.01532117276417579199114642769
0.01537540019248540538466636286
0.01536160723672095050314122308
0.01534775082375342812102446719
0.01533537520229071353742549660
0.01532074027311137193893559002
0.01530833507840302498729444395
0.01529549371559165892980296364
0.01528582150899441514335030302
0.01527190434316490792905437958
0.01529138352726366733125503958
0.01527958835593760427427397841
0.01533096177261109791005853065
0.01531710949708576041262416505
0.01530402899390613754190402817
0.01528966868337052593472592342
0.01527850605437961555912980030
0.01526622712651819087323132425
0.01525496531764395403486106182
0.01524225584604989364028173422
0.01523023569016520467117724354
0.01528240638889792471545712070
0.01527137937336333134898324331
0.01525846516588286318441858275
0.01524574591798339391058451789
0.01523354454151397057851619221
0.01522117832220609116511033169
0.01520867990413924664531813942
0.01519794141178203919628193841
0.01518620153594191171020945238
0.01517265328194372074666674946
0.01516142072969729817562713874
0.01514772974925303705175791597
0.01516748487759145540314774004
0.01517615424993815819941001511
0.01516326059719091326884622736
0.01515189609371600923099076795
0.01513971990416272700486917299
0.01512632553542124874435166871
0.01511411210498902332666897473
0.01510365625617330842211959860
0.01515300812165968962788126853
0.01514054773672332585075993191
0.01512799421919969481542522010
0.01511620312063860834820267928
0.01512486546837002420627865006
0.01514466688601744045696087039
0.01513262761123816743772874431
0.01514178787714563325902840230
0.01512945821679171538388108366
0.01511637505678620470724865510
0.01510441900083155075285770262
0.01515467894944558128346640687
0.01514208499491002854379762914
0.01513312437331954007563235769
0.01512160767913218074610650988
0.01510919615674709534351463608
0.01509707634897932847001458538
0.01508518726766226381598695315
0.01507281448070468298708131857
0.01506074545426811309924166200
0.01504768568788433152777236080
0.01505856869548733000986067020
0.01511094089760458590200572401
0.01510040847515262793590508243
0.01508820449128089362060637367
0.01507679613669080102079645002
0.01506603674031286255265372088
0.01513557247181977837045786294
0.01512746875750680339828429954
0.01511690102267013616524823926
0.01510500782616456404124878548
0.01509356334478211754524611439
0.01509655493601482184630225307
0.01508583585728403463672636324
0.01507524838087980750709952486
0.01506144090664021663153150401
0.01508164576103706437044992039
0.01506972260958141231782009493
0.01505763455056163527206319551
0.01504738260504051140069771214
0.01503547632274383041621217824
0.01502403335362322266482718334
0.01501094359899774371185977402
0.01502889079276536949188093878
0.01501754583302772806181463437
0.01500589219431359534682980745
0.01505443345368985889958700779
0.01510258451456438546144140205
0.01509158912194514361619585976
0.01507976004388822638055340382
0.01506750647525717540521046843
0.01505451778507023712129773458
0.01504373422591210164123496778
0.01503460339203292166157374457
0.01502411685095809929175459129
0.01501172651392413198763415804
0.01500051906417837857304838918
0.01498966698216101392033418847
0.01497931961686255241044273151
0.01496702275381829742353969438
0.01495323138682947908477133664
0.01494192296412852401346202844
0.01492981484942602018990302283
0.01491850678179489753238069472
0.01490770816961967848363336110
0.01489655865224218858376600001
0.01488402542162504544449687941
0.01487163653980969653601275599
0.01488981325267326243984614920
0.01488098028809072161488887151
0.01487045185525968849389115806
0.01485851301529567136516140967
0.01484674960076176081208211257
0.01483654580484985377221543601
0.01482578024385792271933298728
0.01481500746923141631110562112
0.01480374133172480818221837700
0.01479192617000089636790800416
0.01478196437061245716660517628
0.01476999774874619509317154351
0.01475896806624258571906654661
0.01474690179817468983732462935
0.01479366860091049388885831101
0.01478396989074514640447053803
0.01479270279218952512704394943
0.01479630834708480497628487517
0.01478625136643956998640998578
0.01477430568891000809721673219
0.01476395103146919668043833616
0.01475332032749387656740675479
0.01474346728558533021467068978
0.01478939016657769479501470577
0.01477819988548269611511399531
0.01476753597920508582583894960
0.01475875203859613207139278887
0.01474803836630701432988745305
0.01473777504202907312221681622
0.01472758492608029729440322307
0.01471728165056687602806758300
0.01470752444954913333155812869
0.01469672576660394904501129304
0.01468391291046206722860614074
0.01467541860731338094118770037
0.01466628429572199112762223035
0.01465671027497838657055071724
0.01464551087328076221407800081
0.01463377201335954095161876166
0.01468079830208617765956165015
0.01467086243112250609775130977
0.01466127803382219517633348404
0.01465056799583002426878810195
0.01464081118273438201625565655
0.01463247948498346716715023974
0.01462478441694089805801156319
0.01461441173624520171437251153
0.01460482426512092535377249392
0.01459500950731944936322535370
0.01461147016513893883475009624
0.01465633255497279422342989367
0.01467347757390603367454172140
0.01466290054265461204942126353
0.01465411216649127118831241688
0.01464503854827334245761231918
0.01463402000084331735785258538
0.01464949262492307556252037357
0.01463877966044477077934058705
0.01462872729378248134612278363
0.01461946179900152930217223164
0.01460954858518778842316673798
0.01459807151997862274384858251
0.01458809506925672679286293278
0.01457823568934401602096478788
0.01456908685190525895608247150
0.01455978267476652137006005458
0.01454888541774727679055038065
0.01453762555648425203284822978
0.01453977902354984132499476092
0.01453013270349132161909651836
0.01457393939422669340603580259
0.01457900253737604617048758040
0.01457012840545009937227042579
0.01456141110991471958427163042
0.01455295382678555949365186831
0.01454433987471328869452564034
0.01453334388428922644968242115
0.01452444400789061613580794489
0.01451448254058970897928128684
0.01450405360435590510617153526
0.01449378729580347451470887663
0.01448468395183008274241090146
0.01447727882618580701827713924
0.01446708826054964627147145281
0.01445517116684109297565606023
0.01444566351023715743031158704
0.01443585074139188086148438096
0.01442742977102438277088763781
0.01441676937622028078508561309
0.01440798033822985503215663526
0.01439815923165507364083680578
0.01438940431089759111512821491
0.01437976450218321584822535400
0.01442243671111428609088299569
0.01441289310643486832055080059
0.01447379621277313576023540534
0.01446381297467015589785425257
0.01445591493823662534581622703
0.01444667406069546667351566427
0.01443777678755798370335914855
0.01442838077677233584800643647
0.01442001134992750616539560990
0.01446210946584513475954485719
0.01445161935232147895715812331
0.01444236934122104514767630206
0.01443370588532149022816433609
0.01442615496261473337199831834
0.01441688287892980598022898907
0.01440644287739093420285305818
0.01439641669016048726134099347
0.01438694465980211794442137891
0.01437707060672001762129051289
0.01436885965100361572744743152
0.01436055278095223634947915179
0.01435134457308373659509655661
0.01434158451127600481761068148
0.01433205634817675099278656895
0.01432360472202572875900962911
0.01431466727895730159856704365
0.01430576064847476561935726254
0.01429556045243600404467594628
0.01428622296087770998594220993
0.01427823723165097124803452085
0.01426972798703638534305743506
0.01425992891434431660504131127
0.01427697803784473622165748526
0.01426935190498029883332849927
0.01425926511048349470083552504
0.01424938410257235155831570682
0.01424063787401408277548596609
0.01423299262999216970987210223
0.01422387830942864313302515089
0.01421604373129433132275723827
0.01425770250751385786464467257
0.01424932428641224426901749477
0.01424078727040031722143480206
0.01423146713222990060979398686
0.01422259342017895186356725540
0.01421366888988266180708413709
0.01420529142702434049514902929
0.01419584493633479614062699770
0.01418726637203325534873651669
0.01417809408885340723624881367
0.01417024502538262692312419721
0.01416114798479695112599933910
0.01422763796067067898716891624
0.01421962008720850654640838046
0.01421289939285411065753975750
0.01420478319213843039189153080
0.01419569180628964839604052350
0.01423581021314191666226673007
0.01422638928275979747603876139
0.01421928627278501400725017302
0.01421067007422511530267119211
0.01421461045634531952476891560
0.01420587782096912056544105885
0.01419737494310263142174604470
0.01418838415636414636523989713
0.01418075285069989531420869944
0.01417039507863397506077913061
0.01416080378063274247320188959
0.01415175411056034613845622026
0.01414303432455162964973402892
0.01413464066316852359458274526
0.01412512502852548759610109888
0.01411596731727822171450542676
0.01410661206226938665192622053
0.01409862910675709044963313537
0.01413943075472893070020526787
0.01413198281009111923236445205
0.01412321992981096296113680110
0.01418727001790412195330946166
0.01417861802195888621115731354
0.01417005613936007991667110345
0.01416277268887466437475237615
0.01415506666085247259207380663
0.01419675869800521400884613848
0.01418873459457121093682753368
0.01418070061716532274088743211
0.01417101490475527662462827243
0.01416289405220516370366991555
0.01415393401750516214508500464
0.01414516574848427535956827576
0.01413665850195854771595974730
0.01412806761996690492789705190
0.01411953537010485306444918052
0.01411040807965101936351245714
0.01411458661734249720626570586
0.01410579059053323689116056796
0.01409924969911938469112745235
0.01410735867050019188266797138
0.01414670766994574857853102455
0.01413828162481564316207416346
0.01412997604758096176571685582
0.01412148088785929100284487982
0.01411336060972744007338786337
0.01410479856414151943471807563
0.01409777206857789574470785157
0.01409044509735703781260885621
0.01408245906153845882897976321
0.01407476009833231653593666755
0.01406849654072910083030894331
0.01405870991446096008370703459
0.01405097870952310096936164085
0.01404108376632899580092635804
0.01408015033687899373855160981
0.01408845353163378256044132041
0.01408111998682944556414158448
0.01407299510312894884564958078
0.01406592379164309260601619517
0.01405710154007451214078669578
0.01404832794870949444640221236
0.01404001369817194558754675477
0.01403209604864386063817678027
0.01411773114381012779563212566
0.01410998805242956412757068642
0.01410170873768764609027300985
0.01413922259833653857352564816
0.01413171172635906429283842743
0.01412406528924826936158821927
0.01411643806274708857648627130
0.01410857907892680862981521510
0.01412324587538830137901296904
0.01411538688155369808325441813
0.01410775737020223989943479276
0.01410081319037529741971250606
0.01409204002681141561083855058
0.01410050308858712518978263653
0.01409261750067607962891245497
0.01415513099376452224163848658
0.01414687077224948674416241315
0.01413859795169051884374236331
0.01412992210424961522228924573
0.01412194934679993725157717220
0.01411390324105731095570409032
0.01410588288844665390687310510
0.01409794568429831623494549406
0.01408947313804362846434931916
0.01408124228535945564765878741
0.01407351932462372405217872623
0.01406740892778231476574797682
0.01408181692433768219969783266
0.01407310019608861785460441730
0.01406623560999779942120424435
0.01405869394561419899692016526
0.01405112777545830240413604802
0.01404312871702715907756248459
0.01403523106656623739242349439
0.01402707075405115882222982668
0.01401979887830168093114781699
0.01401266232149756901156486874
0.01400451310593161206244222015
0.01399710943046364180350836654
0.01398985139933459197084720550
0.01398182326636872492153858671
0.01397386820638286620950934259
0.01397988939792813392129191118
0.01397016023943398139310373957
0.01396326204088326794964077610
0.01395543746005950726681688847
0.01394633387931781246962251110
0.01393902436933004268097421086
0.01393121787531173676160826174
0.01392559513402070888471808433
0.01391902379168888928541757749
0.01391190299368978674181267389
0.01390417219485655672695190884
0.01391102490388719627623496121
0.01390269888746147031555981563
0.01389515763383696752356795216
0.01388926840976583922047831262
0.01388277590584485302474148638
0.01387527746345928089287316251
0.01386938526600771938255108528
0.01387663740080893401020805328
0.01386825253078846759461916899
0.01386074474884082210837503004
0.01385257785277681356014951112
0.01384546297981837877460849810
0.01383801389336438127831218632
0.01382958128412484389074110404
0.01382161237155299826789801187
0.01381532680561389278351423191
0.01380829029258166841406270039
0.01379979734314182781329753732
0.01379327758993797296689236943
0.01382851691653239684756744922
0.01382090367922770183198301245
0.01381356301787719458206584238
0.01380706192749433787086952920
0.01379987232191498050867202209
0.01379236614295289025760189793
0.01378461482004353799341711264
0.01377773715392735857389693762
0.01383686315799243912324373840
0.01383051155802698469631463850
0.01382328730254014615610475481
0.01381626505326992597167105488
0.01380853549549566071680333562
0.01380116756423105527222420714
0.01379336758138517129156663765
0.01378642643732450477273115782
0.01377936703002142113450375223
0.01377312663649593033981363470
0.01380984307608508329284384685
0.01380203559745146020390994584
0.01379483354262526600202980640
0.01383162383918835315407755872
0.01386719888215826470263492947
0.01386082931862494471560786078
0.01389569624137569799125348836
0.01388884686572505787422290121
0.01389573316285725489787156450
0.01388865660807586312101351758
0.01388088142156860263773549692
0.01387267323074088900799794828
0.01386470061215888490575016222
0.01385821200896169145097494609
0.01385112405408844121373742047
0.01384362792880909932256333076
0.01383638526722242206442440822
0.01382934859647215429368085000
0.01382201358169769520588467478
0.01382889570682568322128981094
0.01382198505938317058134245257
0.01381451708921944116382583432
0.01380723299938077154121427361
0.01380051303499325307151465478
0.01379422080577036414056461748
0.01378714019154535050427248636
0.01382294812169158371044919479
0.01381495172340241731864893840
0.01380749942894296565250381663
0.01380183952520868006582158565
0.01379510072642180258354422698
0.01378825892904702166281996042
0.01378072347051042645671428710
0.01377509425160136250157762993
0.01376834896022011792567794714
0.01376168737066306477171133037
0.01375409706085897931987332310
0.01374636461330668536678971645
0.01373903098663713803647107255
0.01373262284469264427692665680
0.01372527980050270294802812118
0.01371899959382829241511776548
0.01371177058917538690310091040
0.01370414371230802152962485241
0.01369729767262177409076956046
0.01368979135963238573209824228
0.01368287636174926535823799288
0.01367500401841060410257498875
0.01368195897085062004801141816
0.01367416893874686383726988026
0.01366724315670538595106015814
0.01366119608878364538022862487
0.01365538972998100930832747817
0.01364733310079642989817029416
0.01364029964101641456474830508
0.01363342220420204673472778139
0.01362701608403240125936936244
0.01362079983353097778341484020
0.01361406770712504111823300068
0.01360733671599924807164247068
0.01360069565822641662962671832
0.01359416814159553992383948119
0.01358744070976881605733958709
0.01358119940400951629603512039
0.01357441698134645891110394406
0.01356749985121048384084893750
0.01358106246300413783222553875
0.01357344655023641148841635014
0.01356630758013647775689163551
0.01356030462235873127076842257
0.01355162952391529447340927666
0.01354599402887132405805874159
0.01357985840410153407824799634
0.01357284633311169349068326221
0.01356527170327886611363414370
0.01355897346431092676124057570
0.01355258454574276683001542084
0.01354580639172828714059767666
0.01353951479848481516837274043
0.01353268212819051245605497774
0.01352609856187143451729301778
0.01352007052533760672525736754
0.01351384499303064201461385982
0.01350766767269559535542067551
0.01349947259950463575699528542
0.01349272357431410696924738996
0.01348588607941020395354399259
0.01347784691252344449249793386
0.01347165158505527592188724720
0.01346463496660724922657077641
0.01345790070603716877272149040
0.01345158578611909489369171232
0.01344560408583590022132518393
0.01343947874849990019418410431
0.01343484804997837102718756872
0.01342809452550915900012190962
0.01342223185678996305401225717
0.01341492637922735363060225405
0.01340925698933081355626143561
0.01344392953267453117689561508
0.01349737724616017896021079686
0.01349024471799734909603608375
0.01348324455762681118081805804
0.01347586359106018381171169330
0.01346904920422895747719855912
0.01346313726875543894768565857
0.01345584085153991401346885733
0.01344926743197670230763576516
0.01346296348052484685386511925
0.01345709394679185991281727846
0.01345196633498084221380729296
0.01344508253805718873133875360
0.01344009125957204908299464504
0.01343353667733409844975730664
0.01343983562787583113929624543
0.01343467871941220241981636577
0.01342768371180615841923177878
0.01342168840628293153424621343
0.01341499408881565996165077435
0.01340870381106661726235524477
0.01340240556228374957788402491
0.01339721572154275171720259394
0.01339087955652872288684313185
0.01338453119231165043315114941
0.01337946601197664787225605303
0.01337378333500076320163950689
0.01336745105726824564719623871
0.01336032092545824241290502727
0.01336640787523976902988503586
0.01336155572371548585569419730
0.01335603901642641284046459618
0.01334990014804604947664429765
0.01338172955918051883938311006
0.01337601885383086729802034821
0.01336980870788719134008646789
0.01336285503803172056045936351
0.01335735616396984610312730924
0.01335134311937399891993756686
0.01334582684350024897138523954
0.01334021999920152324900771331
0.01333433573115662265130313260
0.01334097879479634311382709455
0.01333405078917016062812748713
0.01332879460913644146261448570
0.01332350743422549149825852246
0.01331653163083155664863456406
0.01331029249218658859678970522
0.01330404930443303582228382857
0.01329771763952784122959507455
0.01329119532658636916626052422
0.01328426887924204115027662253
0.01327893083480083620619364766
0.01327467755277341983298169700
0.01326837227592105092501848938
0.01326313209779107296705799111
0.01329588082198975160922203324
0.01329056212693947382263158190
0.01328469593964212898172478607
0.01327838227667374223264968751
0.01327103745205816406772263993
0.01326502152736920535775327954
0.01325901618868604931891526625
0.01325381547327675477819481604
0.01324734897368040295194241891
0.01324143219163391295516151193
0.01323654502461584032009711123
0.01323209945830104545383587051
0.01322667256058702162290070747
0.01322035141027902149185632530
0.01321421916658575251555449668
0.01320907656101658249262857372
0.01320345253928400619584457113
0.01319638304394966791454519727
0.01319199594404365816537713182
0.01318591184995170256067441869
0.01318025480097410827222990884
0.01317380601658320920010294361
0.01316814521497767187868889542
0.01316232038583902208725743709
0.01315631639715834632077369459
0.01315084146410314676547410265
0.01314560450421659356645051210
0.01313919559815459363245747539
0.01313370163688799143418860228
0.01312676797869111384995014839
0.01312041073067037858048528907
0.01311410531353945335164098549
0.01310898159601008311989635509
0.01310413610597021196103490447
0.01309840810698570643701706212
0.01309294148018744790792406067
0.01308694563744915383937272088
0.01308053280054793881255740928
0.01307448905433275363573657893
0.01306994374216620628602036193
0.01306392587573774552557855025
0.01305899998519680038499394325
0.01305308159355598948612404352
0.01304642369647236901396113320
0.01304066695370448966436273506
0.01303485616632067964137925561
0.01302890329538878856871920414
0.01302321361584170924624443006
0.01301671693938278836606734356
0.01301079394005436907109669120
0.01302412907368142135980689376
0.01301795611194443319085838224
0.01301427175501042314148303973
0.01302561147021966510207417280
0.01301883120169563868952063780
0.01301303880430896487283245967
0.01300734632916809783809045575
0.01300129771634472183851094322
0.01299647467267861383225118625
0.01299017495803067835344504818
0.01298412036843747180786855720
0.01297937764720307491334339157
0.01297549437447301749509491796
0.01298228153632706352601149065
0.01297701757734973391930722112
0.01297156041115732193687318247
0.01296685230328989860419721178
0.01296164263252855077659090420
0.01295601209651279175646045279
0.01295076653761762156764431199
0.01294600748652138960862752143
0.01294138195028077123182065557
0.01293542561648152274344352906
0.01293028140149966228609102643
0.01292474461421162103836584029
0.01291926481656768063848153974
0.01291449405688967970355510489
0.01291044105793648703641867302
0.01290520836657711707763577700
0.01289963021501709551172907576
0.01289378822744109542113512422
0.01292368426685597034043683898
0.01291853486008907974058739631
0.01291353398140997394203105885
0.01290796842469762344167662782
0.01290173732628232799906996425
0.01289626361236144939612454093
0.01289111596821167677155022072
0.01288606420658724075498759082
0.01288142123135555349525050353
0.01287673511767762811694046971
0.01287272619719856821898684368
0.01286765478960710325832661300
0.01286249148991340537592326235
0.01285675830978518987743869143
0.01286936164261356626606336806
0.01286478502959656923233001868
0.01285992722517912140835315985
0.01285515022739847959633659394
0.01284898789607483971287443153
0.01286213870216074919206630384
0.01285673827201125173365639597
0.01285171099934494865998436580
0.01284652477471109922362141252
0.01284240019337161625899806148
0.01287224460588179340982109023
0.01286728648303623371468727737
0.01286221571694348152540913015
0.01285734900749526245235546789
0.01285107531283756046863220014
0.01284621133440936990384827047
0.01284107627265429932222471386
0.01283656059427514630077568797
0.01283877387305756697223791271
0.01283286630489540574267704183
0.01282734373311426797734272155
0.01282261947343312930476116090
0.01281717025672084752457277729
0.01281230491063474047347073601
0.01280655753466350532730153044
0.01280164477232067729849301901
0.01279631797356246946317431242
0.01280338359846187797243837442
0.01279745739396909784695896758
0.01279207379049226854171170781
0.01278719033853936575067362237
0.01278146802170332301084062759
0.01277772510201772814525601893
0.01277227145953544077309964457
0.01276757615801285592387280151
0.01276244980453424287030457706
0.01275757343050149531225745662
0.01275264222382858614847608474
0.01274765269577364313382871010
0.01274211520651372183207047074
0.01273734601661035566506795511
0.01274116327132053812531995781
0.01273679687625476270725426445
0.01273220361192331141128886128
0.01272707861024841422600694017
0.01272157738885136041594150311
0.01271567398707374399765988181
0.01271153794039860124861727980
0.01270698046897077659703918252
0.01270250926787653258377913729
0.01269731974106031266433668131
0.01269254983361185709837135024
0.01268861428454419550601444135
0.01268364136742485891943892873
0.01267793784266491410709481302
0.01267321008326994649978767665
0.01266792236781235828386162724
0.01269738541498793444282186653
0.01269221995417612328282175759
0.01268745957840493710179226715
0.01268331607635031751298619161
0.01267795859140177241648589392
0.01267218448617489836588379381
0.01266745533814255135023685624
0.01266203297111713935406120914
0.01265695105339084776672629764
0.01265189499666366093858408761
0.01264717512269347895773591126
0.01264251492572436240531013764
0.01263704266817141382198262424
0.01263241254229777427408831007
0.01262826783756233116721516633
0.01262284273688402191198704151
0.01261820662028494545828781128
0.01261394195697557028907211379
0.01260904332749194870203295122
0.01261429208465440891722973754
0.01260847109173581082416453995
0.01263709085819522937602516417
0.01263215654314493541803009102
0.01266028297719908496304169138
0.01265633473644877160150874355
0.01266806055268564826500916738
0.01266324672960247641006367422
0.01265816265185504283425819608
0.01265284164134487029627360756
0.01264915246123077704127667159
0.01264431801083176136411673668
0.01263942721093907021434009018
0.01263565091702239122058642359
0.01263198056722154516662255548
0.01266033347818498505161938060
0.01265549304961383914403894507
0.01265111124753765639040801803
0.01264623410773587714017095030
0.01264015957919389116620001639
0.01263463696765041255146440376
0.01262944544034675022946071211
0.01262558608173943267334688230
0.01262169633407497846259845652
0.01265055048796189442356681927
0.01264549620972612491547332902
0.01264044369394474215792714981
0.01263586514163417342702288050
0.01263084711660987277792093698
0.01262560042378157394851235366
0.01262036922933915683099979955
0.01261522185986089696760359880
0.01261073298461726700842377188
0.01260677131854291025152196113
0.01260339231557401810750850775
0.01259863078063892175671532625
0.01260424308104063996481285664
0.01260011873876752999472398734
0.01259553128249615475835489852
0.01259181561330511046683230095
0.01258718054161966020086511774
0.01258250178901721813735301014
0.01257862826874357736974468545
0.01257442895181732200368551890
0.01257982045498278787703720011
0.01258535448797872885543479852
0.01259759882333781680751668141
0.01259297599235242930819760823
0.01258805547735814197571808668
0.01258305634895662833295174647
0.01261044122242318992962024824
0.01260576849216040078247669504
0.01260048500513503401662597031
0.01259459567186465627402478063
0.01258896867295560241117916821
0.01258432440236332954432356365
0.01258010115278483267614935930
0.01257521079737284503291479534
0.01257062061117352298387001169
0.01256654374558244500737539232
0.01256260153409063748717601462
0.01259026078674399188105799201
0.01258598873172740531528447601
0.01258159022972333749077840720
0.01257725263115321633860026736
0.01257297243839930633766405793
0.01256862190118631161113307831
0.01256340647323490986838876379
0.01255920108415237901775784119
0.01255446643133455177500521236
0.01255005493382695352665324185
0.01254607900964846668151279928
0.01254240292142456164946637890
0.01253776681117856879219752911
0.01253328554143661402121498567
0.01252871644013070529753758198
0.01252401270271517211372316133
0.01251917936865436197160757203
0.01251412183706241896776013231
0.01250962251142839647770331654
0.01250574367113229091897308464
0.01250152044934693180731331636
0.01249706253025907102212667036
0.01249332497119832829409609091
0.01248831061551729917665477182
0.01248302840167415968950316349
0.01247822479381945197104323518
0.01247385220537436152924325531
0.01246917718165169014211349999
0.01246463169279736034801846176
0.01246045201130113854978235950
0.01245573124451851817501710578
0.01245079120565017256312598532
0.01244664260328790268934683421
0.01244281514205463254477153625
0.01243807610964372932412886930
0.01246430347140929337339819690
0.01245986245720239910643006529
0.01245499764519606352889940343
0.01245028227708281554204301921
0.01244527993516074298145681897
0.01244092619073178444624057556
0.01243642438781403141552880187
0.01243228086700223872340627206
0.01242722599559433072943093469
0.01242228799760672958095387286
0.01241845382019718399542559241
0.01241382681980475032120769860
0.01241003020393440295858176185
0.01243619092223815897667022352
0.01246382578080935708076201229
0.01245969743577753910780539294
0.01245656738933900285731414918
0.01245165924922969433073871335
0.01247890612681162138118079560
0.01247478584720142505179220364
0.01247075061422499034144658346
0.01246535089206099133415291331
0.01246071766006157517144704829
0.01247145447725985353231040645
0.01246620271332116876051403888
0.01246165282380914988825760870
0.01245691941726672192711217453
0.01245200649119350251268016921
0.01244837070264560938957766880
0.01244373016238050208162999011
0.01243902059228933193815378457
0.01243424780609386356866705481
0.01243037383601563540237636479
0.01242742620102156713952942983
0.01245404035650456232110962642
0.01244987645335370774036545028
0.01244517063641496902714317234
0.01244087853107175905286780334
0.01243624133267794895068166901
0.01243151633764556243518958609
0.01242756480744161202748606522
0.01245417338570202117807707313
0.01245013626141328205445299684
0.01247694778987019610433470034
0.01247234035499594792207072256
0.01246891105051194603216077379
0.01246469401358335808246102708
0.01246088663815826520103842396
0.01245621817393522903631450277
0.01245170287014452733131831116
0.01244725846705172097797770504
0.01244283230967726341697573789
0.01243849078105793016122107288
0.01243554727234955821723790810
0.01243138181794882876231177391
0.01245737479697862491548029525
0.01245355230971002442725309194
0.01244874904435972579566235551
0.01244468915563978208818676882
0.01244085001287488326354621831
0.01243668787054802044822156508
0.01243135523637482275693208069
0.01242825804610458692099163966
0.01242438422374261327186893284
0.01242028086285633382567560256
0.01244621642517548829383621512
0.01244168292312695282599503595
0.01243742357335825274711611954
0.01244876849110150891017123505
0.01244463571628118278372707403
0.01244031554486374053725139459
0.01243601739091364163980178689
0.01243217124071439116422124429
0.01242807200762626449701095013
0.01243399162675820198794722151
0.01243036036179473508716189951
0.01242661920459835185332574147
0.01242226749270626890619927678
0.01241813994885264854399677357
0.01241324038119787217108416702
0.01240936541751194716547179710
0.01240587214099864012665417498
0.01240182671999793250307908194
0.01239790931500500865373119399
0.01239396699287652637162872967
0.01239042944899527007118025009
0.01238651549603017364429179285
0.01241288323933199630075816623
0.01240853817278539208746135777
0.01240424204861840254692921732
0.01239961626289015082425854732
0.01239495511943225766796095179
0.01239021735097107211908847879
0.01240106350769131071023537918
0.01239758799764510906721963290
0.01239327783451972658674470364
0.01238861522275790973829142830
0.01239460894274832171815296225
0.01239019465858835654361869747
0.01241673856891809107624549243
0.01244202259486974698782097492
0.01243765085658795985081154254
0.01243434759689177646033354114
0.01246077312586932461741748039
0.01245601731159798009108579041
0.01245153211065523935699255435
0.01244699208385803648568173194
0.01247243924996927118788150258
0.01246831636738304426236772687
0.01246527435617097916472546043
0.01247174856746658236134318018
0.01246788200549553148043758181
0.01246368909877264411382784390
0.01248902186685208713495116495
0.01248488829245825063507922510
0.01248009949350136043425499808
0.01247617831494547462976158483
0.01247150009021856075322376439
0.01246785190793487971201633646
0.01246484398261008738909756405
0.01246004548695785979099026961
0.01245600561856157165102524458
0.01245301121203593510272779360
0.01247779108994400765584037049
0.01247468553658891532668753209
0.01247042334090400119006984042
0.01249544917103668168656141256
0.01249043232869805999710903946
0.01249372908848934375858338726
0.01248971377189137180385072010
0.01248610398124095533476600804
0.01248275267370957373733915088
0.01247892552596136234212627622
0.01250378014886981433017287541
0.01250009179789330320308888664
0.01249547180758301917780145302
0.01252730088416110992047999272
0.01252348897101467487001627528
0.01251910435765025851399417935
0.01251339185547878362049658138
0.01250917167166737683243778282
0.01250508552151332031323470370
0.01250191908203365397155307434
0.01252741589470290058073350061
0.01253739493199163619688190555
0.01253252798118792225561403718
0.01252876956823636691201066897
0.01255335415878662306876987985
0.01254969140869389016908859292
0.01254539832611968319642068424
0.01254071370846214800723508980
0.01256600231967681794999965589
0.01256131269320984667187186355
0.01255731820283423050067092327
0.01255297808364693712942027039
0.01254942967735887920368493868
0.01254517651710900415939602657
0.01254044456174547775526783659
0.01253605064172875585770147993
0.01253143444077811913159973733
0.01252855218993024919245934337
0.01252472438330714899214722855
0.01252036481255896522172220675
0.01251600563091375698233069332
0.01251197217565133831108727369
0.01250774715445744919252008255
0.01250431319619447298408174789
0.01250044498474207002872175972
0.01249601966063101286178415733
0.01249173503534435305324134914
0.01249734165329319055614980950
0.01249429915703884529410139420
0.01253418554593897668513725645
0.01255884256804144658193673799
0.01255420259243574591009516703
0.01254968123039964524587904720
0.01254601998842050787503872105
0.01254189837250663893728980784
0.01254476984050033415526991180
0.01254041412997567788415967298
0.01253642340065004829046220206
0.01253245102287928988230455765
0.01252909402652801347440718886
0.01252574035100919676278959419
0.01252178191273201022332308643
0.01251798481466171740940507044
0.01251317281743031677728534083
0.01250933816113625513016071297
0.01250479618599527447733705713
0.01250135496765962230267906569
0.01249634580374168572391197202
0.01249235228110220638929220004
0.01248787865963900879105091517
0.01248426753327483202379734281
0.01248083597795966076490801957
0.01247636727756054556542090522
0.01247181913761598523346825136
0.01246792540806070694220324795
0.01246402896237499592243264799
0.01246033946533069033380528082
0.01245627558022576935685889314
0.01248092517525742959383676836
0.01247723637508234289716041691
0.01247351168006624608228769697
0.01246918461611524746004173424
0.01246606918412943948591816394
0.01246188492063697079030114002
0.01245758587083666992458258717
0.01245379852361966204060417552
0.01244952342779035995255498415
0.01244584148645191533178064472
0.01244129079533258965630489167
0.01243663919515441496224846996
0.01243328617137670388530473786
0.01243016599988306100915609451
0.01242578953129348537951462085
0.01242148928261320221204259909
0.01241736462435487757742215624
0.01241350981939584959190365002
0.01242385989248942232153213380
0.01242032401679709412274834594
0.01244503714552099022032239572
0.01244085569553253029721873106
0.01243690607736827873232320791
0.01243260239874279323667037279
0.01242934088510678255069640523
0.01242543548442059228414415573
0.01242165824095739354280999418
0.01241793912830876304470441349
0.01244220600022343717465703740
0.01244704975691258271978198756
0.01247115996118053854613092553
0.01246678816022976100088606705
0.01246344394534738906934244855
0.01245924178715170874987549872
0.01245524256366304178027523947
0.01245088902801351260745979114
0.01244636833416066345236026773
0.01244241404333703085676238879
0.01243840580940177386828090113
0.01243482743015760792039013880
0.01243096560674002922863117631
0.01245554449210927691983952249
0.01245141657978791013643381330
0.01244844681285548290792367755
0.01244486704838723246167646496
0.01244234825140098241393238286
0.01243870701479560124926972438
0.01243479032788333712450157371
0.01243080914276716282568509860
0.01242720111372625622169441330
0.01243227512644391026134561552
0.01242895598873832959345558365
0.01242543897807391807950791788
0.01242067514984997937752890450
0.01241647218165644921707779346
0.01241218563434000554185796750
0.01240969760601397292660570203
0.01240630359924328666280330139
0.01240187079682348632800960975
0.01239777702713087637717306275
0.01239414099152419243338997749
0.01239974154960920378104683378
0.01239574790228533807466134170
0.01239279746975012441883011111
0.01238955352491880403898706965
0.01238606802920465355361046541
0.01238234934189358410890403241
0.01237793715109624429768666755
0.01237448751814543110150628925
0.01237058878258297370114418217
0.01236637119443965584959753199
0.01236256276611066814090033556
0.01235902729039724340068304513
0.01235544308882187608302591853
0.01237812489153382429750145422
0.01237440997170421451244182155
0.01237089295304462219772681245
0.01236739831701106392619321810
0.01236342467805130257228265978
0.01235976064921435530322672276
0.01235566104020196874107126452
0.01235202608048408455590055664
0.01234761677310170258972616876
0.01234380356753113938852079889
0.01234046254026030391141170182
0.01233685329596326411316705628
0.01233319146866291470001733812
0.01232900807040940720821580103
0.01232483266491882813085494905
0.01232134258082538041151281456
0.01231778757006360504192924910
0.01231427718194063029614628864
0.01231051683075904699363522978
0.01233338407727344989599438434
0.01232932839207803590218980189
0.01232504136569510737254937391
0.01232177903347383191349115563
0.01231826727673512118340727424
0.01231426518767381586150636528
0.01231048188811156477131544080
0.01230662909285196925386171363
0.01230280728562749969239716286
0.01229940451056073102157894854
0.01229584911417838307896621827
0.01229196827750627262534954271
0.01228810997724452820271191858
0.01231119134415208061606999538
0.01230758545629887876886179482
0.01230376776946938447184626071
0.01230019603333487087911797833
0.01229709234310100799812975737
0.01229347606056033960666070968
0.01228976943875183266073677114
0.01228652527635834724438534759
0.01228307497468642993190968986
0.01227977053350527865389103355
0.01227622398107493380639981643
0.01227206130642568982970160337
0.01226880468089468591891125225
0.01228730744947644362025277364
0.01228374017618392713702351583
0.01227985865690963417367582179
0.01227582747472623864291349931
0.01227212839157508544097478151
0.01226833135410428663314348796
0.01226456073983543625257058995
0.01226038287143251630802652750
0.01225726676860880911750838872
0.01225324802084863866809864240
0.01225044714858523258288697969
0.01224710633779281597001899614
0.01224366476356515807331262451
0.01223972958025916127348926619
0.01224517369166287373621552159
0.01226806541372346097018079047
0.01226424936257650401607136331
0.01228748768453044349742534567
0.01228375763269286055581770470
0.01228078091318516675433097965
0.01227765577561916772442915108
0.01227475518540634174127036083
0.01229691606611191216448619716
0.01231956423555178864761488832
0.01231541873176179556824334328
0.01231221328046469194490105169
0.01230886387233647063853238566
0.01230535293260620775752028009
0.01230146785790744015149817633
0.01229744068892968056786464886
0.01229455735471934167134296901
0.01229782138886200437123740172
0.01229485602228219653105391083
0.01229195646028679595459975639
0.01228892390347467430528367597
0.01228560225970235222882333725
0.01228224192646009277046454859
0.01227881654684162780500834215
0.01227510254393838410449370103
0.01227132581757005057921721178
0.01226859719865484463582038683
0.01226477010200753924425126947
0.01226093421912306021540060761
0.01225784053884061175214850489
0.01225488729070499795310921486
0.01225161181808788530926706580
0.01224823464307244502027537795
0.01224510483646327302259811494
0.01224172351200785595556289140
0.01223762654916858122310050772
0.01223425013292377021719402344
0.01223096632882673385518528116
0.01222743314008048989428220808
0.01222392311395919986959398558
0.01222656165589488762552637672
0.01222283774226472799774982559
0.01221933207356263268703902021
0.01221529150360283361983545095
0.01221145874977481234114983019
0.01220715829605021115186846499
0.01220384076068480683742019619
0.01220054658897713860228956073
0.01219636375584085244660150333
0.01219243078951082204841524290
0.01218951899648052520421338974
0.01218551675814976418244110575
0.01218263083562049265615369546
0.01217944753199500429024982658
0.01217654736325873621179399950
0.01217252690436601681718881200
0.01216971082940666172138563386
0.01216608194152507665474167961
0.01218740305195875268740594928
0.01218485886831560979665077400
0.01218124101565614078310434010
0.01218585731692419623634918104
0.01218204440735432812935891986
0.01217889758368328285559144796
0.01217557506109174729444053360
0.01217194206188114837413810960
0.01216835855100384849791546161
0.01219020339369772206535714533
0.01218709398489214542384144522
0.01218486190950628615371035235
0.01219350174309256606711631406
0.01219027167480861500003929098
0.01218703936355734757158592447
0.01218357249699438565878887152
0.01218082673756413899508730259
0.01217723920776340925178351474
0.01217429482546145635705445045
0.01217164243824784557549719863
0.01216786050026146144828374185
0.01216499644757661240685306525
0.01216128418425768039497810722
0.01215801611424255036249789736
0.01215429254401111975407175720
0.01215110228414362907833677908
0.01214768917613543118143428884
0.01214524607679185781577330596
