0.006861703387161699179203632518
0.0046817024451597108117875484
0.006144930008743963393025199756
0.006171631931939671388220928774
0.005552207777819057651086644017
0.005189738443287248498503582026
0.005218409908921927861893091982
0.005129727439069528746347061673
0.005186602993453775195385364858
0.007162265668843362136373405275
0.007139275884677806545447729747
0.006826671140203091333772972228
0.006717397775619633330375672005
0.006767394598764526667682846341
0.006649947928389576724836245340
0.006541214971100873408928893248
0.006497264216904602086110031818
0.007869055857167696983473536961
0.007697672675962082846066876130
0.007513822426097690476617528238
0.007375579212487540745551997831
0.007226736800638950515395473779
0.009358832712068815155650107642
0.009216435956793305870453831417
0.009072792625795813449467687076
0.008906355822916352700537395818
0.008826908971721892846126275363
0.008697591021041068614544232825
0.009502146655189883223618039240
0.009347171594601954933950096253
0.009276538833918739927371401543
0.009109435014434939605549770674
0.008984462598959962066981039678
0.01034547095913573370776427173
0.01171227759496464436439807389
0.01155218967851287978071891542
0.01139873014039078691880561878
0.01127942610846137762495154520
0.01113300873444305485806249145
0.01097389026113633500493076003
0.01085417217431570164380862099
0.01073838294756997504975184573
0.01062136309972930793604135310
0.01046802167866075689312712026
0.01036198336772374257520514227
0.01025898708504230510253467286
0.01016992348151483118472213125
0.01009313707301828446938018189
0.009991714624460451660213239211
0.009904466371982490720442556201
0.009776735019068964506261064711
0.009716741557530973876506393456
0.009618939544539920676452532611
0.009532174621018208347826111153
0.009459271831107835514182990241
0.009397772361517725111749031040
0.009308056867820571570670650405
0.009235936844801119106801465531
0.009183469851337168442257913717
0.009096978396260038347708104193
0.009028105728061976682423066844
0.008968920312101883229763411464
0.009744514441409798552992172938
0.009695494893812021840608442482
0.009635614226557600382390085515
0.009570807362276977502979201895
0.009498366401720098235003034316
0.009420763552487205918438618603
0.009603070966137493216487284610
0.009555381755910144324469451819
0.009501070412161707230284604656
0.009452878254527896576693129007
0.009397785269154480338449091212
0.009344251268877899271281658645
0.009283508125679279525781936400
0.009215042920840167659883795087
0.009160788524672554268988570622
0.009116408871780879494813844133
0.009084598297452299117544014243
0.009063527056758178925932290601
0.009003445810563105106645709088
0.008970700442225009987951702744
0.008934519314749526990239347255
0.009093133181813058225697929615
0.009049559269104081490441217127
0.009006314064369782436702524934
0.008950153833514863171697159301
0.008920288619671641679019677361
0.008890350303629045758361353344
0.008845025360940205890398133724
0.008806634104515306678100643888
0.008761892171113044892903336514
0.008716055096755724172847573927
0.008678741575267054863428827130
0.008908775541636353773436243873
0.008892665926002447268231609428
0.008853250796641619967127100197
0.008823428669087137780095058432
0.009292418012302513098040476420
0.009240937304487560835675630896
0.009209459870428665793488666848
0.009160395239897144511729422922
0.009149439970929576215374551697
0.009110000520694274409770371854
0.009066937805531038203326287985
0.009027863469137927532575538075
0.008996524693563188107976903943
0.008964159187128250578334739193
0.008925907771539370843852419955
0.008918574515241671297767155230
0.008891966681476953312703323851
0.008849149354207967250769812122
0.008814579626908861671982254469
0.008791369208063474059671290076
0.008765075919543761589049717669
0.009161750649838133372687291705
0.009113554397958180780074419662
0.009077872608170668287950882207
0.009052059116420492693629854961
0.009028017578411903768798846719
0.009417158701373776700173471244
0.009388828204845681882022874200
0.009353322922598658932660341579
0.009317024764569938256893958320
0.009277695721497620425038740811
0.009251138383825000475996914431
0.009230246069811751500658411610
0.009581073484471745241030156232
0.009546274375545394997067562979
0.009524544635226448341334417751
0.009489193862532009502021354457
0.009456484675063142076685711953
0.009418334656747858870944187774
0.009383753430173472321496032456
0.009358280752287479077252696702
0.009327069500011812155119357381
0.009290413003336494049082740585
0.009260507052337619731012351879
0.009227258520280021283325949699
0.009199955370358714234324920063
0.009175337907069286888390339133
0.009147320107807689560629644791
0.009114940177903169042016281487
0.009432671725848654302669787861
0.009404371466284847142090604736
0.009378788518488924480264537342
0.009686987253041453792653074385
0.009772688565922285534094135365
0.01007573627586443371297275749
0.01004933912700692807283302670
0.01001815410005438242949790202
0.009978154113708155992841186822
0.009948041008499983613664753654
0.009918808384493630204883104967
0.009897281747044913933181579469
0.009864177128490430106780016780
0.009831029579863505957951137600
0.009809733742872671204038167378
0.009785739799149829064107189728
0.009756033197235533530530393321
0.009722765350764592758457008493
0.009700342111575375336539281268
0.009678441408079228391234255756
0.009652600783993782793850606319
0.009636519562679069915914630340
0.009915766575238651787474862124
0.009891426031512536522695385290
0.009867378407142032614902762475
0.009840515237570696116996078210
0.009817097063865004128430974007
0.009794323778242095268058168555
0.009774297127660259935789155862
0.009747296309396072720421307866
0.009716939655426597321712801526
0.009693033764842556812863326447
0.009667807074966723707968735141
0.009711256458012604213077789734
0.009693541484681652127332852624
0.009666584509831847185223607269
0.009654526898125349643153658142
0.009630067671502540263380032609
0.009607966331583858967868890945
0.009590413517352087204107875842
0.009568941358592602819736978018
0.009547107609590023258140744813
0.009803015643876975307495787639
0.009779388410742042577275940073
0.01001688929430494694262387254
0.009986686531372608184394429408
0.009962693361484260863297503413
0.009952570198868733573087724904
0.009923860794752942701626632381
0.01015441056107464981478448651
0.01026229613896087975878502204
0.01024059969356384187949226847
0.01021537413173671342460711685
0.01019614066892359155636697655
0.01017793458041657787081268831
0.01015237550556351212928324885
0.01012489371798369633240775637
0.01035853608003847331664260018
0.01034582519048247144098524347
0.01032061688359177059964657209
0.01028925060964844372346146837
0.01026629386757372468862165269
0.01024189502880379479854633925
0.01022431509856515534980644033
0.01020630880789030633040252525
0.01017819876348249478368418226
0.01015611506634004189554336162
0.01013191296934808724664124145
0.01010978919970234005996311779
0.01009036429464243016529261700
0.01006978403353431078934377555
0.01005218121649784095724660432
0.01003698266637315537453188786
0.01000631498715270693667494602
0.01009655521214337611787367578
0.01007689072205449557027000698
0.01005727748588572488537871740
0.01003961613377349162058407895
0.01002040892494916447011741116
0.009993024921618416116587253741
0.009973029029274633281500200135
0.009951667104450723343017213678
0.009926628501979917880098607515
0.009911091518754097659055302084
0.009891558808415775005231552755
0.009873096281248432561677327104
0.01007559272629017101633700558
0.01006219789630485692004065817
0.01004989242294418872074056053
0.01002734473921049651373889701
0.01000983183534097898822606719
0.01006628328576440705393452320
0.01004572934271207739222202866
0.01023658103926002513781721072
0.01027039157203534081646066045
0.01024983486954296858039591968
0.01022543861179305294422670109
0.01020772269499320629251512910
0.01017813270650358064093789176
0.01015911409593249101808572802
0.01034483483739318844061450433
0.01032820032166896838038705029
0.01031072521734650896796612318
0.01029363526197654735700096151
0.01047306236992576640862694101
0.01045579140576221948822705502
0.01043532588366545488776296044
0.01042105697445708439692067209
0.01040135865293101828155918428
0.01038554333043599321238710825
0.01036860457377027892723304549
0.01054158170075768973790652397
0.01051727453069302737350581767
0.01049568621485410294480058490
0.01048009950760210546029829802
0.01046056202307611969134147943
0.01043964132217894086320136469
0.01041640338282016613373725008
0.01039487146368382492211954745
0.01037576044973768857687726060
0.01036051471385503520096258600
0.01034086310633287152372664439
0.01032566445341135600780357921
0.01030564395551859849009409600
0.01028835625397595751894562484
0.01027449448744226458555343494
0.01025310455962607056624039447
0.01023522884794120565841635302
0.01021298093432722450906200486
0.01019099687975495086592675308
0.01017214509968314813955206598
0.01015425857096273052015114006
0.01013465777180467509289771712
0.01012033578635841776210167983
0.01010447645888082700751820032
0.01026421229702699481548867819
0.01024350738950111433747323822
0.01021970988980670000219096007
0.01020504035336072075181016641
0.01019213784560866841144792558
0.01017362158998881027460399758
0.01015359071673324281955641728
0.01013630437296447007710032071
0.01012152771043594593538034715
0.01010375583582831871377113206
0.01008898607985995165664708413
0.01011427744700830285189448258
0.01026897179020369258126662250
0.01024770153450818175445020203
0.01023270250176215045840236750
0.01022081401334536369732447462
0.01020755145631378011113184578
0.01018960609946916357408703147
0.01034781086018216796014465403
0.01033254777534080312066796120
0.01048446516879650358158691015
0.01063914674389544241053284641
0.01062616181676789727652493841
0.01061052463494330490717063743
0.01059057596909693584016804569
0.01062330748714171409284534716
0.01061143810406019937623617652
0.01059343674443901970936614855
0.01058042151806535276656156275
0.01056353336123945091578308814
0.01054568566089274667012129846
0.01052824533939720079327525004
0.01067073745453032757379349976
0.01065306673998944984637283774
0.01063907343603560818956299075
0.01062036982047307824197344838
0.01059887081663592385769894454
0.01058232379569993159068851407
0.01056159634278221106733274606
0.01054674852874193908724382272
0.01053169166207848518372760758
0.01059474567203124321542232035
0.01058129372228354266221058397
0.01056770479024147287450622192
0.01055653404460825694936335120
0.01054498133222854543785347875
0.01053062642588554176079037150
0.01051870994504851894146630039
0.01050378835466506092802688644
0.01053887574153454159773482819
0.01052654893526925675095614817
0.01050887295386470754316670019
0.01049885530002482956969023287
0.01047934212466470278287844710
0.01046172787853418178599432916
0.01044626143151611020572861098
0.01043119064901349462553419848
0.01047264658810703115270587307
0.01045790063186103005772542956
0.01044806567409517725347727657
0.01043460323422779086932307771
0.01042099833144850647087755569
0.01040158479490314278373909649
0.01038937011577172133201642851
0.01037277271948924141148289263
0.01036042479714228815445141580
0.01034342843450527873571025467
0.01032714694259210792087377629
0.01031398191532061917338807613
0.01029919311901333114567118937
0.01028346357697940792222448137
0.01026855682126679589082469693
0.01025788199252244785324613878
0.01024464832050289297560127465
0.01023145742339675800543689321
0.01021627822541145640914063198
0.01020341695177899574437218031
0.01018971117009795765183362753
0.01017592380205506976330381128
0.01016184214509814185984759889
0.01014480896865568902825313075
0.01013499803163394732993907084
0.01012379276083233585036777991
0.01015684126092682785275715015
0.01014387515182931895565207760
0.01026876887042603626593843231
0.01039499283625493803924448921
0.01038228693872834550762834838
0.01036785318810065422851805415
0.01035613956895853654411278237
0.01034422801500276846531929456
0.01033234482783803809338872135
0.01049613845487576006378216305
0.01659633692226449270179007895
0.01656645913616543091410895973
0.01653344726218410550237756659
0.01650016138205471592584136136
0.01647208194185232816065840805
0.01644553809568097038577086442
0.01648172231891681154887821285
0.01645469226090455894373475416
0.01642589687725967012905014539
0.01639585760509991924144460124
0.01636807334559523834020586192
0.01634254043189975251651767675
0.01631064298460110822498039805
0.01627849067753503283456106386
0.01625213762321885888111640645
0.01622553120623731018657968467
0.01632458671252987278214448331
0.01629923723262793591252091820
0.01627319934419866445776750468
0.01624600625434210197910821422
0.01622225344108834105772550184
0.01619511737871110648846881718
0.01616527888046642672419661201
0.01613945443959250099392985955
0.01611260381293468965995525867
0.01608527505866502815235965279
0.01605926846473506139323904858
0.01603278366753168422062527353
0.01600625748060056705498555189
0.01597812072807290386514777641
0.01595204534315319797508666001
0.01592325015937961708971890733
0.01589720767984089856641646069
0.01587001873822944976125292446
0.01584855845972045037302643626
0.01582698522090084925476503063
0.01580026509715577628356224709
0.01577634704272125960182756675
0.01574872432433868176466586841
0.01578844332628975736133402317
0.01576513583651696672146279007
0.01573736017436629921621261761
0.01571261580728050265224092813
0.01568711692378156751396779787
0.01566421565156167229459864349
0.01563670998046955992863224437
0.01567375137183375644981343510
0.01565145585573207988814375915
0.01562514451627501743112217281
0.01560169452158937219087136056
0.01557847995628987268795066162
0.01555319806641362782069100021
0.01553043472386547028128835053
0.01550739253574543383630492271
0.01552441430404972811912566768
0.01550347165018062137936252073
0.01548029822967161121453648889
0.01546035292805446358864677214
0.01543767967277867491913885474
0.01541379739218792335272055116
0.01539096934119487550101253592
0.01537005959810346284312476494
0.01534554329274575983821530063
0.01532560001197417328271423387
0.01530527221812946139049839608
0.01528094480112634406102730006
0.01525826328917854047880132466
0.01523284933944895087817948104
0.01520983645412732801804093238
0.01519059043962440717732006316
0.01516687295129338533758360654
0.01514646426775321780047088969
0.01512746978563265392269845536
0.01510513739680708497396535752
0.01508285738305232676077637643
0.01506182020834633020216755277
0.01503654058608584328776803577
0.01501446130281861740186501073
0.01499339232567345277178350201
0.01497806150905339373909320632
0.01495737125315042039738083360
0.01504731278764953845182463326
0.01502536711495753661728779936
0.01500408523960819924820951989
0.01498144835040322359665620244
0.01496026964508556719865384108
0.01493448765051465905360649754
0.01491013999499401571258643600
0.01488963111364521724120532856
0.01487282015398847783505129257
0.01485109028649192557345801788
0.01483107579814676590846671107
0.01480846897776484914275133591
0.01478820602154406571091372103
0.01476667023275531049031816716
0.01474827243967347499781407596
0.01472620833826711768297391680
0.01470417358101796417657134324
0.01474098637857306787538412656
0.01472097858018895351587425297
0.01470361880400672879616102955
0.01468645357583252246667235945
0.01466911810094753475731742013
0.01464718257129233890108095272
0.01462837333582499421635027218
0.01460940591717889096008670531
0.01458944702830295848191565501
0.01457233004908043823422390890
0.01465662303493922890834251249
0.01463739172600551109642511825
0.01461895593399870839295006645
0.01459776477925209844481266943
0.01457569246460856137044590293
0.01455869418256407459681357716
0.01453882445179366103409439140
0.01452057694266459506809186293
0.01450088607621916438651223751
0.01448320303001709832402590404
0.01446718087407448842447963988
0.01444710281717235862571742364
0.01458222743160452279973488290
0.01456413817323135100970414123
0.01454378116949671946008214424
0.01452415695808489518977742214
0.01450414544833247342671737884
0.01448534583574547071270992273
0.01446582745500407821025261411
0.01444654784206146840455945475
0.01442766246105782528586869004
0.01440995150449950342789923593
0.01439524241338699534200253744
0.01437555568085902818667832385
0.01435895882277705782815188459
0.01434135806496429642654100297
0.01432347796108278291596209799
0.01440355108307567989830293462
0.01438418490228406679981083183
0.01436582511372821015350637201
0.01434983922961045514099689559
0.01433413949227786327147386276
0.01431653979678016888628201728
0.01429926784568925213722097163
0.01428334130223359097623997587
0.01426451471482142414562775726
0.01434233516126692294381853237
0.01432452305546010362988488423
0.01430824063013348951779215374
0.01429288560954664454936313671
0.01430738328963892231818580913
0.01429420490385148985514042497
0.01431058658870847403571866815
0.01431590212709066395320511560
0.01429830565019649502217881445
0.01428054761211820732799337965
0.01426238551525846863152593083
0.01424481799493538644609247646
0.01432321000553056400298384214
0.01430428202399955148675778129
0.01428926127931046938574756800
0.01427154520820290181509094022
0.01425642393463046248868279621
0.01423946322515442420616894226
0.01422232398628877619108297373
0.01420710360444253626064348841
0.01418857644952841394770257376
0.01417077407721069059198739561
0.01415542049326915763974220363
0.01413701410911342065101649371
0.01412044696749144163948216948
0.01410603040075210365294330491
0.01409232373121863433916257961
0.01416766930147723107019388311
0.01415039640655114771279446766
0.01413465546582811379113141845
0.01411942965937920872860580973
0.01410456989258093505053878473
0.01408710452663698569775870129
0.01406947066066473962915535852
0.01414481517455699978144010205
0.01412766510346098726771563677
0.01411141095388377585488559711
0.01409477207935459511177552172
0.01407816167997286349651847417
0.01406301059324408837069111099
0.01404851067513854216823253704
0.01403481191433948794059756031
0.01402170149646488970308436879
0.01400590422333925217221106274
0.01407755666299673502666528873
0.01406343178739284254666828745
0.01404742665263767317991816184
0.01412117806849022154275591845
0.01410393365469096196957721905
0.01408647464534821793926314214
0.01407061238729002011258088439
0.01405619248619146623812331766
0.01404166588820493652980272425
0.01402554351420422289072940812
0.01401107260248500077728355687
0.01399378224789691512255087962
0.01397918730916832907255023449
0.01396451398739676995738244217
0.01394917542561267792313964120
0.01393447219419136235131945426
0.01391934947458847773366537483
0.01399036238190856033077941037
0.01405873959504284770635426677
0.01408616431079103091333163060
0.01406913390600168609559576458
0.01408348306480995424423425369
0.01406841043647536182364726070
0.01405274015158190576498213164
0.01403711795533176923962650609
0.01402437140648971265285909646
0.01400947459447060128043871442
0.01416831442672091100189016094
0.01415408985466921709111449172
0.01422189121608741803994343950
0.01420723044204393232928002746
0.01419175292976811057149058114
0.01417680838936150167934296691
0.01416319420482940310436576722
0.01414774562333321635733566162
0.01421650819924464897822947846
0.01420046357421670418631013378
0.01418566979088847193672618525
0.01417229964168033462368050079
0.01415623604811177694274076088
0.01414219863206908361745849498
0.01413015747375540872715984564
0.01411781775528453179524243244
0.01410466486539309078600629745
0.01409053771820586528651109316
0.01407859631020141834012915073
0.01406418188179588729298561395
0.01405017495546611091514967377
0.01403568546520467173415960252
0.01402187728005558996545185163
0.01408893481038971710499084842
0.01407474689672003554245841399
0.01406236755026506521181202972
0.01404843738504372992213383203
0.01403391675440226496743010167
0.01401811679898205002883436385
0.01400437651504607769589822319
0.01398812341318906072042268133
0.01397320626602156540984396966
0.01396029813783310417252221564
0.01394463108757794658076078727
0.01393174067578143483101451143
0.01391925083172537655985145351
0.01390664565104089782134475134
0.01389435938330839409672399599
0.01388114146106687918991697315
0.01386830758390565664675600645
0.01385468541944775717749587734
0.01384045681310480507848353389
0.01382516778847844078836298608
0.01381295271693184653602078597
0.01383985833389973003869192392
0.01382422054192224797164851342
0.01380878721163085984101916800
0.01379471563317213718298083247
0.01378162936667261712223590426
0.01376558753849380808457013068
0.01375109693706115155694620679
0.01373594878020196877777926943
0.01372369078222665450909443393
0.01371004216899050702594459549
0.01369726856529087627040409536
0.01368612210369700680249221727
0.01367221858586147321029893461
0.01366015014447667517132631841
0.01364845255737831759864432095
0.01363543580237282195792018595
0.01362227322356652024636422432
0.01360993248498122455078449368
0.01359586601965735172101897896
0.01358186412002480233855428257
0.01356861213050890910822890722
0.01355393006671403384111993463
0.01354225388151322905737687651
0.01352815182978237704574950466
0.01351703134206759045284954636
0.01350313857529695113708089209
0.01348978426597880840670874088
0.01347870838831948824813121931
0.01346543563546431319342248245
0.01345168235364751821151695606
0.01343972141113050547730698998
0.01342884373602010320400256703
0.01341580593720195763381110371
0.01340396437202540634000448345
0.01339191152823873539832521344
0.01338069374393422327581422765
0.01336829654625654467534578579
0.01337491483500587928688285930
0.01336357282235198683757417602
0.01335106689661102316640923472
0.01341524617391343824233138543
0.01340541420131819648201252336
0.01339320191489287263328528322
0.01338029118014687211088384426
0.01336772177417935893038990566
0.01335669733355037551440412688
0.01334423199753064445888069686
0.01333141604820677227453869028
0.01331896436004872901060178240
0.01330655216461493025248125478
0.01336832229851297913350750317
0.01338069045778134662216719842
0.01336845097776454224538800421
0.01335604842795933665535869897
0.01334437368567379597143477859
0.01333257602749644036616245098
0.01332373438421327649246092349
0.01331370577772231512760920309
0.01330116618843570108017675664
0.01329012668865207283827291501
0.01328027266547593530514575374
0.01326840503639269854678412568
0.01325764723225879887105626394
0.01324664034308099734861749098
0.01323549832360496189878037517
0.01322277851420364219107994080
0.01320964536312519122025716084
0.01327102983613854976922840251
0.01325964671764958801203504633
0.01324958449777995290171744149
0.01323966086229294368049418705
0.01330029781190009514579879420
0.01328881783865498303681018270
0.01327679275934487537688027392
0.01326781411859264367954811069
0.01325709536779883789842060801
0.01324683588204054087511656541
0.01325935343034466206494776350
0.01324755105603947560565989708
0.01323524340786224654243272516
0.01322347700853369332101881438
0.01328365099662106828414227150
0.01334361067880282269259043947
0.01333149328728168729601408744
0.01332027487163848550309803937
0.01330992424601307173982304455
0.01330083047438698970684657415
0.01329091290065459654758566485
0.01328043580664252389658553932
0.01326821289853264721805616379
0.01325727244777429990119250450
0.01324686021793742264283753021
0.01323869010323666393129464043
0.01325078403909173784069049456
0.01324044957346062220872501544
0.01326527818531636768970097601
0.01325423970531481451247584931
0.01324480436546096384500295343
0.01323346644146002692780340556
0.01322332403807678480938775304
0.01321156072173913742942188050
0.01319963862062267739825198749
0.01318893551724298650491523290
0.01324409838315540828990535112
0.01323425868243175479564525773
0.01322556987460892401056341203
0.01321456289340488425797777251
0.01320414602558844045921860561
0.01319390018914426880679005646
0.01318145177989258691858850465
0.01317084343489862914492679952
0.01315959445710446376013193914
0.01315156506596717876613286962
0.01314160663541546300584039736
0.01313139053402937164519095076
0.01315477145289224915559101513
0.01314496149077294501056042866
0.01313369176580033402539585060
0.01312286437542088395249381118
0.01311112684298344559856566073
0.01310211193261063269888956414
0.01309274600290582909375058090
0.01308412008682705653494072348
0.01307455440742518928384499954
0.01306389113458028581308249029
0.01305254521294062323993100263
0.01304466974844891350461604595
0.01303518851009484244210568277
0.01302418462408039666116398188
0.01301323830304700681473666320
0.01300246834804063656700023225
0.01299192116952792761664993786
0.01298469707249157202425487813
0.01297421241998837030309714763
0.01296319980370006032265104641
0.01295185199885792834598205881
0.01294063955238466349916061579
0.01293050704686415581276884266
0.01291990932140496753543455313
0.01290929264273996260370719614
0.01290169793443488188567700619
0.01291342540255606721339680825
0.01290490215520660703172003902
0.01289614614462868602304516016
0.01288632621103403019711461105
0.01287556334624448255351874760
0.01293114157400064205008774594
0.01292085707586023340805880281
0.01290907060629837745261822007
0.01290034086608015701057124443
0.01289089106879369907753118232
0.01288049073863000255148945720
0.01286961115192342613442737906
0.01286102068931053153851102681
0.01285176857755347696038004103
0.01284229413721386979270955938
0.01283351505635753835830530755
0.01282351917845762839742697186
0.01281397083099869726102668492
0.01280471141737521731561149992
0.01279612499338364201751804440
0.01278546485064614496126776846
0.01279703862141545741453231612
0.01279003071671762883138296368
0.01277997062800962902319895130
0.01283245086140667090844188320
0.01282296893036287887888029725
0.01281382450352154540982346250
0.01280526119905475818454532264
0.01279604165610663343491481154
0.01278591777420924281262717640
0.01277863556778788607752979486
0.01276913547228518840258593036
0.01282361274948327054830911224
0.01281454288030589146886632020
0.01280573730546698955125555635
0.01279805606850200881261043761
0.01278752791389050919643969382
0.01277836994800625297847027011
0.01276913604697270065461609345
0.01275929947681415431096946690
0.01275098554127137571452885156
0.01274217921094879791026780583
0.01273294984689459778005773913
0.01272156625085528101437913318
0.01271398242800033607003052273
0.01270692639370430194574676878
0.01269854866975543433661598652
0.01269097962479964601917762334
0.01268173756663216698986803341
0.01267288025672249913212440980
0.01266470837254339200070822108
0.01271697707491392067449912872
0.01270814848241345533054739438
0.01269843355663707184806004061
0.01268870767741155500121697789
0.01268175487191172824781328190
0.01267425426537732313397411751
0.01266604791035514274916461575
0.01265681789026110305105896180
0.01264836572816529763613610082
0.01263866620634364354427407515
0.01262959140398829380488745502
0.01262036705605758648125769105
0.01261174103628465882195723846
0.01260531478613126275392024975
0.01259779084768557933233646553
0.01258915192473626426479006161
0.01258182972656445810070598808
0.01257461528986494632812389172
0.01259576185536162405015808584
0.01258608016240984617632952016
0.01257669782021651938756683668
0.01256950878797182563813482686
0.01256030415515396740276023968
0.01255372338070550585762203063
0.01254545821622547175131810852
0.01256640829542513274248391967
0.01255801646454119538766580859
0.01255155752663677764717854693
0.01254336259875021661663456891
0.01253424899954648372856377911
0.01252627231973507386440323035
0.01251789291610204723966584011
0.01251110684886678834154652314
0.01250148230638428121656028341
0.01249287905082642657203254488
0.01248617130156164056233877221
0.01247916448936153558461999943
0.01246900818640430175733721668
0.01246013083456065603015346399
0.01245095407226523663886089656
0.01244200223441304185270445993
0.01243409772078726130912135840
0.01242553387406931436492984822
0.01241656920582748182710260931
0.01240796659562419206303993987
0.01240050067280906083073779798
0.01245070715845215812798242743
0.01244249203017323955714422407
0.01243536895690872585650728473
0.01242892807895548828575774536
0.01242157204315300233921465250
0.01241292301232006856328704204
0.01240550708409398532517448378
0.01239643493096553661307569079
0.01238889398326025451425237892
0.01238131949601369726496569403
0.01245963892406370489919299954
0.01245231925113206474480858010
0.01244325941125183447060982240
0.01243537342675050889015033288
0.01242733185930474674218922101
0.01241898114118589749592388083
0.01241016206885238517977096572
0.01240336607832565652359314631
0.01239443551986442060259266495
0.01238668758329898264762063223
0.01243451021297756800993683038
0.01248817860697328370465097101
0.01247894383358455216816249959
0.01247168384243683168600878428
0.01246379101437602506989905160
0.01245633181948519153993047035
0.01244725592050168032681846699
0.01244001067120721878866030299
0.01243165193875827968899601252
0.01242554306886498593685821210
0.01242009869504179875505929332
0.01241190944886206460073469069
0.01240430722397309818127575371
0.01239843163133366417599813136
0.01244604880834341405488890705
0.01243835816945604102219088501
0.01242911906081733743726326284
0.01242048655763758644008896661
0.01244055676782081880621856326
0.01243220174307470418622835347
0.01242579886543364582754199436
0.01241676937909182417638524433
0.01247281799021320924745876237
0.01248482901497035768324940126
0.01249546163469891055847540610
0.01248920932305781598221050293
0.01248144560927069332362994076
0.01247235235077465168779432143
0.01246502135757728296819160088
0.01245701306025272800006570382
0.01244927850337516689815144878
0.01244309620994680527068405374
0.01243422370100646854103609025
0.01242653395575923187306030829
0.01241834226204597783909975799
0.01241049063942352425922964793
0.01240427343094021684077819545
0.01241007621311942344028196057
0.01240363121238693247551211810
0.01239559203910715180073838630
0.01238964912003682698600547942
0.01238209378181859598594509537
0.01237451216437011629745977327
0.01236629980275675545678893048
0.01235837921887592944513417980
0.01234983903643234387138843147
0.01234170619585805720641352305
0.01234834224138118167557703037
0.01234035127908573403606644293
0.01233293705813849075232995790
0.01232725964220848700899543433
0.01231948201469630240253067234
0.01233898119057412114178075393
0.01233257081522838225254015241
0.01237897377586700876644855816
0.01238507074214263932137362797
0.01243048805699923277358129867
0.01242308544596787966836799243
0.01241682898458594890610249473
0.01241153027299430964745395823
0.01240619626359921744525104526
0.01241693330646582401179945241
0.01241041679219218487585182019
0.01240204428309013303760382857
0.01239542590971887660967922507
0.01238870631042389354208076933
0.01243315274018794628931059574
0.01242673624808232024019450585
0.01241889369148849011402947182
0.01241092189503902932677946565
0.01240342289500378179577620146
0.01239708167474558080276391245
0.01239029350510910535758077190
0.01238456051914099599538196091
0.01237868950213082760569284082
0.01237211972941507137285593177
0.01236413326646448544204130642
0.01235766371881473792225391448
0.01235137688112813487856478355
0.01234375297486613207587155664
0.01233539192572304233533086901
0.01238155214140295127856949738
0.01237369265744357721380119207
0.01236685065363085144742036296
0.01236103006342842926813487698
0.01235408878004696980992885725
0.01234652493597373800827419885
0.01233871480613414685552224842
0.01232982170944921457288150902
0.01232220201083387050826505880
0.01231615246050091265213694340
0.01230972856062592742294277400
0.01230163623115139351958539190
0.01229438476216092245495861967
0.01233713707305405789579590950
0.01233092654939910948401311192
0.01232535021616756535639564120
0.01231864141266518365445103021
0.01231065205657872317571039725
0.01230373109493700665307996746
0.01229823154098927950763541251
0.01229119719789063678033387724
0.01228301927743581984482834782
0.01227685143402457212687363636
0.01227165872047868338148660947
0.01226547442489743798565225606
0.01225851621288460054540456707
0.01225107956237315536398579682
0.01224406826752231443035269994
0.01223611005541821234131787195
0.01223076317276517927321917888
0.01222325347008305396693118052
0.01221553844106508177212338788
0.01220985694522495130945129161
0.01225182398128468538840167362
0.01224514958611926347285871860
0.01223854112991753577895516787
0.01223209527067201203136558091
0.01222643110494510499501823879
0.01222033014205562477503391427
0.01224018540808846290345523524
0.01223350031322498431609945868
0.01222779126172108892582380395
0.01222106769327819926773922657
0.01221261098261819707342924690
0.01220517710936048923141464621
0.01219879434416416224063959551
0.01221698203657276378890746319
0.01223470455913655327888253017
0.01222799287376546644717977909
0.01222258962767393330072104914
0.01221731873865843842334588655
0.01221057846792930199166928839
0.01220532166338529888939159961
0.01219925258841723130647388681
0.01220930708094178978650417323
0.01225212445910738253368618984
0.01224560477760801978483389347
0.01228679428324227671192793161
0.01228119169641671469883911682
0.01232338499636973580046325370
0.01231588749063411032277009177
0.01230874145589465050872078144
0.01230305942957746646137159478
0.01229634466480396670485252652
0.01228867781833542718683676984
0.01228225335371818448354814649
0.01227632520130278870323843931
0.01226860833978544230484193446
0.01226234925623778294855228267
0.01225561632359955972565698034
0.01224967717952424611200526735
0.01224389243774771784729402632
0.01223803821169236352227303231
0.01223219510428114970086683161
0.01222694700008710359847276320
0.01222083116949296294888868063
0.01221400115061612581649605280
0.01220772915934717951222199761
0.01220067826009962522671786204
0.01219388067248398080239619142
0.01223578399525195474111266585
0.01222976871201825115543184482
0.01222362023453627923704423906
0.01221706052174633064889878058
0.01220945250315693275687939959
0.01220417541655493104164707239
0.01219699913375972304162744427
0.01218875368192911320196869547
0.01218115982475772269772970108
0.01217471883656970781221304711
0.01216808370067152762876003754
0.01217691712274177908995870263
0.01217128785843793246481453506
0.01216473782316036548617337131
0.01215860185168717519502554308
0.01215375671480986843696377507
0.01214945351976945180100592811
0.01214286707927004988564788672
0.01213758095374254500456190142
0.01213131273764268537643131816
0.01212455219754517106958542186
0.01211810265385896816983479092
0.01211192352769440329208547509
0.01215187524635146644629983467
0.01214570961178717842558017462
0.01218428184117675964291587769
0.01217868465589394282001890709
0.01217188471371668442364375796
0.01216524197587809779092215631
0.01220607032421225938406251346
0.01220089692077417275771242482
0.01219377370485162427757629074
0.01218761881495977551639346517
0.01218102994611157686585902841
0.01217450531403924649936127265
0.01216959475878531775636869096
0.01216327193846725528454126069
0.01215717973074578946048584215
0.01218798153090623916840904671
0.01218061561394438753428206274
0.01217379517884442615547890991
0.01216618677627778641514996399
0.01216106149145988934634203742
0.01215602693593470840382437096
0.01219535820101456765159398033
0.01218963481373959831988366866
0.01218291018691689366343279914
0.01217649713762757571872954183
0.01217090524245296244035122792
0.01216404557843189300680020307
0.01215876255452865453436618371
0.01215292430140020825904476763
0.01214628400698578239714518508
0.01214018333982514771332876676
0.01213409507134596978885022168
0.01212833384495735560626349089
0.01212325624361150591730326424
0.01211640030247600369859894690
0.01211021577695899482895169926
0.01210439704741682062185292276
0.01209943163437060354036503222
0.01209425686255257689783755369
0.01208826382489769703478749193
0.01208078005945703598153008684
0.01207562574663993447873175528
0.01207104047411053579626573616
0.01206512910174348957789822698
0.01206052925948420719492829378
0.01205399582798973268523062380
0.01204739366453492757678519521
0.01204168836272151788726718112
0.01203470534484647977355693605
0.01202988575889129110966862825
0.01202461774500566013318067202
0.01201816355998891524540053681
0.01201268964961797086710456338
0.01200780471513612995423682751
0.01201746622422878238275913824
0.01201199271229422889382639731
0.01204940508009353269874198766
0.01204339768478119003051259195
0.01203799084573050300138263067
0.01203274012533518889885979921
0.01203911529459431602260012577
0.01203442222538300212056106251
0.01207290285144873857989410621
0.01211043773375846918918536342
0.01210396596033787037467939778
0.01209964319400362808338300401
0.01209363870747123108776851687
0.01208871789504766965055037377
0.01208413141006389186999619600
0.01207878026879498289173378665
0.01207289881219557902385605523
0.01206634981140080094410710730
0.01205986004341777495389478522
0.01205364655600980386339850866
0.01204794720262932132366690109
0.01204259457846787719669322765
0.01203530940807446012256581375
0.01202905818720289554603294351
0.01202304502104810668422717003
0.01201824537087922817437166756
0.01201173492210455803319062407
0.01200688979205560260272879619
0.01200153687192718141607681983
0.01199586321579558458895088700
0.01199004573598845586444509894
0.01198300121131909249145401273
0.01197608284279626922275354633
0.01197063834367386811698358880
0.01196630528600580939049524075
0.01196074645185374622136799541
0.01195510515682429640260104185
0.01195010955580194598514803993
0.01194529738228290104075119258
0.01193966531411630647408450202
0.01193453321354914828666945424
0.01192902562380684590764412207
0.01192397488770970396022076392
0.01193231008738636388824732755
0.01192581737035655293314897455
0.01192045213020002325566280783
0.01191408368865383052678188346
0.01190953878334018492900346341
0.01190383592719647386852237095
0.01189763125767035952513459556
0.01189212923966942285244952531
0.01188708682176588414013035970
0.01188108538087440876756588256
0.01187582389625253022072052248
0.01187007220647621562934682803
0.01188549393653359403673297555
0.01187906380680052966618348311
0.01187280770126930175653944200
0.01186813876601506558823419367
0.01190437653319972427220540613
0.01198225896077923354769737118
0.01197731217893331360632828451
0.01197076997278323260512454236
0.01196565266891948628918012351
0.01196035838315341349893698471
0.01195445629786764401128781784
0.01195028495488058986142145315
0.01198652876573667598800405147
0.01198049802727644265027326829
0.01197404781618997382622574267
0.01196913927768102153311522646
0.01196355466236769525913661441
0.01197070061039846634901260334
0.01196650689561147359527000158
0.01196134520633588422722552074
0.01195482223808859955814773388
0.01194880902329756028878179906
0.01194193783636752724962732078
0.01193681227042340168549302544
0.01193147049549071695877250262
0.01192589147103934435199250730
0.01192100801168696446186518432
0.01191569145483754140539376770
0.01191035605003349302695752093
0.01190524418192444118579864409
0.01189948447343003650424558777
0.01192809905402261868922032424
0.01192378175599729142859054194
0.01191815256351910277789781885
0.01191304443735422401409009595
0.01190844492882402917100647468
0.01190254991289380644227924423
0.01189744996316455644811996188
0.01191341312957212225786595158
0.01190854932275584181071370830
0.01190406537657873861934963293
0.01189837516535532116952109070
0.01189288505895715620755618377
0.01188794782069489630372782624
0.01189722878674927578430092529
0.01189209118588641681644074198
0.01188713038524646495459377956
0.01188182651101907668535683432
0.01191483473886699191786743045
0.01191005673330776297234913904
0.01190428902093407533622557676
0.01189842710198041003817286090
0.01189284881330008004009988840
0.01188788284630201305725360949
0.01188338420321175413799518903
0.01187760059463513275847262589
0.01187237483298819186791490796
0.01186734653463060575602293655
0.01186260095419226344708058665
0.01189735240991674441972680576
0.01189181368597215110533794225
0.01188712950399666474183382561
0.01188218865083617440432311342
0.01188647558717124656909490296
0.01188108564914315866985327246
0.01187763747633136975951446638
0.01187202344957211979661887271
0.01186802349095937241826731873
0.01186333610053553403851635234
0.01185873993348000152809726130
0.01185327473210278911093130909
0.01188884062394878967618498397
0.01188272992585995537885412223
0.01187836779095757732643752473
0.01187211473037756182696582720
0.01186675610984718934922587519
0.01186087960719059931255848836
0.01186899613247001133002331034
0.01186444923310161262099236368
0.01185990213136912923981188364
0.01185436958478622367451813132
0.01184883972858036673990038433
0.01184231779046460272075880331
0.01183755215172639821110488968
0.01183279539986752951862826016
0.01182806564434897127702392152
0.01182342808190300864053603178
0.01181732413159187264858466264
0.01181228644686499744404242679
0.01180693863808471471935225929
0.01181442555875188426482267545
0.01182216512650004079625865863
0.01185545750091343931436227224
0.01185044010920404763053148698
0.01184528376967534528435561287
0.01184061390121760638666990151
0.01183550926131676282255679309
0.01182978327302246103317753244
0.01182537468044919888156671844
0.01181972875004532027379093115
0.01183381272634803382393122804
0.01182912778528788915451084743
0.01182498158220836884321645154
0.01182263119918877770491678512
0.01181656806080518194916015343
0.01181067444593259812989160325
0.01180612282469433532039557439
0.01180181933917724926737951757
0.01179643733337305234980870537
0.01179189469011613179300662511
0.01178682133630033118716885248
0.01178159677040789270287634716
0.01177661954031455755183057289
0.01177075511797230629304514273
0.01176603683518770644045566032
0.01176338076523479869530264363
0.01175995826024357791081303638
0.01177495553854781298537213837
0.01178313889336657301705029770
0.01177939737971799437427900679
0.01177533394416068181437365284
0.01176967425518617575428982115
0.01176453911251830074776765093
0.01175891068810559275598088025
0.01175404469622406227272051957
0.01174921244478560721409893331
0.01174447965534660102315314160
0.01174010554696097044278260268
0.01173493962816293904185426666
0.01173041560205572613520874380
0.01172508189202201197495025361
0.01171998449777111091471222875
0.01171445921301406012119354282
0.01171033788660701096053948823
0.01170529366410015424096260219
0.01170001957594820846898009036
0.01169520336572496420142431742
0.01170262959938779142426962351
0.01169853667345384968033847413
0.01169370430864687793091299086
0.01169004453351497520144617679
0.01168561218251597649054229936
0.01169018352127882183030582413
0.01168512632725854522425852750
0.01168101223981009879339346124
0.01167573228030567957466560831
0.01167105900458925715964438104
0.01166589451777804498782722576
0.01166245528262384342977485558
0.01165777611962409017101324381
0.01165310431264837903036944699
0.01164699892999664278158998807
0.01164228380514413270823264496
0.01167469603039903631893928841
0.01167007201916470389914305275
0.01166590031862154696297538352
0.01166185510630678130958135875
0.01165723294129925948831007028
0.01165326146227951798400416036
0.01164791771267865741810950836
0.01167961022149325714568252684
0.01167471224069861220974861628
0.01166997016241967063022629770
0.01166477965282239932653059725
0.01165995619775619540993102419
0.01165454503038436720100252038
0.01164940966681606589160471858
0.01164480212960986392966775738
0.01163947426083911211572252866
0.01163501131984320236083729536
0.01163158060612837011685557816
0.01162680358277530524847587872
0.01162293320297791190044969459
0.01163669849383007033560345930
0.01163238289412249282563692823
0.01162867946435592149806204049
0.01162358709374740909907677403
0.01161948423581258000728289823
0.01165161143677671416518287250
0.01164674961337898749491654292
0.01164261424096462189981498596
0.01163702863751410971856800105
0.01163312253443218836912107309
0.01162824122537722367873091897
0.01162440359090880793962974112
0.01162030327076280249534154486
0.01161710041514538381806246785
0.01161341055013623073729177214
0.01160874550862775292272605977
0.01160290324072288952698766049
0.01159812371955032954438918383
0.01159313531831435506162508477
0.01162531451442638528774078597
0.01162140645427781902029330583
0.01161740869464031735942115678
0.01161341805472714864725735641
0.01160931465255980903755343687
0.01160494677557272775173057671
0.01160128197058325557457360087
0.01159734621992689272518804370
0.01159328832805476978748222859
0.01158940083074375875334666036
0.01158526718351460131076922180
0.01158169704459541442126232542
0.01157705568353929805356457463
0.01157345194899940424974670367
0.01156831681979523633583723207
0.01156439767197571230219330078
0.01156006163790758201186368403
0.01155584572079878418970861648
0.01372380648062176627630416343
0.01371749382594091232240463610
0.01371111331094553013881323639
0.01370425428748224341917380082
0.01369809366767878686477857359
0.01369132094703232659243067504
0.01368584246863272312023641922
0.01368031786018494246581677188
0.01367542216757734907611636925
0.01370531350046483553945579717
0.01370913094299558938507256795
0.01370330373856505461390911312
0.01369651507054583443116702655
0.01369034306406018024811422257
0.01368413545492863947808184851
0.01367868511048270176162314480
0.01367275565430327789628722685
0.01366689708904007257717887640
0.01366110314750522419974347219
0.01365495072892624524981903795
0.01364935057557886304490990452
0.01364369941061968019402480388
0.01363760285160876815217987322
0.01363151605262586509190144952
0.01362537512033694534000771232
0.01363110654294146218874729847
0.01362564443707326317387826835
0.01361994505677735403059563078
0.01361431571915534750615732527
0.01364375593114726445950198836
0.01363794359449380047555287111
0.01363268683079098008376710509
0.01362753949796043927841564287
0.01362203444142377504176733057
0.01361693944795714140666318710
0.01361085882920892596649616476
0.01360517753692465128802527971
0.01359999378679305732279558388
0.01359443996351280942560838709
0.01358801196105658108664388614
0.01358203683907103874012742088
0.01357615798484231551164769862
0.01357092752886140451675620371
0.01356532176782371289855575784
0.01355908101632220874334152131
0.01355351323036966057425143397
0.01354758573834543454047423776
0.01354169404074351694530955211
0.01353578817277046851412881269
0.01353045545305913620123137577
0.01352478862376355054559297413
0.01351941410384257565792417250
0.01351324142861441729075140228
0.01350757587592793793021390204
0.01350220452504228852777098271
0.01349645828644694787893669807
0.01349026196724968895197328911
0.01348496921473653429908404306
0.01347946105678899778018376036
0.01347383585884377008791760469
0.01346836787538307685201974856
0.01346283800968842062441886488
0.01345810673874824650213178373
0.01345215935544965540688764114
0.01344657670055027053025241879
0.01344074967086029923311241921
0.01343554385726565874939418110
0.01346497148202811939841713640
0.01345892890445466759398373982
0.01346116092941968101391702438
0.01345585457952390390833180907
0.01345018773325251744217664781
0.01344497688668920897515791921
0.01343910106449379628126822584
0.01343392318317759415782868804
0.01342859858735041510963136681
0.01342274749170539432552645070
0.01341695426289862998543186895
0.01341159457328831571941462082
0.01340629619338720644300772071
0.01339996561363578445242551609
0.01339416627963284226565849485
0.01338838197601317143155788786
0.01339377366630721225731909557
0.01338890480877160842581131019
0.01338271528576193541627687632
0.01337742139647251530068248847
0.01340571122453095197418452686
0.01340066224367484739080197625
0.01339566412684979628206211253
0.01339082465013921825097329789
0.01338504283942570936296423419
0.01337968261883565692563619615
0.01337441808288756511134225092
0.01336925793769178880253202009
0.01336422667858930470918174941
0.01335908334115583767779655313
0.01335375745894600746515366139
0.01334800185689320312492767417
0.01334240136507448171408625883
0.01333656617822386816007260287
0.01336459844050191170556594143
0.01335971470850840849250108276
0.01336208425555747185553676561
0.01335612055705872520836780259
0.01335078070085431715385387696
0.01334680875008868182024575131
0.01337579049990283658201160331
0.01337033675181060851447436487
0.01336464964225240479270082685
0.01336992920180415256668855036
0.01336410908864778551957628110
0.01339221475457789207248715118
0.01338631763282935906707336284
0.01339257095049431017001025872
0.01338823075535556131914067705
0.01338341819042718380325728500
0.01337850942012961794859677925
0.01337323773392574166263939633
0.01336834923198398056956604356
0.01336220681717804609999693877
0.01335699173926079160763484306
0.01335134064720548900089896631
0.01334566106379835179007363424
0.01334029825597355199200651517
0.01333517011481856261820378296
0.01333055607540258549951678358
0.01332503299298942732721764011
0.01332056064736747877057696034
0.01331521142828953030996093502
0.01331041576190329071141065687
0.01330515740352115354641698558
0.01330052615762304734602374800
0.01329493457904152380695782159
0.01328924331668024434953143463
0.01328359288469070240916134211
0.01327812858539527340762303857
0.01327276067612300611636597819
0.01326857891233445954902717601
0.01326366679993375555127353215
0.01325933319882963543213635662
0.01325411197466886236920701204
0.01324946955550074525761878726
0.01324370978559898662331663631
0.01323907593939224319843634529
0.01324527515773894191695135678
0.01323995856335901307428257050
0.01326740379355661436869798984
0.01329453086752116410018385268
0.01329019386304292887527684322
0.01328530008651901583834600520
0.01328070220590489377926800560
0.01327576362170600286138912222
0.01330265008765593897993553862
0.01329679273519545989009645707
0.01329047570477285524922538431
0.01328538950414876411165643585
0.01331209849485423259897921274
0.01330687822492019749546307978
0.01330186628755198117736420138
0.01329708817373804067475576144
0.01329110292694910038014416499
0.01328638638286883683142474515
0.01328045541450862070135737313
0.01327659096182576721909403782
0.01327241146913602616946684794
0.01326794887287765638559515427
0.01327891094476584073054469448
0.01327332081709613109354285652
0.01326849771185637427472038019
0.01326308427090976141535155094
0.01325819707044357061830013654
0.01325352511747316030592480564
0.01324771078057781968028132938
0.01324249787981620637813541412
0.01323726875587479377888521970
0.01323233721737011102286430699
0.01322618686310395263520361447
0.01322068767822046136277020508
0.01321597040614656742460474429
0.01321043430428724229772354362
0.01320469392394475828789653185
0.01320069862764325488623511348
0.01319651461242345237360519175
0.01322337611353962050012432105
0.01326051786797111675056588218
0.01325508157710352503695777971
0.01325048597035616543787181447
0.01324627175612299485041300984
0.01324031806614246869326463017
0.01323621834111816895380508267
0.01323148775619136532444191760
0.01322609259717472046861041873
0.01322110594864461425908274428
0.01321635736485304510926099815
0.01321138525449825700586393438
0.01320658573186404483707235428
0.01320237560503995995697867207
0.01319770779423727689419065586
0.01319292877705200848667620019
0.01318810959669471523549501771
0.01318398005589275386477120696
0.01317905192761183186511894216
0.01317441206177825953220524072
0.01316971813497039130335783414
0.01316452809927177049445401458
0.01316047660882808773430458165
0.01315530837217718509193470015
0.01315113416788613970539216552
0.01314707388135597242732913079
0.01314174322124033258042457211
0.01313648510472789813402345006
0.01313261488091185710048380155
0.01312817463308031065960835979
0.01312463586486124678449327268
0.01311970817816413066545703781
0.01311514186215615587028635570
0.01311050050037995121784138295
0.01312086344989997930294958098
0.01311556213313693944563696499
0.01311020665736792236809544072
0.01310560001731120964102554776
0.01310089779710856646479837323
0.01309643843757190979664642482
0.01310662391729521660431244627
0.01310266050032140626145911613
0.01309760558751570007694637576
0.01309216655623497771857365022
0.01308744484681552609047339251
0.01308184110339434844969923254
0.01307832807584846296333526279
0.01307412424514279203890723657
0.01306941389789736956195901525
0.01306453810300120349043173079
0.01306041048918773946706423161
0.01305542772050219373220570230
0.01305138995606363776256978689
0.01304644388880266391018223679
0.01304191843833572641500891628
0.01304481917520824993105458294
0.01303901947070289687876524582
0.01304962798947393440575680941
0.01306101210016690016006216403
0.01305770207750535876241018915
0.01305344950296115404461133262
0.01304888940461688110015078171
0.01304523191861819798286344905
0.01304129840124293502121995596
0.01306813063771575475708971416
0.01306424803809622486553979346
0.01305960610927515374896737013
0.01305521484831498684294996886
0.01305096630419325223088936991
0.01304639986078081661964444857
0.01304269861270779711589276526
0.01303831174710059125689507827
0.01303362875542492155238230376
0.01302826546658658638214045489
0.01302305275355625311666310868
0.01301853969822866612390406304
0.01301350383724959533280823602
0.01300906481307585494954347759
0.01300405879157058057583226650
0.01299996177750356394425018172
0.01302511235184438977478869467
0.01302005426125122462478989978
0.01301611720108041803843264324
0.01301126077613340779903969389
0.01300633684535270992133417723
0.01300263612161014203135778337
0.01299847824213885520852270272
0.01299406652117818054005806803
0.01298881403464517075954921477
0.01298421865742378914766751137
0.01297910623014834809602555982
0.01297384568745500192308902346
0.01296966735894553092479201066
0.01296466562035025750188100915
0.01296042612922019415464425051
0.01295527862188607488559540434
0.01295086358588074063364550577
0.01294598418597311839833220220
0.01294149798779844162142901485
0.01293685023870511606330659311
0.01296212708661637568215024700
0.01295803168018640414495291529
0.01295353316531617921078072920
0.01294883886098167648328771249
0.01297418359142447462309674176
0.01297006505454899200999290641
0.01299510119627931116931854133
0.01299176357075757676048986929
0.01301676792176190453914186550
0.01301328606754543257147318650
0.01300891512420275192856688052
0.01300455855078372729915800718
0.01299991225263836401352116207
0.01299545825869914269991745667
0.01299058532441324231807256211
0.01298622918238522109372192618
0.01298158089772817618601242219
0.01297703417938509824671721058
0.01297296321018457342079607686
0.01296900333915041988393845741
0.01296484067147866263469148285
0.01296123315551841282590378781
0.01295765463186918774791581622
0.01295259782550800375105816779
0.01294793362595709954609913847
0.01294380593797996398813724701
0.01294008291022654161557767801
0.01295079878976274799385156993
0.01294596179692899953486257467
0.01294122743326274973808918850
0.01293745600700859742126445469
0.01294367245157967153998743667
0.01293879160918808614863901513
0.01293384246647314457814318512
0.01292980076113452751052383293
0.01293548306099610243870329783
0.01293168864116415875328815615
0.01292724800035313424720470248
0.01292248201361211181201144575
0.01291835286288837308039942308
0.01291391620596821514166611515
0.01290970249928886429393903135
0.01290581943345645367782112708
0.01290082297338557297145333351
0.01289685865165401310942042451
0.01289232191598885528966741452
0.01288844140289942461820809581
0.01289874332414151676684657090
0.01289476832612363026543808664
0.01289115845795489345376057257
0.01288658936569141470978506995
0.01288133282556006384579312696
0.01287727869873896797834938074
0.01287379476098101220695809178
0.01286915116052968082663551055
0.01286562180934746068171252785
0.01286139641043498868152188444
0.01285699590036339550021644478
0.01285340295149255252114235976
0.01284907180274041496993973554
0.01284483414005209379686647838
0.01284037572461111643924132394
0.01283648591498164668846198875
0.01283239697507256745976650233
0.01282777235666945888380659032
0.01282378447503075678760748906
0.01281955320457366815043143086
0.01281551830984912397736108192
0.01285404361726015772711319914
0.01284912043788601314107700807
0.01284433375740310559605986901
0.01283914906688190117359138609
0.01283450067192457471580278064
0.01283098491880059125568069634
0.01282717267769720541813133712
0.01282227728846271078379099506
0.01281799451309801543937783237
0.01281385542809913455928044477
0.01281005560822295408462201000
0.01280617018133191293053574707
0.01280210217693446245334623816
0.01279785029218515119754976693
0.01279439384054212635320332735
0.01278957948838108239412439270
0.01278589690911377993440880790
0.01278972604630510766045973676
0.01278522640076339936597658197
0.01283860826595741470903807840
0.01283490260992402557590920638
0.01283021371947813600332865199
0.01282557253766274720090355505
0.01282141334521954685382641998
0.01281746312903010486989397261
0.01284105956717437200862805855
0.01283690258784097482930558937
0.01283203340576400956450084927
0.01283697713580885474875435063
0.01283321361108084718281987504
0.01282951618435007064247482311
0.01282548542971061556912551414
0.01282148869613910003334936210
0.01282672077348784741624755967
0.01282255475061063948303270606
0.01284644704312458013216720067
0.01284172280735190879530687496
0.01283684681573841714433501719
0.01283245898865381282562117441
0.01282851966495939829998521123
0.01282451314321316375822995439
0.01282067939740892515958626069
0.01281600652731195239828366311
0.01281180445874888838811764955
0.01280693970267720309151290949
0.01280271171147515561012646422
0.01279882183193085967973365015
0.01279500277354819235469107732
0.01279075393225064548323443820
0.01278611620226099330949813608
0.01278232606072302783248253889
0.01278760955751393519218038606
0.01278339439829582285833112724
0.01277895398659293678025796001
0.01277428318293166294511920339
0.01277053009000287249672639981
0.01276607939840232532817945413
0.01276213600149410516051416024
0.01275796417959456322891934608
0.01275439901687519200300972282
0.01275097895016243579544157451
0.01274715199627295503213275389
0.01274334760996807854117080986
0.01273968077982413108119835579
0.01273569350291637696456591189
0.01273157345522304096629510222
0.01272742267186320191208081158
0.01272320808695510788181196438
0.01274696752306084594097345376
0.01274288218135131252488023250
0.01273881686996014188581172852
0.01274318757819964115074833387
0.01273937395886686664296035476
0.01274942368999216187168306186
0.01274573091729944600270842918
0.01274141180551994249549802596
0.01273805924952484688688166786
0.01273368484001077808896483936
0.01272940267152501624154632672
0.01272696079856916140163810471
0.01272308644378936521211849956
0.01271947980221419774392485962
0.01274334569006724037026243086
0.01273905108319431096578126962
0.01273525499143948959891031109
0.01273211223089948031538438935
0.01272860087142143922223534836
0.01272471728799262829222164551
0.01272161783585273916658672875
0.01271780088790869493357268312
0.01271431655780155582041754763
0.01271095778445103832268352858
0.01270685564761658485974442564
0.01270281721289781083337500279
0.01269894857836290082880766158
0.01269561098751603309501259644
0.01269264358485517453995499340
0.01268898081723102280278584159
0.01268500163649501871637545908
0.01268141577832954956246994535
0.01267818639771311241468206999
0.01267463778202679217754221347
0.01267049243277003189836380664
0.01266621145055986345843979845
0.01266241486329847856504103730
0.01268540032577430766337166678
0.01268134554670986194421730337
0.01267697268593691926479693648
0.01267269732395396888913837300
0.01269562973858494179283559700
0.01269254475002759895424563282
0.01270157738765692075867917515
0.01269739930410554766505152930
0.01269315516628405371950854050
0.01268904057040487038664397642
0.01268456710289723540848388660
0.01268088396231982270689755390
0.01267621505377668450190608533
0.01267262666047206917641241495
0.01266960094031043227185421447
0.01266642791158457382201029648
0.01266283440525816191211394110
0.01265950236934854772141198817
0.01265640418243930187670252376
0.01265242252304718379792024963
0.01264800677189436991697641482
0.01264411013831257278008338136
0.01263989631764985774085439078
0.01263593259265490862140599495
0.01263225484311058041641411493
0.01262806106332473862781264379
0.01262398360272738173674793930
0.01262038522046816888212850461
0.01264349669707372651657529754
0.01264038280415786629995126912
0.01263670887924746614270227744
0.01263215057225842512958155219
0.01265508008192623263654142949
0.01265120415059031561136706233
0.01266027844409200539894595249
0.01265645794610633690332224444
0.01265209405381991807506901401
0.01270132211163592101580175764
0.01269708825261101744907833054
0.01269395904177352363317492683
0.01268995266913716843601208609
0.01268676164301051298618267408
0.01268290353564382955587919469
0.01270527434350108030272135844
0.01270152368477174392088864762
0.01269773236371226216074641571
0.01269391261034169205510647669
0.01269033981565665359318748497
0.01268646264938748941587765806
0.01268218861185284534453676033
0.01267828822795979199825354787
0.01267509581676220097253961351
0.01267152095994080277366331967
0.01266737891515751529425901512
0.01266350808552937176322596701
0.01265998612182544480683959894
0.01265584098141272339697559290
0.01265161454730951692680665382
0.01264745517486830780531837266
0.01264370945268719188200932434
0.01264093815341228538410262088
0.01263740533861768686402012781
0.01263401471431973988039929238
0.01263069298934115070513501041
0.01262642541826142141456052923
0.01262205465435488723827517779
0.01261857863026932127929991107
0.01261482173009961028625487254
0.01261120020396328629254779170
0.01260777904943233854141319924
0.01260424092220233163799449789
0.01260076134195891048474600067
0.01259737131319089780326043237
0.01259315741454906516885809635
0.01258928375187628130294606260
0.01258596175769489032861229095
0.01258209278623210005144551568
0.01257881719330044161628919676
0.01257494400385371524911510449
0.01257143696895313530623098115
0.01256746239414090178118275575
0.01256342448133609240388452546
0.01255983435992134569187738787
0.01255617633027701106707654582
0.01257792542869997510354893210
0.01257372695495210013037404816
0.01257034417396866147297823084
0.01256627682060719412853998016
0.01256290118776844549984281336
0.01255874345341507938954320196
0.01255478597883237864995493811
0.01255184152400719767293047309
0.01254836775681725667569195252
0.01254422428146713784753634123
0.01256691718951016133635558680
0.01256334462074642419769410610
0.01255909567963742363254895465
0.01255547363189493201744127586
0.01255173166641448923527009876
0.01254835437708485499488541276
0.01254549837932420005721236940
0.01254135206966414128534942160
0.01253816477452389499114620387
0.01253416237094179227562494133
0.01253057914511001358421436727
0.01252746548236307469078980014
0.01252453172414978792182125730
0.01252154713563080314044463121
0.01251856161971476433855184756
0.01251532960405037106244104965
0.01251195574324948181247193617
0.01250885618960378063608761388
0.01250568823243976191882372685
0.01250243900587923839916443255
0.01249827712629310454050043672
0.01249515390534640988257737104
0.01249138203063363501710673468
0.01248812883037164959294151794
0.01248461516646018038545631071
0.01248085429008581669411180395
0.01247724619013362353456523102
0.01247435960212292887227517892
0.01250855642788072955822255871
0.01250553474365005812804913487
0.01250195735867830870522857201
0.01249837027862825746373069854
0.01249439688295396342990898754
0.01249078441720587337848117677
0.01248757775272001177448518217
0.01248477026971591858609519048
0.01248153186000614254002108769
0.01249101540090153913462918193
0.01248818079350594190532770299
0.01248400259780203123863635186
0.01248012419563881696819821767
0.01247658086977757215432583612
0.01247274524478110734059492743
0.01249450774965887814217662805
0.01249216827668092587925529132
0.01248864347053607018436035876
0.01249146037441857138370734423
0.01248828867459509552337097126
0.01248492110600813032582175954
0.01249384769785409268464107720
0.01249036201524244989277455171
0.01248698406935917897539003294
0.01248288555909456653264284549
0.01247870399567394942442673335
0.01247548638073487233957241379
0.01247201086597035594921751243
0.01246827955401168201665207674
0.01246461115937617954198609991
