0.01372340677432339835840726504
0.005359568013423242957207759803
0.005364977832836413236431610537
0.005247014520457855472679600495
0.005279513991917839107177583898
0.005086432154142756041887673415
0.005476076138064775835262518932
0.005507236050933636481752347840
0.005585543428448751214469975844
0.005628940955025224198842057936
0.005668793809371418182850691924
0.005616334603669637600895660109
0.005746000438952656770740474991
0.005670904827053115102104898048
0.005678576478866444554119742824
0.005693310126560169836398839334
0.005747365605003289983927848380
0.005815066067991540085351792856
0.005811232333843966511399915502
0.005771116919935482708648471052
0.005731892230848547220855892849
0.005752179344147657604359657439
0.005735998403760009583924499123
0.005720909643056353318194638457
0.005692839283419061848372731100
0.005728380900382455254483266801
0.005712322347440068364785559123
0.005657170224817719944539504754
0.005647598490399217299680925801
0.005638110253045266467013998904
0.005630814656786781714046362043
0.005613724922946083768976533189
0.005635438798734656472410193661
0.005635346565155908217923110367
0.005629547886024051982898174310
0.005611435123321025010660420614
0.005564256074870427075080448628
0.005586598359592806874772374291
0.005580975538036718456434894854
0.005563103013009133557298663233
0.006786560362885220530020631785
0.006769534644364092378573298291
0.006740100697183281354338639771
0.007899103258129698451335983557
0.01061961372645676429925845832
0.01049126819735164857241815160
0.01094024941288284770732328665
0.01083662795348514584333614647
0.01071786543227481757069806472
0.01061549854725451883313109250
0.01049305822237807563580688869
0.01040187421357046889157358218
0.01029378959374222719069503956
0.01020901236790219707986778931
0.01013064147038245920432770490
0.01001873889830518148704305070
0.009937405746503466285796329341
0.009842725322179515953422493299
0.009791533235688758185979902093
0.009713474708911719611631334759
0.009630255285444479334041531271
0.009574605956184822553011922842
0.009504993868604713410805198028
0.009427247468544076192826977838
0.009381729066399685469115662770
0.009324895614620411876694797825
0.009254134167640661922834555308
0.009197264839627822357019728170
0.009138333176752288761468894573
0.009805054015478270819137671387
0.009754031370385911754757160477
0.009691756808468086116472405874
0.009627456024773387538086488842
0.009596716746805069795977679722
0.009549589832014984136734905222
0.009513613748423319281173636775
0.009455000391476411691345575961
0.009401261265778316419372712322
0.009360633728217414179502155263
0.009303876673478788350091093679
0.009248937268331159824360288675
0.009193843392318990549221392058
0.009156762084248211869184785777
0.009117058978304626576143563089
0.009066202973791654488786466762
0.009033357013401457828845796818
0.009777601507384342307446301188
0.009732391989576899221737869316
0.009690750505106559310488119802
0.009830503933003574574169165611
0.009781208359248710984939746983
0.009724041524589756042038038529
0.009676865955063393867258962319
0.009624421988960268102422853194
0.009575167343234751160409741596
0.009526961346895919246382887709
0.009478878969260498898553708607
0.009694027361891330958455920647
0.009647382146754329915535443261
0.009618860193612008622440884996
0.009570265556277147041560778096
0.009522493824079570940426333838
0.009480835164649907026201920327
0.009432798946192941560407260198
0.009387278055561060628251047675
0.009346501357175383267720070540
0.009302728036033009492199534592
0.009253845163369787746504513259
0.009222349755484122180741290397
0.009174339079845636691049446124
0.009587214088304921287107269994
0.009542341383015829528922139825
0.009498394327458650412453251683
0.009461884108596779860866914238
0.009637155799419886715813910245
0.009608384544742714073477895105
0.009584125402807843781338048091
0.009550626273592895966563404572
0.009519186740776149628540339920
0.009495314820566839826890669616
0.009456391279385495058209404100
0.009430970960042913057871150566
0.009391094857384960996789341882
0.009364571110384835425189271084
0.009340664656734072189728885985
0.009303931982333795335856118758
0.009270985682413298182219153615
0.009246766603391213449553620132
0.009221326243611259642179719248
0.009195326114833393720434259484
0.009172199429582432655509640343
0.009152434398298383895099865117
0.009127695753981591307023047125
0.009111053300301650225653573235
0.009090239619127467158899372883
0.009063919610168773156890046811
0.009031549642015863489312181641
0.008997126139904027865932508751
0.008977935479519591825661979654
0.008954545186061702441495961298
0.008942948877418518364844709756
0.008919137783143467536478547422
0.008898687429109172266951964841
0.008867862923058723626258514244
0.008840470471524515080526267100
0.008822215945551591242765661472
0.008794759770998900379779078707
0.008768731439551187681130343630
0.008745244440765162690298462171
0.008721800321328636612732441870
0.008703983793089587977036368149
0.008680901098240639173085736176
0.008656737921247216885424554292
0.008632140889973864084350639690
0.008606320656024834035492896689
0.008578028607159457344406287356
0.008557389204111950043703865662
0.008853764134904462293553837182
0.008834694949499851566332479387
0.009125427281325698130763125590
0.009106751886839250934313622199
0.009076267173763501636985051953
0.009051272218502236353922850466
0.009185461335920451023624266278
0.009162465659536700723019126194
0.009133083684850671921001410484
0.009108499770542269331654709307
0.009085927390871146783032643830
0.009064253105655285842189039724
0.009038189007623679456314715254
0.009020323643528695752990561932
0.009002782005577455000876514870
0.008986100157978247117816754241
0.008969987915245204011348233391
0.008956465955439218371822310402
0.008938017177256606377633731010
0.008925812346932188654458165377
0.008909333898784500936570878419
0.008979216976243198974330864451
0.008954880680282650866696719882
0.009216704171746173233080623338
0.009199539040626382346869299635
0.009181541621578460493343188039
0.009160469560518236253350526878
0.009138841499763853426524398799
0.009111713496961933388862649024
0.009094478728583175653063111983
0.009074103425785646181349044639
0.009319168414748386550330947599
0.009309945105156436631609538643
0.009295165446231730325384255823
0.009275163516856100394423836579
0.009342758715742857729673944779
0.009325666927579799633673205611
0.009564316359419697958008651853
0.009546678607387959882420715953
0.009526777433620488594728334738
0.009508150715434220044156423699
0.009489028725893041363180524605
0.009712867787107604910339868791
0.009944545119537794890255383371
0.009922941388623054527180852505
0.01015088909446966145706037356
0.01012469664130666821723885307
0.01010599942029993232518610563
0.01008024874777175656553024234
0.01006302606097720659262573463
0.01004311809818610767351832577
0.01002202580838477581495097241
0.009996565272972811982634440950
0.009981037681880865197256633827
0.009966124589856950709601962433
0.01017594009997782633001243498
0.01015397360674011576883898018
0.01012925809758801217944506361
0.01010410983268123679365512316
0.01008154934787978990803520059
0.01005785578088490222052553791
0.01004211094866555217660421347
0.01001605360078677654273493225
0.009998342747650024703692881051
0.009971660178260619241384192444
0.009948113453732622258643364939
0.009922290089353966136619932891
0.009905251631465051175005257689
0.009888806277661147500815475934
0.009872144910943410940343338781
0.009853232429538020160871651940
0.01005188716357077908995259654
0.01003064265098003660625060254
0.01001201277661937401652646586
0.009994289353298502181013748989
0.009971215604071614527504868924
0.009953874501835084551542139166
0.009932177169229053019529512482
0.009916141949600714935799141645
0.01010841671889063022378780018
0.01009193122656587595527420931
0.01006965304653598234495786582
0.01005972490901060301874808214
0.01003663163902109489110451472
0.01001375629590982588855782553
0.01000196662009695482588470164
0.009980813769952676829677081330
0.01003027790449825185779925237
0.01001215793306639679194280658
0.01019779769171038581639238381
0.01018347092697192317167234246
0.01016470553669498885337397853
0.01039672316660468067425832288
0.01037357708928108476549564350
0.01036030528957584928799389775
0.01034337770071165296339072244
0.01052512099226572065885006804
0.01050083136175894753372897443
0.01047249087219114150748801487
0.01045064745457984756925299073
0.01042639158992283039926460265
0.01040207695779741357873426023
0.01038246087594254364068196766
0.01036637272209683901149021337
0.01034745764539098761194893461
0.01032833204569212492796694828
0.01031175362829986320312605139
0.01029184895295638951454854155
0.01027396673330915431398392083
0.01044322760151594394245747506
0.01042539544905705689931864433
0.01040533591093971827998598662
0.01038987997493891625656969564
0.01037480097487713780650893360
0.01035241967181859534335776215
0.01033369161912321634674426090
0.01031522478196675700860495868
0.01029802785734300715960493791
0.01027658502458402749233856334
0.01026105983638744005719595315
0.01024271791375410393582554680
0.01022507095477059068093520627
0.01021559794415308468020642123
0.01019545687392518407911021129
0.01017803130035657224205888171
0.01016108150712664621503743446
0.01014514135100467143254952855
0.01012773735744044224807286511
0.01011248373773558675866620453
0.01015573914057767556233629087
0.01014017814341714702559035245
0.01012374047854046306895840546
0.01016388492681791852747597011
0.01015071494698872434247134747
0.01018846369839325293755355973
0.01017561762613469000528578795
0.01016471913973726785669756930
0.01014851826653058503026857683
0.01013325935091615088958833098
0.01012220522656235023573230001
0.01010547034519919057303111162
0.01009144343223978464906022599
0.01007929194746895165789622209
0.01006645330278054499531892952
0.01004871977033124569744807079
0.01003109597664995146982202739
0.01001274884585989506747713479
0.009995380941897448663291156268
0.009975998939269124735676373162
0.009965239504706075863017320761
0.009950593202648025772157728335
0.009934364559749894581652785591
0.009917322704764438200149375383
0.009906323049288612826422287381
0.009894674474002384470134775255
0.009883865074907100359140386375
0.009873625250632933985329403875
0.009863353034686441574527086137
0.009844569227070729948856347472
0.009832798940046092518897759011
0.009820152776160998128569213343
0.009809228129652123434673113959
0.009795772233924368866737214269
0.009783551250347814736597793263
0.009770754813675805341607968911
0.009753632264019318359739530850
0.009739080871738300604589394604
0.009723137811285831865988315435
0.009708939773596116108527959774
0.009696395962599397444565282424
0.009681015581957542497693624336
0.009670134919109214427604411856
0.009652866003218805957810323847
0.009637125903929230336305332572
0.009622766775430781260942314670
0.009610412119553946619405879293
0.009594576333888526448301650482
0.009581533480359002027609245948
0.009715565996608729985377703812
0.009852641701676072775523216723
0.009843379823520613537556926231
0.009830410317124234209966324626
0.009815952146442839210964128102
0.009799018136815938103766992006
0.009789216734975207335604887707
0.009779329304722737919205471609
0.009769509011799911918069914967
0.009756636483940816361334744798
0.009816589828573776062133587850
0.009802186380839794240009684425
0.009788976405925973042075863736
0.009774035332510650271038673711
0.009764105746523307602328022933
0.009753979006114079507239119771
0.009740704428246421339169905293
0.009726981625874732576138924869
0.009718087565503710528150736673
0.009845180111445896274660626183
0.009832823384803003926500717422
0.009822554829522310066592491820
0.009808783600985847455969536391
0.009796031152056192867887500360
0.009783011124548911556980048185
0.009771738133446471947907700481
0.009761573336004319931055388682
0.009747256402355819595713046761
0.009733427068746090991878406868
0.009719159785117319114537222359
0.009704990081244845039529247401
0.009692973813505325738375731196
0.009684476855910459829533208346
0.009673939405313337053837669539
0.009661166299676087718846152513
0.009649786627815748908693924407
0.009640173588189733919715594399
0.009626971829029125421610398753
0.009616429484047240363158526908
0.009603973534661565326072624991
0.009592411297109654062926813496
0.009579204951340773434405661889
0.009568395276847715276396617403
0.009557435645146061510605654348
0.009743774915936024227557647062
0.009728830994376657772560326944
0.009717783402827857832509489796
0.009705192844031565289950754635
0.009697048356333313518247758455
0.009687257460250487104742949150
0.009674671139099599909534463393
0.009662500893976601026261659125
0.009651232202062880789298135748
0.009707972944608283010774906216
0.009698567519196048126216393607
0.009690692726887204129132398151
0.009684058585395887048565198839
0.009672046280447833943245580217
0.009661604542061922559302020022
0.009779091521973092579697347027
0.009769170156436718800872766730
0.009754683710106568125724657905
0.009743147412402840663294411954
0.009732693776738491428883811392
0.009723407629024478981870165921
0.009713944994403942783969113015
0.009702092792998777029583738236
0.009688910479459375208567540613
0.009680157445572853245310719498
0.009671338919006726067153892178
0.009660372709927640366585035794
0.009647764389385717473445434378
0.009635821909382603515229089784
0.009624876434702266549253691522
0.009617768224676422470123731430
0.009611018796763122126048785820
0.009599550004448180442454433573
0.009587897465777036384936863197
0.009577860180996190377781057689
0.009566734015267343221450785143
0.009678996528249603721603657567
0.009667155032376559525709297738
0.009655427740128972944730208410
0.009676135355604347616138819229
0.009666396939786847650231321902
0.009657833867106234004911778327
0.009651107937214731514327302530
0.009638932334315393117075205912
0.009630307335285774740561674126
0.009618472992678817638437491062
0.009610138071675641348625992268
0.009722055317461405223063796847
0.009712366241652081770775682979
0.009761238732696894067549762010
0.009750757824483970575653477413
0.009741606451562248185266175303
0.009733698705374069806379507552
0.009720112624545392680315948585
0.009707024027545055074169306533
0.009697535202832550912908862939
0.009687231655917241717203581984
0.009682378174390925781588387709
0.009676671838604284628690724329
0.009670536216669100320258278199
0.009660612498256284175975403968
0.009650818200259153632850850862
0.009638112271814837159876046981
0.009628338623243326010165617633
0.009618537125437242728906443771
0.009607193633997107181154565796
0.009598462135444419265429689704
0.009588343631153079582770275539
0.009581962049102365777562230118
0.009573358905078980543168896857
0.009564403317785653167955047921
0.009663748813537641139644166292
0.009656789925500006598284175118
0.009646427273004169055814913969
0.009639634210484573960075742421
0.009627507244660967223010223847
0.009617843953454167180270377455
0.009609187889394249597384079380
0.009628787688351860610660600468
0.009623086773032977356853631290
0.009613558879157026135245628583
0.009712224423467432277165259279
0.009701726908038562452378192041
0.009693759169985850653821465516
0.009687081640561492337399018075
0.009675682497820407644358722793
0.009667257894758108138292019514
0.009657728848183885379441726092
0.009648909547590633032312044504
0.009638302046777429657820529734
0.009632139683707967848912914573
0.009624444150522070825606321759
0.009613664622685114627574196149
0.009604678568321883921381564302
0.009598435382506616451164624490
0.009589316875017411914488234212
0.009582540046257034825495266304
0.009573040238950801040965322762
0.009567029745422562597858345846
0.009555868318328603259895856528
0.009546022474255619633854944893
0.009539665323745135890400823125
0.009528364175443542459436478635
0.009522011038964629656061018477
0.009618405615379001373172651840
0.009609818072076629017806126725
0.009602887107486429480249173592
0.009620095718771296639819872437
0.009613696662478033041555670247
0.009604548399077205105161624385
0.009597262464536010681210274499
0.009590355231670769215559638942
0.009585537681542456492030233818
0.009577750104124332298916737623
0.009569316133747532163148371784
0.009559161491917071829673347513
0.009550645551474541468174839017
0.009543488269058592714050769388
0.009535389204521293789386724939
0.009525464189921967303246110847
0.009516119821444062612835729969
0.009511159211657408875249796572
0.009505729582713895567888539656
0.009498146584847600949417922655
0.009491335404062394095190757552
0.009485275849452883779702696925
0.009476498506854933482037118083
0.009567880758116417187356195217
0.009558590885584054028036692923
0.009549236653426158111189994620
0.009540912718098796560209904104
0.009535049667885609480475943631
0.009527403022433404151448266781
0.009522043659294194389514149550
0.009548213892763403174828720276
0.009589021087605060228268519309
0.009580769033344214726503557496
0.009571888321568943953564107812
0.009562918501107964716336604344
0.009553752501325532801864208836
0.009547408225009819671460513865
0.009540977242352564328596539680
0.009533293615694782522016461195
0.009524990942586903771708471698
0.009517807152876443859495777035
0.009511404833064760229860382262
0.009504890016345124604067466778
0.009497625621045123817512598089
0.009490854210451559218272571255
0.009506564187521464623247721791
0.009497388706253094315592451816
0.009488336938248130473557846978
0.009480250433081151420128766754
0.009471895333414365405699656839
0.009464295369367233091557361224
0.009457779726654329362288941342
0.009451773695879358080916704039
0.009445035202892661509107826063
0.009436904920560541193029223385
0.009521346694646153672656694840
0.009513988627819196078137052845
0.009505323772482884729125501170
0.009494958969028301839056207292
0.009488149038544954475288469847
0.009479448435706883319785003904
0.009472166164861317438137874166
0.009487235197483376690328893006
0.009480442858242212821839085394
0.009475171838598935910715208192
0.009557367462308798107742215617
0.009551796968973956485248719881
0.009542626273801601421705180869
0.009536107382552515975625827208
0.009529019344328472157753034842
0.009524947533584162457852580033
0.009518932225328922533561951896
0.009510489553163439390203387422
0.009502464009867370397633977342
0.009492288060102764335804006948
0.009484437133791939205159215595
0.009476114226589942384908128157
0.009467655173486277523065063277
0.009459586773885615943388333728
0.009453435374698906545200444674
0.009443714869603194847976567578
0.009434836402193188311924033287
0.009429961641016965488569353449
0.009422763485297178825354277235
0.009416909555688628048106172265
0.009411098155952334132813263254
0.009404949952465634967194831054
0.009397401681982098627306730901
0.009391554901708969737919134264
0.009386500640033980549416413613
0.009466761542778467578990228549
0.009503358432766406724424885711
0.009496040834385862099124283319
0.009489682266052043712711952197
0.009483974669207446648421710591
0.009477696599043714716859425354
0.009472052273354317738208341568
0.009465504766943469930752536437
0.009458394701800920623133790845
0.009454056787152231885337113443
0.009446801054478584137807697861
0.009440661362498168015724980759
0.009437354092142124588803625603
0.009515295448608511586816441148
0.009510866025381696138628610012
0.009545672531991284616352209241
0.009539999440035197745474906577
0.009533249200025688078294341182
0.009525987504277607301923456422
0.009518795766430625839235591421
0.009509738524636190425916545967
0.009503358653838823182095774283
0.009496816070934525258051693029
0.009490688058854969454042623958
0.009483263403839501243360350178
0.009477185187252701699753149345
0.009471176109519713611117864314
0.009463331975432710684496847083
0.009457132529595812906619181315
0.009451486593192786537442633915
0.009443858191452249413139002040
0.009437582631648666764482190182
0.009432299623416514895911954986
0.009425850774142207424017697583
0.009419176277139018795173684636
0.009438639155769855667005161073
0.009431760461566628929445211295
0.009426405283196987818199099657
0.009419714172099356721041552970
0.009441194027659078178786552718
0.009434868460820469498405179511
0.009427328449898911507009898963
0.009422217218943589896477619274
0.009418069540089428718782081549
0.009412660261091328388489124583
0.009407252518034476057090261776
0.009401701494592225245904046447
0.009474776064373821161130146296
0.009468745417184312056245418082
0.009461753093898622327898338882
0.009453793384148733768937523054
0.009448269466055187494459715368
0.009440944212909033261100010278
0.009435699955337407025244247589
0.009427794176974080588634598069
0.009420996042478475347272422584
0.009414446257081721597470228445
0.009409465095895965236148659304
0.009402887334048188471689587214
0.009393725726739503811473600092
0.009388145111420347874248248669
0.009381324821517096194572219624
0.009377563535923346973379065377
0.009369920268701552951746180236
0.009363807120483880601139036128
0.009358083446693037535918232481
0.009351396356928030482914773921
0.009343809719485346388667917926
0.009335212410192459980563189345
0.009330106313540283353231147161
0.009324212578873574503066137138
0.009396670901842792405666210663
0.009429188569906722239685022972
0.009422887138170848418340527371
0.009416903730269563636912650030
0.009412318093351496056177952590
0.009405189013153524716657085467
0.009475850749819308153258053071
0.009507972549332957136542554583
0.009502008132115044879391850479
0.009493576576250501526412730937
0.009488194004322628426581846470
0.009508004312349869331134626482
0.009598939247732068489505885061
0.009592745116984859409200201699
0.009588715986128880853637307004
0.009583421713230291668055135250
0.009578917861016854977819031777
0.009570285393713623892145259852
0.009567725483435097053101177768
0.009559984741767271099753957690
0.009552247517761896170479169877
0.009548562538399040158150925370
0.009542121976891815854533193872
0.009574126316003257225774176281
0.009567187570082860724041110221
0.009563203208384078253958622641
0.009558947941504175633168814457
0.009552026920964165786196346476
0.009545188892017626612185276289
0.009543621524505038147017765506
0.009536016310722022816073041097
0.009531905291295136995834869285
0.009526792495708460664329270875
0.009519744864301595118542889541
0.009514709956010346187479557318
0.009507564812074709854318555602
0.009501548010151320320695891347
0.009569189232538872825238235806
0.009564154403768571820189907328
0.009558193488972811346500368918
0.009553740392619250907691332612
0.009548391937166455383239806077
0.009541000517778800915210847738
0.009609239458405442690134689972
0.009603854480578675931374866264
0.009597212863292143754538109550
0.009591538793205627838827696648
0.009583323823617329702286722144
0.009577680217904711874883334433
0.009570276022445060194157031281
0.009563200047494222355432657208
0.009556059802986789569780801393
0.009550664167010274425282426296
0.009544970166858778176431234142
0.009610912257037741716725401999
0.009604530878173465241920247988
0.009599478481835125081224041369
0.009594359818842285721394224305
0.009622118868127185433775933552
0.009615477861585664086348874882
0.009608168117521018813576001638
0.009602111348166141839576075270
0.009596322014561552347904695518
0.009609437430318047723007642296
0.009605085354325950965598426236
0.009597718247494378414112714509
0.009590552260598415025724890087
0.009583453101933965902629153667
0.009575859235887790370138869585
0.009569903933924620699790114750
0.009565383680570853383570152659
0.009558937489884677870344074814
0.009554550495391836793173792557
0.009549189415166622567576680854
0.009543359443859356823689474179
0.009537488217331065792066168359
0.009532982689904436927357330488
0.009526849401615474058121256930
0.009522226853413666865110453956
0.009516106327034948985724807192
0.009510856814974194936362927487
0.009506726839715951846341632722
0.009498977837016182620938239099
0.009493440528001271233784330425
0.009490148067174803765282706479
0.009621959345392575682310842329
0.009681622572278611129008114827
0.009674763893796759698594381673
0.009668690991819823530383637191
0.009663141767483149913524366651
0.009658661181562909219999544533
0.009651281145054155122728913284
0.009644263932474251532190320475
0.009638280438770075577068669093
0.009633359601106496731721766040
0.009695008674932238957052183065
0.009689117519143939269017160806
0.009683092067620929492278595958
0.009678715054907583304882762786
0.009672486835132627266633008157
0.009666548953626998225049010591
0.009663250832766109625520196278
0.009657772247110490400361203428
0.009652857128749509579535156507
0.009646245488035700459746916970
0.009640703734282966416283325530
0.009634998266559973872220909161
0.009631428284349365704654813080
0.009658743591475492159101949413
0.009653417067280751218547713949
0.009648451210968476273179637362
0.009641744643556266910171004845
0.009636691310692790459447363997
0.009634081592487897942938085468
0.009627697749592978637492651861
0.009621545115566280796050083229
0.009616930602772824516877132540
0.009611479696464526533559925318
0.009628527777025778254481029715
0.009687237873524067984626512603
0.009682764654705378520205792914
0.009677536649126756309093785544
0.009670668760046820427393239241
0.009663613598894084634159347166
0.009656863679936056443368010305
0.009717853252249365867308914606
0.009711310698372124399568948573
0.009704577403477433664200763443
0.009700726759946033006464325952
0.009694944005728658199303733072
0.009691177334911032752582807012
0.009685841851628803154455506956
0.009680692034276876014885512880
0.009677200751931692895057557183
0.009673219030549835966170205243
0.009666925595855376712642867524
0.009662595966712128747160002683
0.009657766344568194125695201863
0.009653324462516354698203950015
0.009647602901084515170680127157
0.009642124123958301371147270255
0.009636948680831784079136336505
0.009631027582244065426966144517
0.009625013087721427190842941052
0.009621478156159073620637013214
0.009616440168200599771118594390
0.009612687139744806810224039821
0.009607329740241529945280946472
0.009602779077871177352407326070
0.009598595034542807666239088737
0.009591973977125444219117715811
0.009587220697672220571406316344
0.009584547562951164420734734762
0.009580743371029342886828631722
0.009577314515021137299928795095
0.009571817297635262404989519617
0.009568486109895819535252406530
0.009562447880911563294726098813
0.009559202862008870637787092988
0.009554537688928677313664536407
0.009549590089344931742730673327
0.009607148751787199220902946309
0.009602212042396894478665800609
0.009599065779304008252475173031
0.009594243879693576830155419830
0.009588200895154124482634546130
0.009582680574559462607347461647
0.009578277727787291129701367115
0.009571857476055780706865995998
0.009565750927942003625522654466
0.009622073413136752348156115533
0.009617124100054838464913781933
0.009640934494774676177083891522
0.009665761955516605559574845782
0.009689626215668689456030197894
0.009686102561080237783217660295
0.009680074465558619154709150302
0.009735216696659408337153199512
0.009730023718901959969477672465
0.009722391010919310146229343381
0.009737336463326700605632244446
0.009731661203307377673128279768
0.009727630034924442214095085085
0.009722181109501589715083025613
0.009716585423000765784954049458
0.009711258330708968770384642521
0.009705685930019132861461589559
0.009699065683791800688196644537
0.009693345397833426720886901193
0.009688108065448089867437424209
0.009683192265902004438177860122
0.009678966870049348568662851908
0.009674623372197878466950150888
0.009669577047849622827427004485
0.009665055545731597539121411926
0.009660731528457949215726662784
0.009655540127799699473374121385
0.009649474720831144953417871541
0.009643182974938293595545830367
0.009636855459809923280740511546
0.009748686608753026286460436984
0.009743789466904461681485033886
0.009739425122793713475766354723
0.009734802863503572813564276682
0.009786588047981860946209346757
0.009810470392174442031491350051
0.009807759146041716862732165782
0.009801657317990380988860158485
0.009811851196554493230522209858
0.009805486708447257132120222949
0.009829045525961765304710504426
0.009824134769927698519590492530
0.009876770511999881429629043626
0.009930690455478097363243809401
0.009924883198852836406054207654
0.009917924820009738831853161280
0.009970894189916617739918711996
0.009966682054539561032718258458
0.009962107042972119264388162410
0.009956742129990295006603783239
0.009972871665713804066065707773
0.009969382643339236720354511332
0.009962794047011057918832979784
0.009958508474843415550453788513
0.009954308126200448634772567055
0.009950006853059630662632897040
0.009945437103394277269303452741
0.009939660707862026356835982240
0.009934519182138181534680530546
0.009928028305032665908118166455
0.009922220290016019100016030693
0.009917300913108836885361090810
0.009930982428282255204803028296
0.009925146433665923124084484713
0.009920263371268099552291839662
0.009915553014874907486528004627
0.009911609923158651023000669512
0.009906773569451872216772016605
0.009902388882607754050198874411
0.009897729019023560333219474770
0.009893253432998444242337566038
0.009887574066257432368709554709
0.009881341756927069425566826002
0.009876641510783938295284116398
0.009871502851861043895780587279
0.009894350676616979798047205387
0.009889610410338293789289720266
0.009882493340420264148910057114
0.009876783814914578966690656792
0.009871130767972706325590497475
0.009865072246503279666929256775
0.009859835147083280477269374004
0.009853637241127582890769481954
0.009867881019617299916510787583
0.009862476780852350074818434268
0.009857693972565176086589557750
0.009853828266398941910953896298
0.009847005084309422706660557552
0.009843266511582162158607796973
0.009837982474569749749090000290
0.009832290581469439522865625315
0.009827090904007866482891477787
0.009822888162258083848140466865
0.009817533701681344822484940916
0.009811971474299410575283598187
0.009807895232872392573220153065
0.009802281222039081068624169941
0.009796242749314684883074024115
0.009790663915116177699316012909
0.009785393587355552316515687207
0.009798875142529616829994940923
0.009795151337656887466313884375
0.009792177552537064903568159448
0.009786824348448695533391830356
0.009837247647475137038332892414
0.009887564913382556252350638336
0.009882138508915219447718704568
0.009877451065250036683129970767
0.009873721307361185819485173907
0.009868559445923976437570615729
0.009864876559859716550648492701
0.009858152788417760424875704446
0.009854059158545275797706572045
0.009849556594284948447333959445
0.009846248493963551313434514774
0.009841058593991396934992948074
0.009835631116818540204815635272
0.009830851914388184233929375370
0.009826167816518733580489220958
0.009819628743705316210644119957
0.009817153250819779251230049916
0.009813652092884298084987068560
0.009809454672215240846486841298
0.009857088805988474694111729318
0.009852505379261693340769539049
0.009847936460968263536672623710
0.009895898192699880839348996990
0.009890576542979434895389024803
0.009884145296002571484845419037
0.009878668519217023596423999725
0.009873524243182411742928293824
0.009868643636930862066754484236
0.009863405250383695684493693653
0.009860382392540412061016981055
0.009855399999418127306516907796
0.009850938036844305618114022138
0.009847123751190852926268310986
0.009842970987596772823357282233
0.009839103335745582385280188676
0.009834652466195350949361445985
0.009830274302176826749060954177
0.009826170537456625231720768406
0.009820890868844048590095755612
0.009815277809985824009957983842
0.009809836336241106691894070982
0.009806921695176229208657187190
0.009802587252403935224815452804
0.009798598365801623819666689896
0.009794836839205264653726990408
0.009790294479314537438471537807
0.009785566328155878162821886471
0.009780506863298157117858754906
0.009775819577235027548375663647
0.009770770117616170288170324406
0.009765224886095822162647085879
0.009760696432273639447266118115
0.009755876637678565845956532436
0.009750954726896643947258691002
0.009745105229464073956447878914
0.009742525313426520127681406520
0.009739695664423218814732779620
0.009734605312391217721041387142
0.009730351421599289581140664765
0.009724554740975307966751934879
0.009720560460561388027280213133
0.009715724195404003806122533936
0.009712519882849914775391513788
0.009708016490104612899667056891
0.009705077787749210291512829681
0.009700781043389700743347671655
0.009696055845355343497909151785
0.009692656968091999162589911028
0.009689220828311983542657305898
0.009685133889248229423284710506
0.009680159219404299268359985547
0.009675884733898636114003950625
0.009674450404590866477607250489
0.009669445144998324307389902693
0.009665262760927325186021522900
0.009661765311479943286881429328
0.009675315840013131642871900632
0.009672191394025056629974663448
0.009667728380493415848581218406
0.009662859474681472716706351870
0.009659377200088636913919850255
0.009654753502236029408087945372
0.009650677427216486318285480633
0.009646365817948190389008735950
0.009643714696866926777098421536
0.009651283167089394549904929042
0.009645210409535261665406945382
0.009653377522010009530242447377
0.009649651736172183750793944703
0.009644394446438443567464606167
0.009664905269685549384121093023
0.009661671816018957982900092016
0.009657780145833018506775957611
0.009653111186305221315809552293
0.009650394520935721398390787545
0.009661798852678470622305878280
0.009659091610980255638437785023
0.009654928774782016793967775541
0.009651598180437116692925005432
0.009648230787941694438298706714
0.009645587280386691355236127871
0.009641462482440429244417107181
0.009637446492551187489769327205
0.009634192995914804020370432350
0.009628777580448318700946615346
0.009674452248002722643878103338
0.009669758239480622465403144881
0.009666360816277062249989487069
0.009662210658764551435611607091
0.009658223605324592103961067852
0.009654286655741681886208664660
0.009650445153055482000138410788
0.009660783215890654470864830198
0.009656677740755261288118305886
0.009652036331002307099332829727
0.009659579237891018924751397170
0.009679265403690633481417089574
0.009673767015184364970530128646
0.009668939503466018168534449378
0.009664179878502656759239703783
0.009660606799763139681696565881
0.009655608772104035267895593324
0.009652428508197313515056646321
0.009647398897610315896737755718
0.009644054763773332139430900030
0.009688666597107785964831421281
0.009755707650875205413776607667
0.009752887116943257810657190218
0.009749439036262814078077546467
0.009744671819198847441104724673
0.009740161395317353067341791185
0.009736526107397973979821872585
0.009732087651486856305945037114
0.009727909304019880761357316258
0.009724525927950474329560987567
0.009721619945469013639123858985
0.009718471364654804151250548259
0.009714926791818263307615181344
0.009710868025265625503742296332
0.009707625840564783620357820049
0.009703970792073423415486795021
0.009701368320149686137099639692
0.009696837861172019897096390251
0.009692690911660386171747590221
0.009688194952440656662818540729
0.009684528692784847259788181137
0.009679871325465317367085042246
0.009676583685991184408246173191
0.009673019219146508264623276977
0.009692623555776020512048908548
0.009689302353973382117582170083
0.009686007293636185429760870824
0.009682759120727441592728406557
0.009679219468825607765083040663
0.009676290164166616045657517999
0.009672092944844990712378919730
0.009683704621793335156581475554
0.009679530576024933994921827136
0.009675727822730841325178137304
0.009671596631901029762896645964
0.009690639110318083105402465858
0.009686473856460039868471810882
0.009681527412217426174945946158
0.009678071853964710690940527460
0.009675108278781996324126483286
0.009671614254823052412641022973
0.009666830858409207679216192803
0.009662997815380712767348789329
0.009659096857626684132193623337
0.009654750988806616334339340052
0.009653069088311449329597090900
0.009649759430887260104246103323
0.009645990675928423108920157329
0.009641499873198669886168702193
0.009636414743438219747499775890
0.009632473076344050949422100484
0.009629474005652364377477799810
0.009624973532944804211639642277
0.009621261315320589947734498189
0.009618507196765238195257414372
0.009615605204601827164635104580
0.009613257353896382686649444045
0.009609160345554318309756555440
0.009606233629845015959212663300
0.009602819751661578280313371385
0.009599596312514505596702828714
0.009595520197756334926620429389
0.009592153922159299535241457561
0.009589421937997089658999917894
0.009585859617896563452170952882
0.009582406962913387801268506295
0.009578036654574684990290581374
0.009596351129609261601070179377
0.009592316730592208197483949649
0.009587568820256848629953541389
0.009583558322594253336604510058
0.009579140780741762993688902326
0.009577186778194802920162905705
0.009573452435804213374209847358
0.009570947083884043406304492753
0.009567854771683633899928093085
0.009565586407412433088535442337
0.009563004863780030294661035509
0.009558502564217876058020569299
0.009598711603217548061415744824
0.009639260467051593347707213231
0.009635675115497417600768270629
0.009633250658868294337453440192
0.009629934071928889168455639559
0.009626246426495658722449719186
0.009622149607891556455314560713
0.009620158429549341602789542776
0.009660444484405390990037864196
0.009657138936245894473885936075
0.009653646970941607938443132075
0.009650584411901207238079917265
0.009647310526058301680233377924
0.009643506916684887183922528489
0.009638917278979202550717530215
0.009635442366136314198892992357
0.009632806246097193431734498098
0.009629375826341339763126880572
0.009670029319716184182337567837
0.009665965918715883367194472967
0.009662231778064594780288854721
0.009658948830321880655189807377
0.009671282463835888914812350757
0.009667500098645992835340444616
0.009663847022821967759858761800
0.009659818665237414469411929399
0.009655266640827226986068610482
0.009693980489446669527217014386
0.009690754312428800450220883018
0.009688211747374763372655257678
0.009683512691886058862184424962
0.009680665383637093472749575286
0.009678032585650322667684573045
0.009674133877040344448290038900
0.009670336739759211807357688861
0.009668102300690241428180480644
0.009664963825058819126428523830
0.009662286358392065262517842262
0.009658024456549275288264816743
0.009653135504116054811825029604
0.009649032163424882319420753944
0.009645358994625629458171673425
0.009641827547082727601582609823
0.009636868309833986144424666604
0.009633947262462934128664987590
0.009630773261326580835799123572
0.009626355147601097704640128432
0.009621973563636285288317227671
0.009618935619429723337054731028
0.009615036552748027195646552557
0.009610960965105630290329821358
0.009608192762797221603313164074
0.009604411824208934358650892045
0.009600787854639702341797369018
0.009598011025890415577117582648
0.009593885636114528506073353693
0.009632639777267271589550744145
0.009629943503345703634749782716
0.009625469940469863135889208075
0.009622204689311753916288172767
0.009619870056987718662128383009
0.009616240509988531434170447426
0.009612731490697442438549365901
0.009610259291607589007079223635
0.009606459586360080694170737304
0.009603544316575512868676415136
0.009598088947507278531423736029
0.009594021185022498598017830161
0.009589418522924726304095399946
0.009585401781989793642582238210
0.009581716755061376214873702452
0.009578488820308312476060546735
0.009574836592928982725931234646
0.009612618488003710246931661760
0.009609404744547404618210846005
0.009604935455962893536101510840
0.009600745350815423999090241868
0.009597300938754757012000377245
0.009594177444881418716156053950
0.009590518054405994388751275701
0.009587483257362374658954740543
0.009584027121360982503780280613
0.009581461847903795932777437538
0.009579089242395201169388640127
0.009576129982486160435678725964
0.009573655515090237120584767168
0.009570834276163566560616526660
0.009568450727117674057562730846
0.009579191717560818286705650672
0.009577373546848229503070328222
0.009573739173202417385949255328
0.009571815397639123550390542180
0.009569076349178330652522708874
0.009605152784088508667989775442
0.009613154531507937458610608704
0.009610892594414587375424455625
0.009607106199413077337279903761
0.009603860578488165443890130868
0.009600273089387891856497004492
0.009598170227211266741959259441
0.009594909404507044042017402746
0.009591456909019650619132765366
0.009588523118703741634171462782
0.009585743572825678473808996800
0.009596638295538476650329754945
0.009593744583854199740015845405
0.009590728167483508149180663333
0.009588646761903773440967129014
0.009585807550391791695827328355
0.009581998426564827375603175864
0.009578054550472560532383309681
0.009575438756487410682863363971
0.009571335075029168042694052763
0.009567289484659622425858173723
0.009564770430535361332710550716
0.009562904894383630567527861763
0.009560638785764364213727482702
0.009557422519030466706937224300
0.009553177465581559672117834687
0.009549952086459041096011504653
0.009547324241825012914708704543
0.009583967440538849205042740340
0.009580415327523427721282370005
0.009578505936137103348265120810
0.009575690182475989861719503126
0.009572981479842801712041536772
0.009569131437771105470179733255
0.009565640052722077853354045148
0.009603112394825388412152420901
0.009599364023553688080015389741
0.009596867815044300943264399182
0.009593936280995388937508395192
0.009590850220117601046117573520
0.009596735271764989438269845252
0.009593202553993710680680866840
0.009591194821577942306292461261
0.009588022723382190049052055532
0.009583961482478964795724955679
0.009581390076171903385438363576
0.009577832488327341322656389402
0.009613276322573430476003806396
0.009610710542404795831641887697
0.009607930475661300510488605430
0.009604232769061732978647589655
0.009600566513147737624167699971
0.009609616976054363783792133267
0.009606489006767693522503622661
0.009603571341462081133072863003
0.009612797760883680150584012716
0.009608501103479840656634028930
0.009604748030560220712843066328
0.009601214030717361167338206126
0.009597301539138501739625822262
0.009593691500084015547926110140
0.009590852268599420683046121903
0.009587599547922694103363357883
0.009584774493755856930285030156
0.009581794667119500413878094331
0.009578318599019136726978824189
0.009575064672879154492305793226
0.009570925896549981840491171707
0.009567008324538974605523428446
0.009563369591739069454777845180
0.009560089356742825167559878312
0.009557404742423850826263875390
0.009554158850040355704768485148
0.009551408795700899616972423964
0.009586954543510666784333080775
0.009622345864849405472117520058
0.009618552068036257641294863936
0.009615644125204937610176661071
0.009650648384690922702125635115
0.009646710205169096501203889019
0.009644278478145573560374267048
0.009679715441660999032704552658
0.009714684888843615536145160192
0.009712461389520264926534760472
0.009708577176620857548854873858
0.009704489303735754245329949539
0.009739194089716733980322191943
0.009736068275091674953341189438
0.009770384588139664350678578983
0.009767115518637723302137306677
0.009764354760732617015770447966
0.009761744951815903212457687667
0.009758256188781279659585798326
0.009792555625274957020927163087
0.009789451013824350158418828848
0.01324652992256412636087986986
0.01324011336762408700587626885
0.01323417977205679951950170111
0.01322925185868524372203131987
0.01322336813282875985348917268
0.01321632761967829908054157645
0.01321043086524929998970898474
0.01320342811992289068598101431
0.01319796571968364447316284317
0.01322987836234283135722873096
0.01322380241842383499352917051
0.01321800247393967415989852656
0.01321213408278856824944607356
0.01320627438409973206827073532
0.01320005213960003202246377175
0.01319404395319517026145888364
0.01318807064762387702167562637
0.01318287367693236517556236385
0.01317719527947292774353999543
0.01317132482306182709120820308
0.01316541203614833807841706123
0.01315985660918668069239956658
0.01315496350631998233592691803
0.01314998682867235776552613145
0.01314436132370029641400206531
0.01313850121633932378335878475
0.01313281907925942287867623442
0.01312734975326387832347114070
0.01312095101722212451441029851
0.01311516727389369907362691863
0.01310945862211122487691111502
0.01311342790757184047575408710
0.01310913393438041703362169473
0.01310363840389076615059977317
0.01309795004049934162273772163
0.01309215069664772095073601838
0.01310435583468929028198327347
0.01309907922651020337611060743
0.01310248868697557296153157064
0.01309674597947481689356954231
0.01309114559423415195321870579
0.01308512369220121594720474543
0.01307928280403602906448221121
0.01307278707495381879634772203
0.01306715542404044511468557062
0.01309732759503165132795140181
0.01309135382622467204271695552
0.01308673388940984739589893006
0.01308060274301933507030039444
0.01307574606444969520055064449
0.01307073099211970781000709011
0.01306555910740001406445854521
0.01305953951855488404934362301
0.01305380488753039530274155450
0.01304805883740481047585615419
0.01304245292767099371492580665
0.01303604989712799742904987633
0.01302968445776392002555532487
0.01302490322225034001605974632
0.01301970410972297425537244677
0.01305081200619997653192803105
0.01304559755307987244795541314
0.01305129905706974749112261258
0.01304605119117621191748968579
0.01304025785510591052785841663
0.01307093638507395597351941049
0.01306596637412515991498675440
0.01306047076588315857932937004
0.01305562967763064464058701313
0.01305057278867489369646959030
0.01304511369642449158316638842
0.01304032987992737482152583318
0.01303455563031558898802173681
0.01302857056102034657655391325
0.01302341364773012493132895712
0.01301747881186549722056669385
0.01301285770464460623359555477
0.01300826140539681093630150292
0.01300208188241981624704859487
0.01299678147955559278173421262
0.01299172603740383246571022551
0.01298621769794810170123030105
0.01298128276724453435005165512
0.01297533022742191646665695645
0.01300648293059523558806776735
0.01300205970990099319712148082
0.01299691149050505681497416767
0.01299199336723486741007254991
0.01298695390657421841644776556
0.01298134822286305908904644758
0.01297502619814448051952055466
0.01296936836046463234009207962
0.01296456908213467864846763298
0.01295852950220086024642280873
0.01295367709364138585714082749
0.01294786211086047447470622943
0.01294232280720793166265211424
0.01293690814597547405707988941
0.01293266798257661173434306044
0.01292726321289053697871678916
0.01292253927306086078023333564
0.01291681125679156622961221648
0.01291216402176213699653915734
0.01290709921628202427944520402
0.01290211597704409286157455671
0.01293231260648405286628420785
0.01292711574360475151226009295
0.01292126652255349712084181393
0.01291662085316892138975713405
0.01294610861946097400587345247
0.01294126995490911099965993641
0.01297177198778900780932147889
0.01298426139175317952749269837
0.01299025187112272600732576521
0.01298554689466161578257994326
0.01298061112836580538336525657
0.01297504145542239886983045153
0.01297042679274693222261474164
0.01296569242659548349242594838
0.01296068630748535605438127720
0.01295616125086259633781244858
0.01295008209209700478565677732
0.01294443917174704131623447877
0.01293947800511126922666290146
0.01293463930186696620235656988
0.01296394260446135922981304332
0.01295828757733694472580871134
0.01295146017552924430842004526
0.01294656924710694332803247824
0.01294101214939996194262700872
0.01294445945112502133025150218
0.01293952656062330381924314688
0.01293408201630088862262750496
0.01292805577546460727630743922
0.01292157778155905066792804481
0.01291660522100265437574606549
0.01291139571465332261354020915
0.01290553027993264422890763915
0.01289986637102807940898856063
0.01289472088375293038915777783
0.01288844589907053801851899769
0.01290046544106717110806390264
0.01289524937881960375679678926
0.01289090258092738283754881911
0.01288668103744673877737211117
0.01288226442405427762592474691
0.01287687224303797584941150232
0.01287128061585314074076757750
0.01286645570572851922961822743
0.01286064084585444191502250416
0.01285459458059876695013653602
0.01284983439208353580258242026
0.01284516801975440115799361238
0.01283978657297857876185130422
0.01283609477735304442309865460
0.01283088359945528587416807628
0.01282704708363465562116496525
0.01282179166193189320111101457
0.01281645900962763890577469063
0.01281160626306962306671837548
0.01280670694593808199979436625
0.01280104055635943421548749147
0.01279587844028186438304855104
0.01279093669354990309025309413
0.01278593833573449537077722856
0.01278132948114159005182823335
0.01277643929049142238114185737
0.01277167369237796540561978725
0.01276717705056484899582875395
0.01276350540537046294011248560
0.01275816926032262858206942587
0.01275311643358317062426971442
0.01274893228117192457111785862
0.01274350302497163375143051608
0.01273780676312926379936892775
0.01273331184382720016320060832
0.01272739765338235152604826871
0.01272303492067438753000453829
0.01271808371416560414216154162
0.01271297882568386438749747470
0.01270780560731287181083412233
0.01270274273164443064538614116
0.01269763137282624871979795269
0.01269261635780700606479850149
0.01269932860116789619297419179
0.01269450100640041438662959483
0.01268848852498895070514321541
0.01268442685343433781964665229
0.01268013126497512014026300385
0.01267591313358170999560861469
0.01267042686830991889335447760
0.01266640148262866038902009836
0.01266251693139587781905797224
0.01265808927076771255303042979
0.01268605442171020189620652911
0.01268057698184044468627104027
0.01267627033561451843863179015
0.01267149776949365915432791461
0.01266709485790304387328397589
0.01266228852452332413850432176
0.01265670416112060460913523714
0.01265203233486590553465992264
0.01264741192064385186286959350
0.01264208410100972751607409498
0.01263689591401864557955593238
0.01263214374813020041958574483
0.01265248086288703933868600077
0.01268045721079329596757872143
0.01267625194365070467814825708
0.01267097942497990150206534871
0.01266702350920930045613840646
0.01267367137149758700776328794
0.01266855737384470372974029779
0.01266370472174778252535709584
0.01265844217274209321302074792
0.01268701037709681307104717751
0.01271570315860089290649312310
0.01271076631541196494879819834
0.01270574961396246051194337879
0.01270074930046888035730304699
0.01269639678429211628148602692
0.01268997501485026084804321991
0.01268509549245970222518456308
0.01267997280814684150044591617
0.01267567037075679830850309380
0.01267044538891173096364531834
0.01266568400041045758740948000
0.01266885625401191375239876860
0.01266443381467032154454333582
0.01266023347937255643445053993
0.01265623843408004106264840097
0.01266046846142716287554156752
0.01265600712176756903974394560
0.01265129997298829731703910323
0.01264532870596531830800307120
0.01264108290284378092095138599
0.01263639222516062952723959776
0.01263209298205417653188752821
0.01262704484778648025964069366
0.01265447687912559550160450868
0.01265011544362197952532986859
0.01264641821084622059296216142
0.01264194966216474708860540471
0.01266951786012272059791640956
0.01266529506031307044656923416
0.01266976704983187476182215920
0.01266505717120997556873819317
0.01266052526421558561257396475
0.01265559778991214900731677203
0.01265099721460909731915224296
0.01264610653976884196846207973
0.01264182942702911407630053613
0.01263767756170514277166385369
0.01263297687329282892518135657
0.01262771689832518081808427341
0.01262288929443729598846604610
0.01261785033800424009581761679
0.01261423365441370844091872699
0.01264214052063022616206584524
0.01264922918624384073949112250
0.01264527529180077287630526138
0.01268347478901707906515556071
0.01267904561202225567002759516
0.01267460310491683043024537060
0.01266992300087198002258100711
0.01266536187761370048702788658
0.01267179921924200984972273777
0.01266631263609416984320830603
0.01266103513155539494347579712
0.01265630914591848050380524489
0.01265195838837017056332272694
0.01264698074324717500723796237
0.01264297944112913150010932147
0.01267086347515058186451981261
0.01266654371414401520996578055
0.01266077140007550269712099850
0.01265634444758287120101954943
0.01265284389470927112612571291
0.01264827763136011774562755973
0.01264376790569608185369693966
0.01263916204373837934932079720
0.01263433957779444192000117468
0.01263025786137528960438035205
0.01262604099568479836140435484
0.01262178827909430877221053630
0.01261713862094767658973667736
0.01261378602055908086904599635
0.01260951748241646182504092531
0.01260500244251987782128267606
0.01260060981499551280870750760
0.01259572171672945795187882370
0.01259143898240744678294711340
0.01258833238268472257213167501
0.01258297054603425257612899353
0.01261063003258067125616601357
0.01260626081767312958819820632
0.01260247718576070079234240252
0.01259723236089917228273907080
0.01259290191172903103165261820
0.01258898810836042597494103970
0.01258453608741279504478905237
0.01258040095173132228568960671
0.01257542990150548325469414156
0.01258686397380031910663589537
0.01258176627818434930012534338
0.01257651692802475055522879518
0.01257158008495729392281182740
0.01256792418157826684136113158
0.01256428404947429158940100647
0.01256035242270497206739523304
0.01255606089683915488215930483
0.01255266012969181641020186924
0.01254765813857339161881671036
0.01257480572040046526379835743
0.01257126481619765444176266682
0.01256694263345187818678462444
0.01259424591041043631274417540
0.01258897268126572037726273711
0.01261499531241375183450496168
0.01261017655721535092691737910
0.01260633687545686079075497065
0.01260179574284944661947050953
0.01259750824202902946581898028
0.01259279411353488834419241405
0.01258867152917310562437593927
0.01261487259638980329208076342
0.01262571419530213141365586982
0.01262100575821030282749066984
0.01264771191684170282976278904
0.01264368523501758820095289416
0.01263952441463928969962697885
0.01263515801535079849303393616
0.01266083779171372826337612316
0.01268651923973937852870555253
0.01268260770499380728296273166
0.01267839799774531506646808941
0.01267352880416647874297409739
0.01266895363939897619150560732
0.01266492642933971200535427221
0.01266057367982097043078769218
0.01265656128774962761630146543
0.01265296631977816043135291213
0.01264778639845468489986378671
0.01264329205544117605226197825
0.01263907944000515548312691842
0.01263477590567262973224036894
0.01263085449451169429467918828
0.01262797078324227172009257447
0.01265360276738693740161728196
0.01264872585573263487473595526
0.01264509343306733110535292275
0.01263981580611481521639960873
0.01266494916849919330286889950
0.01269160935001156589607122779
0.01268745044287476521757182471
0.01268258205465565003422322291
0.01267883409221014182092231629
0.01267443499126035081592157603
0.01266934306273011291029002782
0.01266546859539755419634974272
0.01267590231176330650390241435
0.01267204785158791065746119307
0.01266803073521012286698388751
0.01266405007586815790843581297
0.01267041734767348077638533090
0.01266577717473706488779580098
0.01269153400490665064978587804
0.01268683274287640049326115424
0.01269777733845499482368992631
0.01269339132360960748353323960
0.01268974494463447462291478748
0.01268533733913265711340325028
0.01268096365016289840430874576
0.01267698541855850512444590115
0.01267214643583380953519816978
0.01267788566440414521927754117
0.01267343207709920490535280344
0.01266929634734024862716820801
0.01269508822590118007114617391
0.01269120139759417798975205360
0.01268662190196080991850492379
0.01268172844788881294212195022
0.01267757445029237848279041119
0.01267359505561284000742990650
0.01266966810930286462878338344
0.01266542389633830430889123290
0.01266134913032517568442237888
0.01266657499175911875958522363
0.01266260587310817899465618902
0.01265789195724244445041517769
0.01267566898124908701684912324
0.01267128316137916613309446311
0.01266743159484189716797864773
0.01266287953152842117580898671
0.01265890889084668940234426402
0.01265380798277951982041342809
0.01264939816897743545915016423
0.01265510864248398162767810904
0.01265114228875716873792035891
0.01266067778613121498810457799
0.01265659413342863634194833704
0.01265198767108326416908737797
0.01264742868360981990914138688
0.01264280478810083793732314796
0.01263885705707625383432509705
0.01263482245849359379071020184
0.01263010574551881521948052155
0.01262602936382510314364035477
0.01262905799866260780243706852
0.01262492590664268067830270838
0.01262084686736625355643730310
0.01261709314204240378549407158
0.01261328540997612857768153148
0.01260913851849839533449006804
0.01260521670774566302780733175
0.01260072800449142442513888289
0.01259639748808720115654746972
0.01259095544941923895745092847
0.01258636166190013247419133790
0.01258328034821985434107676235
0.01257906736210590222907860187
0.01257468960498555979330866041
0.01257170081009933750371931779
0.01256629887892073822763210350
0.01256233300854298324842828980
0.01255848914408214132661173560
0.01255402906682691757467676316
0.01255635902374918915747329129
0.01255258623238879605913718400
0.01254818462333576203706417203
0.01254439945071305527742666098
0.01253945984312909539692853135
0.01253578072266025749572556472
0.01253111335532608430103577872
0.01252785746624826703060402360
0.01252382201088253670925131361
0.01251941271701421153957174152
0.01251565016141783488065713640
0.01251249278802866129373621499
0.01250786293416577905951299627
0.01250331737205382635340480340
0.01249961512253478753622866819
0.01249620877286471452339847724
0.01250189116037354394467314990
0.01249773918387913792112921685
0.01249299589138987872411955626
0.01249873915684462859050515276
0.01249456020364979998204363779
0.01249080054863870499490287428
0.01248663721240760318502981585
0.01248318427036519204965365098
0.01247861540396636442012317207
0.01251004341350096185388555259
0.01250564644603899416487971002
0.01250190889675515490313374230
0.01249741132162551958131138981
0.01252165673381732944578026417
0.01254658820940886898201581043
0.01254289885747480755015765405
0.01253803064385954170833420508
0.01253401542442796305045092849
0.01257289730412486275468798448
0.01256871637064662950411744048
0.01259291593361194361842020023
0.01258904260746713619847070151
0.01258531559478607306222451720
0.01258123048821254955672641852
0.01257709349708364753710664548
0.01260080174195422729017231484
0.01259654887522720301603554933
0.01259233275063661328476723675
0.01258917164595122866107841214
0.01258425335754851273989946966
0.01258066042763244819586187753
0.01260499664384257651524081978
0.01260086988423040232334964508
0.01259596026618921953932326243
0.01259201951173729021089310930
0.01258771923141751124205898523
0.01258370349468213510920942126
0.01257972889599353043346722540
0.01257570508894348327062887521
0.01257186341323850774138402279
0.01257613293036938670020101858
0.01258183004465209167474464938
0.01257717099134014745500247350
0.01257361037913547520788564707
0.01257042809308313246009571898
0.01256595880579187782358911295
0.01256279389497628847802448331
0.01255950958531169716536279361
0.01255575472536218517173801837
0.01257990944918854835423596777
0.01257556166064765293338297033
0.01257149967693355469183106731
0.01256815479495604216497526793
0.01256396166027966586236045985
0.01256020346556050975184330241
0.01255647978095283461871761012
0.01255256522773252827067735313
0.01255778155192168297687902677
0.01255438952129220516620203407
0.01255040071282429138132473331
0.01254705986635980021953105646
0.01257028339594967011902529013
0.01256626139741981735897082975
0.01256191008722789104132484209
0.01258493759976634761251389454
0.01260836428080972972869830942
0.01261743188464515754740414779
0.01261403065274212577048453151
0.01261005326582117097134978782
0.01260594570743705612208115775
0.01260280997475142361854906484
0.01259806202538443239812827630
0.01259417460295165344416610194
0.01259972645830503531822865356
0.01259570953214737678258899545
0.01259164675473827348118816645
0.01259696998372811714829395541
0.01259343224860385205042974153
0.01258962970865312539171515673
0.01258552569822428674957189120
0.01258131020677207038299646062
0.01259111314205177786951767546
0.01258713429576177163464915491
0.01258291421480074076320743302
0.01257914125763796614484924354
0.01257568790922624920054090725
0.01257208948353285439156638613
0.01256848789772180651911724467
0.01256448042251889020484811733
0.01256061753262231779376848481
0.01259219091394085194298546621
0.01258864827472586420862782639
0.01258409751596831402159596193
0.01258102115434977816820548037
0.01257726776714590797728062153
0.01257309317846445231446096791
0.01257811561277310799192089890
0.01257417687333317917264117410
0.01257003290201290280444870750
0.01256690105675242557302306709
0.01256287082962990107888878837
0.01255877875894332676025196311
0.01255472895758716388083676237
0.01255078796974991434632320762
0.01254690232832714261433955839
0.01254288584576182241033208612
0.01253880973471780079866137739
0.01253481376800565644873384260
0.01253103472007118428684793834
0.01252668836449807068139023072
0.01252246319653275512118384671
0.01251876677264421940376846855
0.01254159192339902958499214852
0.01253816025912251189027172777
0.01256052715246327602265494262
0.01255668516972282914560164115
0.01255260884863734129596343946
0.01254881178545657385970217152
0.01254474409720136252920278352
0.01254055952055461188519453065
0.01253675409668988785262490507
0.01253302487168961272578648537
0.01252900006055746623954287727
0.01252607431898824055754153055
0.01252162236197457728814407718
0.01251765651713048353414357311
0.01251430102836647864536347412
0.01251063170651734311320077311
0.01250700205430944056218950613
0.01250320409511684997698797315
0.01250001149857233382740159284
0.01249577382399713418087477095
0.01249225451334426289897461149
0.01248803579930604838032736129
0.01248438734773257139412639957
0.01248065728528533802380051908
0.01247651173825158150503951760
0.01247411096892498788816923782
0.01247034419104791676796351431
0.01246723474686364987924433421
0.01246299224527283589284467729
0.01246003816190119221786428420
0.01245670704164011495719290591
0.01245345116256589707349702271
0.01247528777866782584023389172
0.01247142107825348710025049900
0.01246784471658192265163388256
0.01246450177298608250760752346
0.01249534425782319644826991771
0.01249193755022504784610733549
0.01248870897679559418428460067
0.01248478005597332409448605800
0.01253349609501728711284078541
0.01255525260933430540148859377
0.01256405201262672804128252379
0.01255970241711793146646972766
0.01255600588988756847922068916
0.01255258218282867531509690079
0.01254966818637385475525332756
0.01254539571859193834649965410
0.01254143329512182781086920838
0.01253767892835043599273728886
0.01256075829392138439680715813
0.01257002318605295265943107390
0.01256658000223208322566773310
0.01256296943364913631222083877
0.01255917524803602920409418566
0.01255613312580848048066748873
0.01255230603170967551303292913
0.01254883016742372349359512450
0.01254584860514418073205934974
0.01254234417586209754667848578
0.01255154264752011126542827561
0.01254781897006703606406403825
0.01254334597345898777839117983
0.01253978974497957449404786812
0.01253613381967387326528334868
0.01253234633127485558135060811
0.01252822523811249591897408844
0.01252486459851474834935270873
0.01252200258323453787753522743
0.01251879787218113039148293082
0.01251488554119920664175841631
0.01251066322362167367090653623
0.01250639088601740939836780149
0.01250209739667564190945097951
0.01249834536258037725504883605
0.01249453308036173048991239191
0.01249061353966177291958609806
0.01248705954680523645798509332
0.01248313023115498281257387681
0.01248003841506203553141714281
0.01247688912438987463179484437
0.01249950156645154143451336472
0.01249499903833971764757253192
0.01249152353267200844102423656
0.01248811146695417154298251737
0.01248415618576548735790351985
0.01248020415104427397639556095
0.01250224385139076166608606098
0.01249955021870465026512446239
0.01249623975886400727765931968
0.01249249732555219859955412784
0.01248810349486341113182181226
0.01248504217861201312273680961
0.01248101307055305173483911381
0.01247781873231227057259262696
0.01247491316117060917208238336
0.01247171915149079577792943156
0.01246855592900382270863347244
0.01246552236783530994071568162
0.01248745498314103068596510900
0.01248361776358983885492178986
0.01248033539201193903072731686
0.01247709126547686626916204250
0.01247304036540260448262267883
0.01247020875943935062226969803
0.01246681746705316872758354633
0.01246324362549512861742896351
0.01245931388404061375957124270
0.01245560682880411716814967848
0.01245233926397891903823968225
0.01244972640198536566775285182
0.01244594416705348037045436629
0.01244309694811831295991381816
0.01243895510296817359625478914
0.01243603360523945919956512589
0.01243225136694764033229460068
0.01243763759777395703228558442
0.01243378739568221576231187191
0.01243079805971372318872923868
0.01242690814628359826739098916
0.01242324617979287954148117908
0.01242023066997176076819348304
0.01241726274271375112001594044
0.01241397907045117617016424149
0.01240988114684764713547915451
0.01240622219439278995229261250
0.01240361729993257369367779845
0.01240048255817359540325042083
0.01239712509162769082980570113
0.01239376678986146784183147638
0.01239005206592443485874735136
0.01238670692303614343498984722
0.01238345546520221567688972994
0.01238003923707365056091741563
0.01237650163588622217260664309
