0.00004423133354112679030947224309
0.00004423133354112679030947224309
0.00004423133354112679030947224309
0.00004018029103746409939585125506
0.00004018029103746409939585125506
0.00004018029103746409939585125506
0.00004161327772359233587848454222
0.00004161327772359233587848454222
0.00004161327772359233587848454222
0.00004175370925048128693945439044
0.00004175370925048128693945439044
0.00004175370925048128693945439044
0.00004019466857470625618265098001
0.00004019466857470625618265098001
0.00004019466857470625618265098001
0.00004020749214614945850775325136
0.00004020749214614945850775325136
0.00004020749214614945850775325136
0.00003955792212306982751933619766
0.00003955792212306982751933619766
0.00003955792212306982751933619766
0.00003902993360609725311237296723
0.00003902993360609725311237296723
0.00003902993360609725311237296723
0.00003987359501313617553436420241
0.00003987359501313617553436420241
0.00003987359501313617553436420241
0.00003987359501313617553436420241
0.00004100638858310349853822121648
0.00004100638858310349853822121648
0.00004100638858310349853822121648
0.00004232795820037632799399873865
0.00004232795820037632799399873865
0.00004232795820037632799399873865
0.00004167568961621061117121683844
0.00004167568961621061117121683844
0.00004167568961621061117121683844
0.00004303572206598176865907501132
0.00004303572206598176865907501132
0.00004303572206598176865907501132
0.00004377287366420546069106365554
0.00004377287366420546069106365554
0.00004377287366420546069106365554
0.00004379717580715196015003041504
0.00004379717580715196015003041504
0.00004379717580715196015003041504
0.00004353288529931724751275686262
0.00004353288529931724751275686262
0.00004353288529931724751275686262
0.00004484423715605542714827181071
0.00004484423715605542714827181071
0.00004484423715605542714827181071
0.00004484423715605542714827181071
0.00004513291616101799658367430254
0.00004513291616101799658367430254
0.00004513291616101799658367430254
0.00004558657214252161170806161974
0.00004558657214252161170806161974
0.00004558657214252161170806161974
0.00004541543282614301218443957571
0.00004541543282614301218443957571
0.00004541543282614301218443957571
0.00004570726006669590836723495252
0.00004570726006669590836723495252
0.00004570726006669590836723495252
0.00004541263800596712911240008709
0.00004541263800596712911240008709
0.00004541263800596712911240008709
0.00004512592858681176795828720511
0.00004512592858681176795828720511
0.00004512592858681176795828720511
0.00004470772376655920167507121796
0.00004470772376655920167507121796
0.00004470772376655920167507121796
0.00004445501176112433593091711370
0.00004445501176112433593091711370
0.00004445501176112433593091711370
0.00004445501176112433593091711370
0.00004477781933704519477695698340
0.00004477781933704519477695698340
0.00004477781933704519477695698340
0.00004448660352760195542938090995
0.00004448660352760195542938090995
0.00004448660352760195542938090995
0.00004493691604024763873449163738
0.00004493691604024763873449163738
0.00004493691604024763873449163738
0.00004463026849392315718767560150
0.00004463026849392315718767560150
0.00004463026849392315718767560150
0.00004453712362837843699043845407
0.00004453712362837843699043845407
0.00004453712362837843699043845407
0.00004492436154192777878120597828
0.00004492436154192777878120597828
0.00004492436154192777878120597828
0.00004437760660285873092361376584
0.00004437760660285873092361376584
0.00004437760660285873092361376584
0.00004401329053360034448056455632
0.00004401329053360034448056455632
0.00004401329053360034448056455632
0.00004387365606262356273228709627
0.00004387365606262356273228709627
0.00004387365606262356273228709627
0.00004387365606262356273228709627
0.00004383713778016756700937336970
0.00004383713778016756700937336970
0.00004383713778016756700937336970
0.00004394553897154131766422678693
0.00004394553897154131766422678693
0.00004394553897154131766422678693
0.00004389960277329365718272567930
0.00004389960277329365718272567930
0.00004389960277329365718272567930
0.00004392061521307406051127680065
0.00004392061521307406051127680065
0.00004392061521307406051127680065
0.00004371546338669947256129362175
0.00004371546338669947256129362175
0.00004371546338669947256129362175
0.00004388415868675587136496518904
0.00004388415868675587136496518904
0.00004388415868675587136496518904
0.00004398786091373234135072099665
0.00004398786091373234135072099665
0.00004398786091373234135072099665
0.00004381918417248701967375683092
0.00004381918417248701967375683092
0.00004381918417248701967375683092
0.00004381918417248701967375683092
0.00004401201228384432836849756568
0.00004401201228384432836849756568
0.00004401201228384432836849756568
0.00004412273636984229414836022532
0.00004412273636984229414836022532
0.00004412273636984229414836022532
0.00004428245421023768967186086036
0.00004428245421023768967186086036
0.00004428245421023768967186086036
0.00004393338364199804268922639770
0.00004393338364199804268922639770
0.00004393338364199804268922639770
0.00004393458642210015185495719289
0.00004393458642210015185495719289
0.00004393458642210015185495719289
0.00004361122500964666991064092624
0.00004361122500964666991064092624
0.00004361122500964666991064092624
0.00004373725140990374978278090747
0.00004373725140990374978278090747
0.00004373725140990374978278090747
0.00004382105780072050766908109078
0.00004382105780072050766908109078
0.00004382105780072050766908109078
0.00004382105780072050766908109078
0.00004390189000283974064983241088
0.00004390189000283974064983241088
0.00004390189000283974064983241088
0.00004375354136836508465828726915
0.00004375354136836508465828726915
0.00004375354136836508465828726915
0.00004375772948464498169362160321
0.00004375772948464498169362160321
0.00004375772948464498169362160321
0.00004367875212275235725141027298
0.00004367875212275235725141027298
0.00004367875212275235725141027298
0.00004350299338533794187424151983
0.00004350299338533794187424151983
0.00004350299338533794187424151983
0.00004342947428985576179609378511
0.00004342947428985576179609378511
0.00004342947428985576179609378511
0.00004325129675975938997137925455
0.00004325129675975938997137925455
0.00004325129675975938997137925455
0.00004336494251286613442784788701
0.00004336494251286613442784788701
0.00004336494251286613442784788701
0.00004345304527466176017297065015
0.00004345304527466176017297065015
0.00004345304527466176017297065015
0.00004345304527466176017297065015
0.00004375958047377380793302068690
0.00004375958047377380793302068690
0.00004375958047377380793302068690
0.00004370708713333730529699960767
0.00004370708713333730529699960767
0.00004370708713333730529699960767
0.00004377112646479200567046920803
0.00004377112646479200567046920803
0.00004377112646479200567046920803
0.00004352039737508042392326869179
0.00004352039737508042392326869179
0.00004352039737508042392326869179
0.00004365914087773232804762403444
0.00004365914087773232804762403444
0.00004365914087773232804762403444
0.00004365914087773232804762403444
0.00004370125000950880872359524853
0.00004370125000950880872359524853
0.00004370125000950880872359524853
0.00004381750332586586083778884802
0.00004381750332586586083778884802
0.00004381750332586586083778884802
0.00004405678256787091363693270854
0.00004405678256787091363693270854
0.00004405678256787091363693270854
0.00004409579229234789771485339001
0.00004409579229234789771485339001
0.00004409579229234789771485339001
0.00004410199590542048758069235142
0.00004410199590542048758069235142
0.00004410199590542048758069235142
0.00004431946521733367534991637460
0.00004431946521733367534991637460
0.00004431946521733367534991637460
0.00004417291765761675511938661338
0.00004417291765761675511938661338
0.00004417291765761675511938661338
0.00004412103013009475377059708034
0.00004412103013009475377059708034
0.00004412103013009475377059708034
0.00004412103013009475377059708034
0.00004426191511948481929358761635
0.00004426191511948481929358761635
0.00004426191511948481929358761635
0.00004411705153534137562620204162
0.00004411705153534137562620204162
0.00004411705153534137562620204162
0.00004393285202397343804285038615
0.00004393285202397343804285038615
0.00004393285202397343804285038615
0.00004391602242380821222419280704
0.00004391602242380821222419280704
0.00004391602242380821222419280704
0.00004372149695864371609412396433
0.00004372149695864371609412396433
0.00004372149695864371609412396433
0.00004382197194814242808884370999
0.00004382197194814242808884370999
0.00004382197194814242808884370999
0.00004372366943974402204541356928
0.00004372366943974402204541356928
0.00004372366943974402204541356928
0.00004360266114007327806351275968
0.00004360266114007327806351275968
0.00004360266114007327806351275968
0.00004360266114007327806351275968
0.00004370913863583977664334051423
0.00004370913863583977664334051423
0.00004370913863583977664334051423
0.00004373204068752266604722151652
0.00004373204068752266604722151652
0.00004373204068752266604722151652
0.00004374621303697572386662235803
0.00004374621303697572386662235803
0.00004374621303697572386662235803
0.00004382390496187947083226166089
0.00004382390496187947083226166089
0.00004382390496187947083226166089
0.00004388637061021298508308870724
0.00004388637061021298508308870724
0.00004388637061021298508308870724
0.00004385330861729728850872692289
0.00004385330861729728850872692289
0.00004385330861729728850872692289
0.00004382688600330769767553559080
0.00004382688600330769767553559080
0.00004382688600330769767553559080
0.00004366589713513328316106644807
0.00004366589713513328316106644807
0.00004366589713513328316106644807
0.00004367848319903465749746735231
0.00004367848319903465749746735231
0.00004367848319903465749746735231
0.00004367848319903465749746735231
0.00004375065716528797404197325211
0.00004375065716528797404197325211
0.00004375065716528797404197325211
0.00004372969578312679933301327764
0.00004372969578312679933301327764
0.00004372969578312679933301327764
0.00004370698561803687421488466249
0.00004370698561803687421488466249
0.00004370698561803687421488466249
0.00004367870506588196856704414209
0.00004367870506588196856704414209
0.00004367870506588196856704414209
0.00004371719824108561391508964129
0.00004371719824108561391508964129
0.00004371719824108561391508964129
0.00004371027428260806208909965894
0.00004371027428260806208909965894
0.00004371027428260806208909965894
0.00004378489082187946447057180300
0.00004378489082187946447057180300
0.00004378489082187946447057180300
0.00004378757903074826370314920843
0.00004378757903074826370314920843
0.00004378757903074826370314920843
0.00004378757903074826370314920843
0.00004368511099205065560186158623
0.00004368511099205065560186158623
0.00004368511099205065560186158623
0.00004367121535960393486890142519
0.00004367121535960393486890142519
0.00004367121535960393486890142519
0.00004366460372350073006114731741
0.00004366460372350073006114731741
0.00004366460372350073006114731741
0.00004381118257727264387189346114
0.00004381118257727264387189346114
0.00004381118257727264387189346114
0.00004392354130399868619209688026
0.00004392354130399868619209688026
0.00004392354130399868619209688026
0.00004380528542767368182620163031
0.00004380528542767368182620163031
0.00004380528542767368182620163031
0.00004379831945260817985720121791
0.00004379831945260817985720121791
0.00004379831945260817985720121791
0.00004378115878876885452231099340
0.00004378115878876885452231099340
0.00004378115878876885452231099340
0.00004378115878876885452231099340
0.00004378342134175264044618937404
0.00004378342134175264044618937404
0.00004378342134175264044618937404
0.00004374355755843924167726153959
0.00004374355755843924167726153959
0.00004374355755843924167726153959
0.00004387478622914337683940790692
0.00004387478622914337683940790692
0.00004387478622914337683940790692
0.00004387795901822094397524874118
0.00004387795901822094397524874118
0.00004387795901822094397524874118
0.00004380757820481226305593998467
0.00004380757820481226305593998467
0.00004380757820481226305593998467
0.00004388942890775007707953709273
0.00004388942890775007707953709273
0.00004388942890775007707953709273
0.00004392752804246425799590224065
0.00004392752804246425799590224065
0.00004392752804246425799590224065
0.00004391091035610564834906193073
0.00004391091035610564834906193073
0.00004391091035610564834906193073
0.00004384183657227617059343168322
0.00004384183657227617059343168322
0.00004384183657227617059343168322
0.00004384183657227617059343168322
0.00004372073238775645500276776330
0.00004372073238775645500276776330
0.00004372073238775645500276776330
0.00004391319524497797502072272358
0.00004391319524497797502072272358
0.00004391319524497797502072272358
0.00004383678599451747240357161839
0.00004383678599451747240357161839
0.00004383678599451747240357161839
0.00004369661525245138880277580232
0.00004369661525245138880277580232
0.00004369661525245138880277580232
0.00004387758202909487235875788795
0.00004387758202909487235875788795
0.00004387758202909487235875788795
0.00004393329036002958252224292896
0.00004393329036002958252224292896
0.00004393329036002958252224292896
0.00004379244330107410916582311450
0.00004379244330107410916582311450
0.00004379244330107410916582311450
0.00004388224387735783382019149881
0.00004388224387735783382019149881
0.00004388224387735783382019149881
0.00004388224387735783382019149881
0.00004386832326753090001192892505
0.00004386832326753090001192892505
0.00004386832326753090001192892505
0.00004387505686341269735600934807
0.00004387505686341269735600934807
0.00004387505686341269735600934807
0.00004386460363264903525786171251
0.00004386460363264903525786171251
0.00004386460363264903525786171251
0.00004387462378576792242851242390
0.00004387462378576792242851242390
0.00004387462378576792242851242390
0.00004386525649994593961893743957
0.00004386525649994593961893743957
0.00004386525649994593961893743957
0.00004387305651416590707014500535
0.00004387305651416590707014500535
0.00004387305651416590707014500535
0.00004398683655440735413950156469
0.00004398683655440735413950156469
0.00004398683655440735413950156469
0.00004393358033775391350976666944
0.00004393358033775391350976666944
0.00004393358033775391350976666944
0.00004393358033775391350976666944
0.00004388119693414756444914435293
0.00004388119693414756444914435293
0.00004388119693414756444914435293
0.00004386940222543310702164693423
0.00004386940222543310702164693423
0.00004386940222543310702164693423
0.00004384641305669669505379509693
0.00004384641305669669505379509693
0.00004384641305669669505379509693
0.00004384514942817619780142388315
0.00004384514942817619780142388315
0.00004384514942817619780142388315
0.00004378255071677273583862109388
0.00004378255071677273583862109388
0.00004378255071677273583862109388
0.00004374822916719110336659581298
0.00004374822916719110336659581298
0.00004374822916719110336659581298
0.00004374199001694462558041993992
0.00004374199001694462558041993992
0.00004374199001694462558041993992
0.00004371826343856293402691000705
0.00004371826343856293402691000705
0.00004371826343856293402691000705
0.00004363690453221457142406306068
0.00004363690453221457142406306068
0.00004363690453221457142406306068
0.00004363690453221457142406306068
0.00004369233652701793578953535601
0.00004369233652701793578953535601
0.00004369233652701793578953535601
0.00004374847034374598376181546814
0.00004374847034374598376181546814
0.00004374847034374598376181546814
0.00004388462578832110635682518695
0.00004388462578832110635682518695
0.00004388462578832110635682518695
0.00004384177284356638786097694252
0.00004384177284356638786097694252
0.00004384177284356638786097694252
0.00004379490962291331576890257330
0.00004379490962291331576890257330
0.00004379490962291331576890257330
0.00004379858929231990752216207980
0.00004379858929231990752216207980
0.00004379858929231990752216207980
0.00004383586526959552817611564326
0.00004383586526959552817611564326
0.00004383586526959552817611564326
0.00004382232866866580730150401301
0.00004382232866866580730150401301
0.00004382232866866580730150401301
0.00004382232866866580730150401301
0.00004384389268811715586245789657
0.00004384389268811715586245789657
0.00004384389268811715586245789657
0.00004384685053062995496545261087
0.00004384685053062995496545261087
0.00004384685053062995496545261087
0.00004381512269926428601359673768
0.00004381512269926428601359673768
0.00004381512269926428601359673768
0.00004379818847372021118750351538
0.00004379818847372021118750351538
0.00004379818847372021118750351538
0.00004373405275264706527116820150
0.00004373405275264706527116820150
0.00004373405275264706527116820150
0.00004373405275264706527116820150
0.00004375091287374548057903468958
0.00004375091287374548057903468958
0.00004375091287374548057903468958
0.00004372190964296103120830013705
0.00004372190964296103120830013705
0.00004372190964296103120830013705
0.00004366317225636373311766710677
0.00004366317225636373311766710677
0.00004366317225636373311766710677
0.00004366735431499505021557132971
0.00004366735431499505021557132971
0.00004366735431499505021557132971
0.00004365480684541563467352755988
0.00004365480684541563467352755988
0.00004365480684541563467352755988
0.00004360188260717427716393491003
0.00004360188260717427716393491003
0.00004360188260717427716393491003
0.00004366474299417819783707683667
0.00004366474299417819783707683667
0.00004366474299417819783707683667
0.00004380362588230611404616345091
0.00004380362588230611404616345091
0.00004380362588230611404616345091
0.00004380362588230611404616345091
