0.00003988256288304968963261664037
0.00003988256288304968963261664037
0.00003988256288304968963261664037
0.00003415217340826898475919395676
0.00003415217340826898475919395676
0.00003415217340826898475919395676
0.00003911450938900634767970569906
0.00003911450938900634767970569906
0.00003911450938900634767970569906
0.00004140759922171174031294805411
0.00004140759922171174031294805411
0.00004140759922171174031294805411
0.00004026925871452448837210158416
0.00004026925871452448837210158416
0.00004026925871452448837210158416
0.00004141577524417480971209463567
0.00004141577524417480971209463567
0.00004141577524417480971209463567
0.00004338956658310305528395776718
0.00004338956658310305528395776718
0.00004338956658310305528395776718
0.00004330431894613814851144431922
0.00004330431894613814851144431922
0.00004330431894613814851144431922
0.00004429420546505688041624062013
0.00004429420546505688041624062013
0.00004429420546505688041624062013
0.00004429420546505688041624062013
0.00004417211516355836435924835514
0.00004417211516355836435924835514
0.00004417211516355836435924835514
0.00004539401769845540337038849121
0.00004539401769845540337038849121
0.00004539401769845540337038849121
0.00004729146367866344645084509422
0.00004729146367866344645084509422
0.00004729146367866344645084509422
0.00004676354778892108794845796173
0.00004676354778892108794845796173
0.00004676354778892108794845796173
0.00004722520350532767804812742180
0.00004722520350532767804812742180
0.00004722520350532767804812742180
0.00004707083388584816569755012881
0.00004707083388584816569755012881
0.00004707083388584816569755012881
0.00004696684985101839192401233898
0.00004696684985101839192401233898
0.00004696684985101839192401233898
0.00004594476602100057557173737633
0.00004594476602100057557173737633
0.00004594476602100057557173737633
0.00004594476602100057557173737633
0.00004551158537127790761008412884
0.00004551158537127790761008412884
0.00004551158537127790761008412884
0.00004542707112591216378777958556
0.00004542707112591216378777958556
0.00004542707112591216378777958556
0.00004545098393713071411916908057
0.00004545098393713071411916908057
0.00004545098393713071411916908057
0.00004605387824045571158807626910
0.00004605387824045571158807626910
0.00004605387824045571158807626910
0.00004602783319602296539483337216
0.00004602783319602296539483337216
0.00004602783319602296539483337216
0.00004581097764344692958545865851
0.00004581097764344692958545865851
0.00004581097764344692958545865851
0.00004517981972495416792066376521
0.00004517981972495416792066376521
0.00004517981972495416792066376521
0.00004547470943189772120898459041
0.00004547470943189772120898459041
0.00004547470943189772120898459041
0.00004547470943189772120898459041
0.00004529277316164630892427195855
0.00004529277316164630892427195855
0.00004529277316164630892427195855
0.00004475782477976001506523214803
0.00004475782477976001506523214803
0.00004475782477976001506523214803
0.00004419175063680398792015201238
0.00004419175063680398792015201238
0.00004419175063680398792015201238
0.00004408729930422105131852566981
0.00004408729930422105131852566981
0.00004408729930422105131852566981
0.00004439689813806171800524677439
0.00004439689813806171800524677439
0.00004439689813806171800524677439
0.00004431284937314767088953138558
0.00004431284937314767088953138558
0.00004431284937314767088953138558
0.00004436639377235852068995111484
0.00004436639377235852068995111484
0.00004436639377235852068995111484
0.00004449234050284899767633648488
0.00004449234050284899767633648488
0.00004449234050284899767633648488
0.00004425264008889294786903891041
0.00004425264008889294786903891041
0.00004425264008889294786903891041
0.00004425264008889294786903891041
0.00004463200015738814654542859002
0.00004463200015738814654542859002
0.00004463200015738814654542859002
0.00004441888265571074095512536414
0.00004441888265571074095512536414
0.00004441888265571074095512536414
0.00004405672721911150111696322322
0.00004405672721911150111696322322
0.00004405672721911150111696322322
0.00004415047048596305882761350606
0.00004415047048596305882761350606
0.00004415047048596305882761350606
0.00004438504720422206294606198400
0.00004438504720422206294606198400
0.00004438504720422206294606198400
0.00004465317414521976857720394100
0.00004465317414521976857720394100
0.00004465317414521976857720394100
0.00004457728109160369950752386165
0.00004457728109160369950752386165
0.00004457728109160369950752386165
0.00004451318706512305239388036674
0.00004451318706512305239388036674
0.00004451318706512305239388036674
0.00004451318706512305239388036674
0.00004440642639809027471388397904
0.00004440642639809027471388397904
0.00004440642639809027471388397904
0.00004458966081260251387797468934
0.00004458966081260251387797468934
0.00004458966081260251387797468934
0.00004440697279844545028292373289
0.00004440697279844545028292373289
0.00004440697279844545028292373289
0.00004425963650273619022925567969
0.00004425963650273619022925567969
0.00004425963650273619022925567969
0.00004427422749938222649422870117
0.00004427422749938222649422870117
0.00004427422749938222649422870117
0.00004420129403500269871294709755
0.00004420129403500269871294709755
0.00004420129403500269871294709755
0.00004419899657671015012902257443
0.00004419899657671015012902257443
0.00004419899657671015012902257443
0.00004442993915429361424275413977
0.00004442993915429361424275413977
0.00004442993915429361424275413977
0.00004442993915429361424275413977
0.00004441997737450806561028120987
0.00004441997737450806561028120987
0.00004441997737450806561028120987
0.00004455151423088814019135200829
0.00004455151423088814019135200829
0.00004455151423088814019135200829
0.00004430769950759461996680479610
0.00004430769950759461996680479610
0.00004430769950759461996680479610
0.00004419936583919707942932762696
0.00004419936583919707942932762696
0.00004419936583919707942932762696
0.00004418839523602313922223617840
0.00004418839523602313922223617840
0.00004418839523602313922223617840
0.00004418679783190309272693252164
0.00004418679783190309272693252164
0.00004418679783190309272693252164
0.00004447355496191754489808598364
0.00004447355496191754489808598364
0.00004447355496191754489808598364
0.00004429667397511445112748051729
0.00004429667397511445112748051729
0.00004429667397511445112748051729
0.00004411212361449384236777662298
0.00004411212361449384236777662298
0.00004411212361449384236777662298
0.00004411212361449384236777662298
0.00004397525304705734322155637253
0.00004397525304705734322155637253
0.00004397525304705734322155637253
0.00004408586714468137940105202781
0.00004408586714468137940105202781
0.00004408586714468137940105202781
0.00004425785138846280123426730258
0.00004425785138846280123426730258
0.00004425785138846280123426730258
0.00004416367154773897413911512282
0.00004416367154773897413911512282
0.00004416367154773897413911512282
0.00004420948987080984890755881297
0.00004420948987080984890755881297
0.00004420948987080984890755881297
0.00004401732858900661748932693423
0.00004401732858900661748932693423
0.00004401732858900661748932693423
0.00004392438923685526173246320069
0.00004392438923685526173246320069
0.00004392438923685526173246320069
0.00004398470298338945156206248058
0.00004398470298338945156206248058
0.00004398470298338945156206248058
0.00004398470298338945156206248058
0.00004387264778938819825390514777
0.00004387264778938819825390514777
0.00004387264778938819825390514777
0.00004392831321364882399121718352
0.00004392831321364882399121718352
0.00004392831321364882399121718352
0.00004419322299567348435574979191
0.00004419322299567348435574979191
0.00004419322299567348435574979191
0.00004436591987352519005847072739
0.00004436591987352519005847072739
0.00004436591987352519005847072739
0.00004423837079240763803649167475
0.00004423837079240763803649167475
0.00004423837079240763803649167475
0.00004423837079240763803649167475
0.00004409962937397751570324426709
0.00004409962937397751570324426709
0.00004409962937397751570324426709
0.00004407332455507931448096033764
0.00004407332455507931448096033764
0.00004407332455507931448096033764
0.00004410494771057634397716957838
0.00004410494771057634397716957838
0.00004410494771057634397716957838
0.00004413093447605774201747715450
0.00004413093447605774201747715450
0.00004413093447605774201747715450
0.00004411165102369722213191987188
0.00004411165102369722213191987188
0.00004411165102369722213191987188
0.00004435959455258449004868281689
0.00004435959455258449004868281689
0.00004435959455258449004868281689
0.00004416216447721012238179695379
0.00004416216447721012238179695379
0.00004416216447721012238179695379
0.00004403127506806203202742028290
0.00004403127506806203202742028290
0.00004403127506806203202742028290
0.00004403127506806203202742028290
0.00004402384771451198670565960713
0.00004402384771451198670565960713
0.00004402384771451198670565960713
0.00004397483322280105764451889885
0.00004397483322280105764451889885
0.00004397483322280105764451889885
0.00004403703713246478131172920363
0.00004403703713246478131172920363
0.00004403703713246478131172920363
0.00004416287680710184380738547002
0.00004416287680710184380738547002
0.00004416287680710184380738547002
0.00004401171495516546374542399780
0.00004401171495516546374542399780
0.00004401171495516546374542399780
0.00004394484447612140663823333189
0.00004394484447612140663823333189
0.00004394484447612140663823333189
0.00004393835904573112612028288506
0.00004393835904573112612028288506
0.00004393835904573112612028288506
0.00004407701171163307489231801251
0.00004407701171163307489231801251
0.00004407701171163307489231801251
0.00004410432523448636087076067075
0.00004410432523448636087076067075
0.00004410432523448636087076067075
0.00004410432523448636087076067075
0.00004400818814603762292638382246
0.00004400818814603762292638382246
0.00004400818814603762292638382246
0.00004402032366380648260023044060
0.00004402032366380648260023044060
0.00004402032366380648260023044060
0.00004408764474051022057241781813
0.00004408764474051022057241781813
0.00004408764474051022057241781813
0.00004413876128164426375481082967
0.00004413876128164426375481082967
0.00004413876128164426375481082967
0.00004407130732061113518660261634
0.00004407130732061113518660261634
0.00004407130732061113518660261634
0.00004426119485049247256820427108
0.00004426119485049247256820427108
0.00004426119485049247256820427108
0.00004433751021082580076507530906
0.00004433751021082580076507530906
0.00004433751021082580076507530906
0.00004435382049485707515144995508
0.00004435382049485707515144995508
0.00004435382049485707515144995508
0.00004435382049485707515144995508
0.00004429258709618762876102799671
0.00004429258709618762876102799671
0.00004429258709618762876102799671
0.00004424804952683284743226076716
0.00004424804952683284743226076716
0.00004424804952683284743226076716
0.00004419343045201926569134720050
0.00004419343045201926569134720050
0.00004419343045201926569134720050
0.00004409551736752231138752306545
0.00004409551736752231138752306545
0.00004409551736752231138752306545
0.00004419378989779318221731637077
0.00004419378989779318221731637077
0.00004419378989779318221731637077
0.00004411353847326011107319352376
0.00004411353847326011107319352376
0.00004411353847326011107319352376
0.00004396908960441504450124832796
0.00004396908960441504450124832796
0.00004396908960441504450124832796
0.00004398152007132381527479244530
0.00004398152007132381527479244530
0.00004398152007132381527479244530
0.00004398152007132381527479244530
0.00004390889885178128716886991328
0.00004390889885178128716886991328
0.00004390889885178128716886991328
0.00004382517134622683258459887789
0.00004382517134622683258459887789
0.00004382517134622683258459887789
0.00004380555774279061918388694616
0.00004380555774279061918388694616
0.00004380555774279061918388694616
0.00004400155411263526037415813063
0.00004400155411263526037415813063
0.00004400155411263526037415813063
0.00004405366091311878870606044281
0.00004405366091311878870606044281
0.00004405366091311878870606044281
0.00004401367620580716857075954213
0.00004401367620580716857075954213
0.00004401367620580716857075954213
0.00004390922189842078005991787352
0.00004390922189842078005991787352
0.00004390922189842078005991787352
0.00004402530476711806841708648024
0.00004402530476711806841708648024
0.00004402530476711806841708648024
0.00004402885854398244780561783490
0.00004402885854398244780561783490
0.00004402885854398244780561783490
0.00004402885854398244780561783490
0.00004414307149845734125640890363
0.00004414307149845734125640890363
0.00004414307149845734125640890363
0.00004413733874856238000030541644
0.00004413733874856238000030541644
0.00004413733874856238000030541644
0.00004411435908466586193356266506
0.00004411435908466586193356266506
0.00004411435908466586193356266506
0.00004407994747258656938023708909
0.00004407994747258656938023708909
0.00004407994747258656938023708909
0.00004420108327093283615958807916
0.00004420108327093283615958807916
0.00004420108327093283615958807916
0.00004420437683242878865253950920
0.00004420437683242878865253950920
0.00004420437683242878865253950920
0.00004413259615683318311192771150
0.00004413259615683318311192771150
0.00004413259615683318311192771150
0.00004413710947037491890317171936
0.00004413710947037491890317171936
0.00004413710947037491890317171936
0.00004413710947037491890317171936
0.00004409831347385012033031766803
0.00004409831347385012033031766803
0.00004409831347385012033031766803
0.00004412811339579562828800110896
0.00004412811339579562828800110896
0.00004412811339579562828800110896
0.00004406366282016607993703915364
0.00004406366282016607993703915364
0.00004406366282016607993703915364
0.00004398621736992164178432935315
0.00004398621736992164178432935315
0.00004398621736992164178432935315
0.00004395575539978337910353036018
0.00004395575539978337910353036018
0.00004395575539978337910353036018
0.00004402079017533526659942280711
0.00004402079017533526659942280711
0.00004402079017533526659942280711
0.00004401488874597337456284932608
0.00004401488874597337456284932608
0.00004401488874597337456284932608
0.00004399163107258555652310195510
0.00004399163107258555652310195510
0.00004399163107258555652310195510
0.00004399163107258555652310195510
0.00004407504964207041859683078499
0.00004407504964207041859683078499
0.00004407504964207041859683078499
0.00004409691101166486361542238331
0.00004409691101166486361542238331
0.00004409691101166486361542238331
0.00004408141367656090653823984707
0.00004408141367656090653823984707
0.00004408141367656090653823984707
0.00004422762764814456413710614064
0.00004422762764814456413710614064
0.00004422762764814456413710614064
0.00004416631087187863563009623276
0.00004416631087187863563009623276
0.00004416631087187863563009623276
0.00004407348503796004569872483377
0.00004407348503796004569872483377
0.00004407348503796004569872483377
0.00004398938022778295611861281644
0.00004398938022778295611861281644
0.00004398938022778295611861281644
0.00004393473998228129907893968676
0.00004393473998228129907893968676
0.00004393473998228129907893968676
0.00004396474565095199298836945594
0.00004396474565095199298836945594
0.00004396474565095199298836945594
0.00004396474565095199298836945594
0.00004403428910079549691168997683
0.00004403428910079549691168997683
0.00004403428910079549691168997683
0.00004405092284478711639420760741
0.00004405092284478711639420760741
0.00004405092284478711639420760741
0.00004395142326497997535285001079
0.00004395142326497997535285001079
0.00004395142326497997535285001079
0.00004399596135936956309128623451
0.00004399596135936956309128623451
0.00004399596135936956309128623451
0.00004399500706171834930476022234
0.00004399500706171834930476022234
0.00004399500706171834930476022234
0.00004399500706171834930476022234
0.00004393718204492126420433162102
0.00004393718204492126420433162102
0.00004393718204492126420433162102
0.00004393404726486890510566323591
0.00004393404726486890510566323591
0.00004393404726486890510566323591
0.00004413185279842704084681761340
0.00004413185279842704084681761340
0.00004413185279842704084681761340
0.00004406254084495467725900473550
0.00004406254084495467725900473550
0.00004406254084495467725900473550
0.00004417766001167695840470215463
0.00004417766001167695840470215463
0.00004417766001167695840470215463
0.00004417308812143361776433963479
0.00004417308812143361776433963479
0.00004417308812143361776433963479
0.00004414308214024519186459070975
0.00004414308214024519186459070975
0.00004414308214024519186459070975
0.00004418447195096310142837971861
0.00004418447195096310142837971861
0.00004418447195096310142837971861
0.00004418447195096310142837971861
0.00004425674995148281235459190641
0.00004425674995148281235459190641
0.00004425674995148281235459190641
0.00004424792378565316278257063324
0.00004424792378565316278257063324
0.00004424792378565316278257063324
0.00004430804164796989192362569381
0.00004430804164796989192362569381
0.00004430804164796989192362569381
0.00004428815272487731874240420904
0.00004428815272487731874240420904
0.00004428815272487731874240420904
0.00004426950332795314760949847052
0.00004426950332795314760949847052
0.00004426950332795314760949847052
0.00004431133419418159205821314774
0.00004431133419418159205821314774
0.00004431133419418159205821314774
0.00004428279758844530441567968880
0.00004428279758844530441567968880
0.00004428279758844530441567968880
0.00004427129799574462235170202306
0.00004427129799574462235170202306
0.00004427129799574462235170202306
0.00004427129799574462235170202306
