0.00003620458384961010222747528243
0.00003620458384961010222747528243
0.00003620458384961010222747528243
0.00004194184643458192022264220258
0.00004194184643458192022264220258
0.00004194184643458192022264220258
0.00004358412562449199020416675785
0.00004358412562449199020416675785
0.00004358412562449199020416675785
0.00004639263510331283068850130119
0.00004639263510331283068850130119
0.00004639263510331283068850130119
0.00004795229888097374864556906900
0.00004795229888097374864556906900
0.00004795229888097374864556906900
0.00004946084231332648349281130216
0.00004946084231332648349281130216
0.00004946084231332648349281130216
0.00004884236802153333886775755261
0.00004884236802153333886775755261
0.00004884236802153333886775755261
0.00004805024773451393273880281496
0.00004805024773451393273880281496
0.00004805024773451393273880281496
0.00004675680904158378955190956343
0.00004675680904158378955190956343
0.00004675680904158378955190956343
0.00004675680904158378955190956343
0.00004555742200047431949394442843
0.00004555742200047431949394442843
0.00004555742200047431949394442843
0.00004663832980235777521142708794
0.00004663832980235777521142708794
0.00004663832980235777521142708794
0.00004711039268386890803498679760
0.00004711039268386890803498679760
0.00004711039268386890803498679760
0.00004716376750273800294169064839
0.00004716376750273800294169064839
0.00004716376750273800294169064839
0.00004780769326664930019478766974
0.00004780769326664930019478766974
0.00004780769326664930019478766974
0.00004751973886411260795702828670
0.00004751973886411260795702828670
0.00004751973886411260795702828670
0.00004720226170135695894248442430
0.00004720226170135695894248442430
0.00004720226170135695894248442430
0.00004722181762154262007508918294
0.00004722181762154262007508918294
0.00004722181762154262007508918294
0.00004722181762154262007508918294
0.00004652457879727835736881292527
0.00004652457879727835736881292527
0.00004652457879727835736881292527
0.00004687235033176064375163963036
0.00004687235033176064375163963036
0.00004687235033176064375163963036
0.00004699308715050539344606339589
0.00004699308715050539344606339589
0.00004699308715050539344606339589
0.00004717024173121229706185446334
0.00004717024173121229706185446334
0.00004717024173121229706185446334
0.00004695085435057051350110874867
0.00004695085435057051350110874867
0.00004695085435057051350110874867
0.00004712928109387776039152789009
0.00004712928109387776039152789009
0.00004712928109387776039152789009
0.00004691277502989265073342508075
0.00004691277502989265073342508075
0.00004691277502989265073342508075
0.00004672873259630384746543028362
0.00004672873259630384746543028362
0.00004672873259630384746543028362
0.00004672873259630384746543028362
0.00004641856449445080329711290826
0.00004641856449445080329711290826
0.00004641856449445080329711290826
0.00004666249508472798241239380703
0.00004666249508472798241239380703
0.00004666249508472798241239380703
0.00004650867559157995063499030193
0.00004650867559157995063499030193
0.00004650867559157995063499030193
0.00004609338039719049105141548527
0.00004609338039719049105141548527
0.00004609338039719049105141548527
0.00004647215961481126961943072685
0.00004647215961481126961943072685
0.00004647215961481126961943072685
0.00004593667815580444326162633281
0.00004593667815580444326162633281
0.00004593667815580444326162633281
0.00004640493928172712317898131425
0.00004640493928172712317898131425
0.00004640493928172712317898131425
0.00004668724291436438372356401027
0.00004668724291436438372356401027
0.00004668724291436438372356401027
0.00004663149662753151446657735096
0.00004663149662753151446657735096
0.00004663149662753151446657735096
0.00004663149662753151446657735096
0.00004636486288299173022187785056
0.00004636486288299173022187785056
0.00004636486288299173022187785056
0.00004622555907462351874144260698
0.00004622555907462351874144260698
0.00004622555907462351874144260698
0.00004612541707059294880251678547
0.00004612541707059294880251678547
0.00004612541707059294880251678547
0.00004568518904390101447862883688
0.00004568518904390101447862883688
0.00004568518904390101447862883688
0.00004561177720779615687311014491
0.00004561177720779615687311014491
0.00004561177720779615687311014491
0.00004521748738653963656994375229
0.00004521748738653963656994375229
0.00004521748738653963656994375229
0.00004549962928024810121009109017
0.00004549962928024810121009109017
0.00004549962928024810121009109017
0.00004516188600615229563180302600
0.00004516188600615229563180302600
0.00004516188600615229563180302600
0.00004516188600615229563180302600
0.00004522606753401634892502061784
0.00004522606753401634892502061784
0.00004522606753401634892502061784
0.00004500610798027737164273346269
0.00004500610798027737164273346269
0.00004500610798027737164273346269
0.00004492702453498626709872209691
0.00004492702453498626709872209691
0.00004492702453498626709872209691
0.00004492544288161905162924260027
0.00004492544288161905162924260027
0.00004492544288161905162924260027
0.00004492167358572707438694301737
0.00004492167358572707438694301737
0.00004492167358572707438694301737
0.00004479476429697061350019247414
0.00004479476429697061350019247414
0.00004479476429697061350019247414
0.00004490128687650123152730419553
0.00004490128687650123152730419553
0.00004490128687650123152730419553
0.00004480019575334277153615734279
0.00004480019575334277153615734279
0.00004480019575334277153615734279
0.00004480019575334277153615734279
0.00004454245929994424499428533350
0.00004454245929994424499428533350
0.00004454245929994424499428533350
0.00004443248351308720405226065208
0.00004443248351308720405226065208
0.00004443248351308720405226065208
0.00004435921222883781087785135434
0.00004435921222883781087785135434
0.00004435921222883781087785135434
0.00004456693568928430805526189198
0.00004456693568928430805526189198
0.00004456693568928430805526189198
0.00004462537511475070281427975168
0.00004462537511475070281427975168
0.00004462537511475070281427975168
0.00004468110985224783972991806888
0.00004468110985224783972991806888
0.00004468110985224783972991806888
0.00004464449334631101614539619345
0.00004464449334631101614539619345
0.00004464449334631101614539619345
0.00004449054770868278487319370548
0.00004449054770868278487319370548
0.00004449054770868278487319370548
0.00004450509500857175786571359968
0.00004450509500857175786571359968
0.00004450509500857175786571359968
0.00004450509500857175786571359968
0.00004458775721925237736479081758
0.00004458775721925237736479081758
0.00004458775721925237736479081758
0.00004455746015211878718884157397
0.00004455746015211878718884157397
0.00004455746015211878718884157397
0.00004474186256274260337128603441
0.00004474186256274260337128603441
0.00004474186256274260337128603441
0.00004477836210893455764718971850
0.00004477836210893455764718971850
0.00004477836210893455764718971850
0.00004469895873633668132795484364
0.00004469895873633668132795484364
0.00004469895873633668132795484364
0.00004467105411357811162541525425
0.00004444343308120542051639398384
0.00004444343308120542051639398384
0.00004444343308120542051639398384
0.00004443835277350924233396112749
0.00004443835277350924233396112749
0.00004443835277350924233396112749
0.00004452844055421691308145388730
0.00004452844055421691308145388730
0.00004452844055421691308145388730
0.00004456164003018278261701297204
0.00004456164003018278261701297204
0.00004456164003018278261701297204
0.00004474305847887320514614503171
0.00004474305847887320514614503171
0.00004474305847887320514614503171
0.00004467930728667275226633204213
0.00004467930728667275226633204213
0.00004467930728667275226633204213
0.00004481304407297007345124569320
0.00004481304407297007345124569320
0.00004481304407297007345124569320
0.00004481781998215443412542617465
0.00004481781998215443412542617465
0.00004481781998215443412542617465
0.00004481781998215443412542617465
0.00004474746284483614955996253897
0.00004474746284483614955996253897
0.00004474746284483614955996253897
0.00004470968734301116335907148565
0.00004470968734301116335907148565
0.00004470968734301116335907148565
0.00004443680872688446691505848167
0.00004443680872688446691505848167
0.00004443680872688446691505848167
0.00004442748232524523057395034028
0.00004442748232524523057395034028
0.00004442748232524523057395034028
0.00004440071222293861776920113029
0.00004440071222293861776920113029
0.00004440071222293861776920113029
0.00004440149794154500388870928073
0.00004440149794154500388870928073
0.00004440149794154500388870928073
0.00004439856194467582812743258817
0.00004439856194467582812743258817
0.00004439856194467582812743258817
0.00004443636090671492517379112123
0.00004443636090671492517379112123
0.00004443636090671492517379112123
0.00004443636090671492517379112123
0.00004455791409138338823072380427
0.00004455791409138338823072380427
0.00004455791409138338823072380427
0.00004465487077689955842588457834
0.00004465487077689955842588457834
0.00004465487077689955842588457834
0.00004465116548958806993500894358
0.00004465116548958806993500894358
0.00004465116548958806993500894358
0.00004481144001695399793584830844
0.00004481144001695399793584830844
0.00004481144001695399793584830844
0.00004465694614537505066359862876
0.00004465694614537505066359862876
0.00004465694614537505066359862876
0.00004460829837472674195039591384
0.00004460829837472674195039591384
0.00004460829837472674195039591384
0.00004472395190883596652493069846
0.00004472395190883596652493069846
0.00004472395190883596652493069846
0.00004475244606306591951016365687
0.00004475244606306591951016365687
0.00004475244606306591951016365687
0.00004468328720122275184519102317
0.00004468328720122275184519102317
0.00004468328720122275184519102317
0.00004468328720122275184519102317
0.00004477954392012678641919055217
0.00004477954392012678641919055217
0.00004477954392012678641919055217
0.00004479847351278106121949294006
0.00004479847351278106121949294006
0.00004479847351278106121949294006
0.00004491941923763117177925856504
0.00004491941923763117177925856504
0.00004491941923763117177925856504
0.00004497070553897495599024729472
0.00004497070553897495599024729472
0.00004497070553897495599024729472
0.00004502774138121061790788189238
0.00004502774138121061790788189238
0.00004502774138121061790788189238
0.00004498815396796636419639891305
0.00004498815396796636419639891305
0.00004498815396796636419639891305
0.00004497624663469535663751980237
0.00004497624663469535663751980237
0.00004497624663469535663751980237
0.00004494467294099509633132928300
0.00004494467294099509633132928300
0.00004494467294099509633132928300
0.00004494467294099509633132928300
0.00004490689222925122745737489337
0.00004490689222925122745737489337
0.00004490689222925122745737489337
0.00004489347808559648737647457638
0.00004489347808559648737647457638
0.00004489347808559648737647457638
0.00004477156821764363672475545582
0.00004477156821764363672475545582
0.00004477156821764363672475545582
0.00004471784805004497764429296240
0.00004471784805004497764429296240
0.00004471784805004497764429296240
0.00004461230420351177788763682375
0.00004461230420351177788763682375
0.00004461230420351177788763682375
0.00004454880327932413368880471937
0.00004454880327932413368880471937
0.00004454880327932413368880471937
0.00004468926813232061692954865560
0.00004468926813232061692954865560
0.00004468926813232061692954865560
0.00004458430976761435103500850237
0.00004458430976761435103500850237
0.00004458430976761435103500850237
0.00004458430976761435103500850237
0.00004452804571886530510266253188
0.00004452804571886530510266253188
0.00004452804571886530510266253188
0.00004437896496023649966537265419
0.00004437896496023649966537265419
0.00004437896496023649966537265419
0.00004443818355728412636806289534
0.00004443818355728412636806289534
0.00004443818355728412636806289534
0.00004449593978777835485111114510
0.00004449593978777835485111114510
0.00004449593978777835485111114510
0.00004453822252226069440296190514
0.00004453822252226069440296190514
0.00004453822252226069440296190514
0.00004452327365927078486886466567
0.00004452327365927078486886466567
0.00004452327365927078486886466567
0.00004458790557967476102811234983
0.00004458790557967476102811234983
0.00004458790557967476102811234983
0.00004464463419290850674772829536
0.00004464463419290850674772829536
0.00004464463419290850674772829536
0.00004461637911392082833813255821
0.00004461637911392082833813255821
0.00004461637911392082833813255821
0.00004461637911392082833813255821
0.00004461325037693615010477261721
0.00004461325037693615010477261721
0.00004461325037693615010477261721
0.00004468432818920494722521643076
0.00004468432818920494722521643076
0.00004468432818920494722521643076
0.00004464383768793194242522367289
0.00004464383768793194242522367289
0.00004464383768793194242522367289
0.00004460918519093270385975030908
0.00004460918519093270385975030908
0.00004460918519093270385975030908
0.00004453603453987301577484817444
0.00004453603453987301577484817444
0.00004453603453987301577484817444
0.00004446876508699622823912041912
0.00004446876508699622823912041912
0.00004446876508699622823912041912
0.00004457299093593797807263064689
0.00004457299093593797807263064689
0.00004457299093593797807263064689
0.00004456617353735424799128215602
0.00004456617353735424799128215602
0.00004456617353735424799128215602
0.00004456617353735424799128215602
0.00004447450730041887259000280386
0.00004447450730041887259000280386
0.00004447450730041887259000280386
0.00004436651296592858298898806684
0.00004436651296592858298898806684
0.00004436651296592858298898806684
0.00004427562467746670513679346230
0.00004427562467746670513679346230
0.00004427562467746670513679346230
0.00004427853132868240161566824748
0.00004427853132868240161566824748
0.00004427853132868240161566824748
0.00004426948594881669947642886652
0.00004426948594881669947642886652
0.00004426948594881669947642886652
0.00004428194626256706514819878247
0.00004428194626256706514819878247
0.00004428194626256706514819878247
0.00004451769874702446295827781954
0.00004451769874702446295827781954
0.00004451769874702446295827781954
0.00004455240306251962445078451374
0.00004455240306251962445078451374
0.00004455240306251962445078451374
0.00004455240306251962445078451374
0.00004461373656423910678970129923
0.00004461373656423910678970129923
0.00004461373656423910678970129923
0.00004459705861159832505733677648
0.00004459705861159832505733677648
0.00004459705861159832505733677648
0.00004461021731418356574494134611
0.00004461021731418356574494134611
0.00004461021731418356574494134611
0.00004451597098134952480868084812
0.00004451597098134952480868084812
0.00004451597098134952480868084812
0.00004458626710610791781995488048
0.00004458626710610791781995488048
0.00004458626710610791781995488048
0.00004462724611658549002463142770
0.00004462724611658549002463142770
0.00004462724611658549002463142770
0.00004457250140412606583921559152
0.00004457250140412606583921559152
0.00004457250140412606583921559152
0.00004455260603658597822794151058
0.00004455260603658597822794151058
0.00004455260603658597822794151058
0.00004460175635628494841577872646
0.00004460175635628494841577872646
0.00004460175635628494841577872646
0.00004460175635628494841577872646
0.00004459861704215460532392845386
0.00004459861704215460532392845386
0.00004459861704215460532392845386
0.00004470983044918829208391204641
0.00004470983044918829208391204641
0.00004470983044918829208391204641
0.00004464160029171316379976296824
0.00004464160029171316379976296824
0.00004464160029171316379976296824
0.00004464685912954268079546545314
0.00004464685912954268079546545314
0.00004464685912954268079546545314
0.00004468263088484790395427962814
0.00004468263088484790395427962814
0.00004468263088484790395427962814
0.00004467137705322806502198862524
0.00004467137705322806502198862524
0.00004467137705322806502198862524
0.00004462536587947075090331816920
0.00004462536587947075090331816920
0.00004462536587947075090331816920
0.00004460527843655445513300208921
0.00004460187023250648090881603011
0.00004460187023250648090881603011
0.00004460187023250648090881603011
0.00004464114168997849148857839101
0.00004464114168997849148857839101
0.00004464114168997849148857839101
0.00004458264016313788377452270779
0.00004458264016313788377452270779
0.00004458264016313788377452270779
0.00004454988256978524664433270847
0.00004454988256978524664433270847
0.00004454988256978524664433270847
0.00004452396939551100390229852288
0.00004452396939551100390229852288
0.00004452396939551100390229852288
0.00004465130690146670499302314489
0.00004465130690146670499302314489
0.00004465130690146670499302314489
0.00004465130690146670499302314489
0.00004464036229692174504485894679
0.00004464036229692174504485894679
0.00004464036229692174504485894679
0.00004465603767139438183661808934
0.00004465603767139438183661808934
0.00004465603767139438183661808934
0.00004463981490550640171051202704
0.00004463981490550640171051202704
0.00004463981490550640171051202704
0.00004460927304156735441431118544
0.00004460927304156735441431118544
0.00004460927304156735441431118544
0.00004456187784283919908051491372
0.00004456187784283919908051491372
0.00004456187784283919908051491372
0.00004461192591285468023441758479
0.00004461192591285468023441758479
0.00004461192591285468023441758479
0.00004462303227205990681161891521
0.00004462303227205990681161891521
0.00004462303227205990681161891521
0.00004466050682559044446941117047
0.00004466050682559044446941117047
0.00004466050682559044446941117047
0.00004466050682559044446941117047
