0.2536827186833104031308734304
0.2536827186833104031308734304
0.2536827186833104031308734304
0.2548790502305500596490475201
0.2548790502305500596490475201
0.2548790502305500596490475201
0.2585337269841297376192847269
0.2585337269841297376192847269
0.2585337269841297376192847269
0.2512907798157082560305180898
0.2512907798157082560305180898
0.2512907798157082560305180898
0.2459417987050865770991212521
0.2459417987050865770991212521
0.2459417987050865770991212521
0.2489510304633795824617069959
0.2489510304633795824617069959
0.2489510304633795824617069959
0.2508892921247724859271503116
0.2508892921247724859271503116
0.2508892921247724859271503116
0.2530430462059979677636762481
0.2530430462059979677636762481
0.2530430462059979677636762481
0.2488809739138252261112373480
0.2488809739138252261112373480
0.2488809739138252261112373480
0.2488809739138252261112373480
0.2525097163307114113235521949
0.2525097163307114113235521949
0.2525097163307114113235521949
0.2523620984177850945916370513
0.2523620984177850945916370513
0.2523620984177850945916370513
0.2510732680448246578425241472
0.2510732680448246578425241472
0.2510732680448246578425241472
0.2513477833024065163066237741
0.2513477833024065163066237741
0.2513477833024065163066237741
0.2499067373095821604047372967
0.2499067373095821604047372967
0.2499067373095821604047372967
0.2477309588607325162944440482
0.2477309588607325162944440482
0.2477309588607325162944440482
0.2476289102111133236256671440
0.2476289102111133236256671440
0.2476289102111133236256671440
0.2472964114043186966944902683
0.2472964114043186966944902683
0.2472964114043186966944902683
0.2472964114043186966944902683
0.2459424367627478244776784420
0.2459424367627478244776784420
0.2459424367627478244776784420
0.2472338172862968288633842087
0.2472338172862968288633842087
0.2472338172862968288633842087
0.2472084009518143848347611629
0.2472084009518143848347611629
0.2472084009518143848347611629
0.2460805049445464940242550652
0.2460805049445464940242550652
0.2460805049445464940242550652
0.2481366163273741533881798449
0.2481366163273741533881798449
0.2481366163273741533881798449
0.2479739440317710781249216558
0.2479739440317710781249216558
0.2479739440317710781249216558
0.2491464035974654882171326339
0.2491464035974654882171326339
0.2491464035974654882171326339
0.2496352349814158357972976489
0.2496352349814158357972976489
0.2496352349814158357972976489
0.2496352349814158357972976489
0.2505853844002368738290371671
0.2505853844002368738290371671
0.2505853844002368738290371671
0.2503074442598440952806546357
0.2503074442598440952806546357
0.2503074442598440952806546357
0.2513125487664710586265272646
0.2513125487664710586265272646
0.2513125487664710586265272646
0.2502691394245532925164751447
0.2502691394245532925164751447
0.2502691394245532925164751447
0.2499244014134536765609424393
0.2499244014134536765609424393
0.2499244014134536765609424393
0.2499312051943012276086363947
0.2499312051943012276086363947
0.2499312051943012276086363947
0.2499897571704481483400372775
0.2499897571704481483400372775
0.2499897571704481483400372775
0.2502604398378380922706173206
0.2502604398378380922706173206
0.2502604398378380922706173206
0.2500135669540143144093911722
0.2500135669540143144093911722
0.2500135669540143144093911722
0.2500135669540143144093911722
0.2504732839541662913789680038
0.2504732839541662913789680038
0.2504732839541662913789680038
0.2514703856047989047283032429
0.2514703856047989047283032429
0.2514703856047989047283032429
0.2513384642988503260974163676
0.2513384642988503260974163676
0.2513384642988503260974163676
0.2512056739290140981759021221
0.2512056739290140981759021221
0.2512056739290140981759021221
0.2515294837042521679695797794
0.2515294837042521679695797794
0.2515294837042521679695797794
0.2521129981645936321819771257
0.2521129981645936321819771257
0.2521129981645936321819771257
0.2512659074396519992320817040
0.2512659074396519992320817040
0.2512659074396519992320817040
0.2514990826557846948982224206
0.2514990826557846948982224206
0.2514990826557846948982224206
0.2514990826557846948982224206
0.2506202050949862804871515613
0.2506202050949862804871515613
0.2506202050949862804871515613
0.2503461391922330560458327412
0.2503461391922330560458327412
0.2503461391922330560458327412
0.2499908692306084393535274440
0.2499908692306084393535274440
0.2499908692306084393535274440
0.2503955209111336189769108550
0.2503955209111336189769108550
0.2503955209111336189769108550
0.2504046866609110249399837143
0.2504046866609110249399837143
0.2504046866609110249399837143
0.2499593695434327201571862408
0.2499593695434327201571862408
0.2499593695434327201571862408
0.2495712644358556766344799392
0.2495712644358556766344799392
0.2495712644358556766344799392
0.2492452361868629049743449585
0.2492452361868629049743449585
0.2492452361868629049743449585
0.2492452361868629049743449585
0.2498780849205429656638011790
0.2498780849205429656638011790
0.2498780849205429656638011790
0.2494325762657944002039434430
0.2494325762657944002039434430
0.2494325762657944002039434430
0.2493125919642487886519321116
0.2493125919642487886519321116
0.2493125919642487886519321116
0.2493183061121127207131967908
0.2493183061121127207131967908
0.2493183061121127207131967908
0.2494007105012879419142177254
0.2494007105012879419142177254
0.2494007105012879419142177254
0.2491728428397985023479695141
0.2491728428397985023479695141
0.2491728428397985023479695141
0.2488466733836212910912700933
0.2488466733836212910912700933
0.2488466733836212910912700933
0.2488097496607736739221977805
0.2488097496607736739221977805
0.2488097496607736739221977805
0.2490489940258704285844036937
0.2490489940258704285844036937
0.2490489940258704285844036937
0.2490489940258704285844036937
0.2491762227487849991476995575
0.2491762227487849991476995575
0.2491762227487849991476995575
0.2485386193052765183326388600
0.2485386193052765183326388600
0.2485386193052765183326388600
0.2487927031375722672799411422
0.2487927031375722672799411422
0.2487927031375722672799411422
0.2484304511694609337651628956
0.2484304511694609337651628956
0.2484304511694609337651628956
0.2485574699731272132533994864
0.2485574699731272132533994864
0.2485574699731272132533994864
0.2485574699731272132533994864
0.2483969578456898476629449408
0.2483969578456898476629449408
0.2483969578456898476629449408
0.2484030319996511043965657113
0.2484030319996511043965657113
0.2484030319996511043965657113
0.2482881276779250572216893675
0.2482881276779250572216893675
0.2482881276779250572216893675
0.2483961834809976427155253801
0.2483961834809976427155253801
0.2483961834809976427155253801
0.2483527009160267717784863410
0.2483527009160267717784863410
0.2483527009160267717784863410
0.2480405949971342894659357513
0.2480405949971342894659357513
0.2480405949971342894659357513
0.2487050622829657211898182228
0.2487050622829657211898182228
0.2487050622829657211898182228
0.2491609084854069593486777910
0.2491609084854069593486777910
0.2491609084854069593486777910
0.2491609084854069593486777910
0.2492057036879695301473708145
0.2492057036879695301473708145
0.2492057036879695301473708145
0.2493048308375383879135685968
0.2493048308375383879135685968
0.2493048308375383879135685968
0.2492653795008552797993504524
0.2492653795008552797993504524
0.2492653795008552797993504524
0.2489092623776001970534104404
0.2489092623776001970534104404
0.2489092623776001970534104404
0.2488229648213507626093210309
0.2488229648213507626093210309
0.2488229648213507626093210309
0.2485197310500713814324021441
0.2485197310500713814324021441
0.2485197310500713814324021441
0.2486158585023710081410874475
0.2486158585023710081410874475
0.2486158585023710081410874475
0.2485582821583203795551220010
0.2485582821583203795551220010
0.2485582821583203795551220010
0.2485582821583203795551220010
0.2490830485265966476334538209
0.2490830485265966476334538209
0.2490830485265966476334538209
0.2490706121790275905889880580
0.2490706121790275905889880580
0.2490706121790275905889880580
0.2489734599699076913287282452
0.2489734599699076913287282452
0.2489734599699076913287282452
0.2491237697179668975830480531
0.2491237697179668975830480531
0.2491237697179668975830480531
0.2490200849724686361222199607
0.2490200849724686361222199607
0.2490200849724686361222199607
0.2490036692926122276102812838
0.2490036692926122276102812838
0.2490036692926122276102812838
0.2491852149171358072445591442
0.2491852149171358072445591442
0.2491852149171358072445591442
0.2491617604130621424960930395
0.2491617604130621424960930395
0.2491617604130621424960930395
0.2490514264037537197025938021
0.2490514264037537197025938021
0.2490514264037537197025938021
0.2490514264037537197025938021
0.2488808075980538935444604322
0.2488808075980538935444604322
0.2488808075980538935444604322
0.2487709607201086524240625496
0.2487709607201086524240625496
0.2487709607201086524240625496
0.2486139909854995548802900919
0.2486139909854995548802900919
0.2486139909854995548802900919
0.2486296827387974606743147229
0.2486296827387974606743147229
0.2486296827387974606743147229
0.2488747766671297014924959032
0.2488747766671297014924959032
0.2488747766671297014924959032
0.2489964990256050389260540264
0.2489964990256050389260540264
0.2489964990256050389260540264
0.2488422718404420438384587695
0.2488422718404420438384587695
0.2488422718404420438384587695
0.2490727174701642875170608436
0.2490727174701642875170608436
0.2490727174701642875170608436
0.2490727174701642875170608436
0.2488346182250504982934588103
0.2488346182250504982934588103
0.2488346182250504982934588103
0.2488258274562822923323545261
0.2488258274562822923323545261
0.2488258274562822923323545261
0.2487884014568034101654116929
0.2487884014568034101654116929
0.2487884014568034101654116929
0.2490759948079371587266054924
0.2490759948079371587266054924
0.2490759948079371587266054924
0.2490087275042363183902440438
0.2490087275042363183902440438
0.2490087275042363183902440438
0.2492024626028219017876487158
0.2492024626028219017876487158
0.2492024626028219017876487158
0.2491603606233349629721738803
0.2491603606233349629721738803
0.2491603606233349629721738803
0.2492021004525231022529781149
0.2492021004525231022529781149
0.2492021004525231022529781149
0.2492021004525231022529781149
0.2494735724942194881720369648
0.2494735724942194881720369648
0.2494735724942194881720369648
0.2497120565248419929460301411
0.2497120565248419929460301411
0.2497120565248419929460301411
0.2496368270347326839188092368
0.2496368270347326839188092368
0.2496368270347326839188092368
0.2496752376544831031412650516
0.2496752376544831031412650516
0.2496752376544831031412650516
0.2494924607795240935842484805
0.2494924607795240935842484805
0.2494924607795240935842484805
0.2493788154151449942095651683
0.2493788154151449942095651683
0.2493788154151449942095651683
0.2493261808670806724252376739
0.2493261808670806724252376739
0.2493261808670806724252376739
0.2494007514674462298938767015
0.2494007514674462298938767015
0.2494007514674462298938767015
0.2496650263700697407648843996
0.2496650263700697407648843996
0.2496650263700697407648843996
0.2496650263700697407648843996
0.2496161188792652842651927222
0.2496161188792652842651927222
0.2496161188792652842651927222
0.2497702838450341780289217588
0.2497702838450341780289217588
0.2497702838450341780289217588
0.2497391168514789242943789099
0.2497391168514789242943789099
0.2497391168514789242943789099
0.2496640349915169153385519047
0.2496640349915169153385519047
0.2496640349915169153385519047
0.2496151118753026900305984676
0.2496151118753026900305984676
0.2496151118753026900305984676
0.2496614172567170142717533039
0.2496614172567170142717533039
0.2496614172567170142717533039
0.2496949719804506465506704402
0.2496949719804506465506704402
0.2496949719804506465506704402
0.2496939038666196484866253992
0.2496939038666196484866253992
0.2496939038666196484866253992
0.2496939038666196484866253992
0.2492609612474497356823166893
0.2492609612474497356823166893
0.2492609612474497356823166893
0.2493044149356393465202725360
0.2493044149356393465202725360
0.2493044149356393465202725360
0.2493405839528612976721853441
0.2493405839528612976721853441
0.2493405839528612976721853441
0.2493425473339016727399572365
0.2493425473339016727399572365
0.2493425473339016727399572365
0.2492550488171565565252407176
0.2492550488171565565252407176
0.2492550488171565565252407176
0.2494035003311621181896615096
0.2494035003311621181896615096
0.2494035003311621181896615096
0.2494524923161893869166139191
0.2494524923161893869166139191
0.2494524923161893869166139191
0.2493007789196908210760823642
0.2493007789196908210760823642
0.2493007789196908210760823642
0.2493007789196908210760823642
0.2492230070151515487801232084
0.2492230070151515487801232084
0.2492230070151515487801232084
0.2491691303483115174081339908
0.2491691303483115174081339908
0.2491691303483115174081339908
0.2495114785408052724853533256
0.2495114785408052724853533256
0.2495114785408052724853533256
0.2495376470354048551685437760
0.2495376470354048551685437760
0.2495376470354048551685437760
0.2495313480628486258635388825
0.2495313480628486258635388825
0.2495313480628486258635388825
0.2494351563905417594624430407
0.2494351563905417594624430407
0.2494351563905417594624430407
0.2494538279989952738498206782
0.2494538279989952738498206782
0.2494538279989952738498206782
0.2494327132272650145993402677
0.2494327132272650145993402677
0.2494327132272650145993402677
0.2493934217233927921827231672
0.2493934217233927921827231672
0.2493934217233927921827231672
0.2493934217233927921827231672
0.2494598737353158823912416922
0.2494598737353158823912416922
0.2494598737353158823912416922
0.2494673098442080844833491499
0.2494673098442080844833491499
0.2494673098442080844833491499
0.2496273911614259146683953528
0.2496273911614259146683953528
0.2496273911614259146683953528
0.2499125223715090475281857803
0.2499125223715090475281857803
0.2499125223715090475281857803
0.2498077913622514855766014721
0.2498077913622514855766014721
0.2498077913622514855766014721
0.2497446378209250367881870545
0.2497446378209250367881870545
0.2497446378209250367881870545
0.2496087866586500154519233894
0.2496087866586500154519233894
0.2496087866586500154519233894
0.2495689877046133917749234713
0.2496164344491265723789584216
0.2496164344491265723789584216
0.2496164344491265723789584216
0.2496617495584472319734112430
0.2496617495584472319734112430
0.2496617495584472319734112430
0.2496174754956037944237013789
0.2496174754956037944237013789
0.2496174754956037944237013789
0.2496451276214176946618491117
0.2496451276214176946618491117
0.2496451276214176946618491117
0.2496394853703240857540179762
0.2496394853703240857540179762
0.2496394853703240857540179762
0.2493489942537955389244552848
0.2493489942537955389244552848
0.2493489942537955389244552848
0.2493489942537955389244552848
0.2491930690478468565993586435
0.2491930690478468565993586435
0.2491930690478468565993586435
0.2492945011291730689360724819
0.2492945011291730689360724819
0.2492945011291730689360724819
0.2492922474643036414146404923
0.2492922474643036414146404923
0.2492922474643036414146404923
0.2493403668358627919372387700
0.2493403668358627919372387700
0.2493403668358627919372387700
0.2493843870204650626300785394
0.2493843870204650626300785394
0.2493843870204650626300785394
0.2493772905837059879827607350
0.2493772905837059879827607350
0.2493772905837059879827607350
0.2495057694699336618818517139
0.2495057694699336618818517139
0.2495057694699336618818517139
0.2494929894298883601592542459
0.2494929894298883601592542459
0.2494929894298883601592542459
0.2494929894298883601592542459
