0.2553195633892509159480517397
0.2553195633892509159480517397
0.2553195633892509159480517397
0.2519650342994966567778705197
0.2519650342994966567778705197
0.2519650342994966567778705197
0.2505553743092672806617300349
0.2505553743092672806617300349
0.2505553743092672806617300349
0.2546398074399275756809278780
0.2546398074399275756809278780
0.2546398074399275756809278780
0.2615439262965504028553295321
0.2615439262965504028553295321
0.2615439262965504028553295321
0.2548537625531299607113777890
0.2548537625531299607113777890
0.2548537625531299607113777890
0.2493697188766779225460209774
0.2493697188766779225460209774
0.2493697188766779225460209774
0.2488280445285025962337543452
0.2488280445285025962337543452
0.2488280445285025962337543452
0.2493066185792163775994425216
0.2493066185792163775994425216
0.2493066185792163775994425216
0.2493066185792163775994425216
0.2470711231813474723592401268
0.2470711231813474723592401268
0.2470711231813474723592401268
0.2504936618542226278590910927
0.2504936618542226278590910927
0.2504936618542226278590910927
0.2505674415167409682524878312
0.2505674415167409682524878312
0.2505674415167409682524878312
0.2513670433147129079410883299
0.2513670433147129079410883299
0.2513670433147129079410883299
0.2516800845324717298789649801
0.2516800845324717298789649801
0.2516800845324717298789649801
0.2517071721901961279354489230
0.2517071721901961279354489230
0.2517071721901961279354489230
0.2520097637417688861676483976
0.2520097637417688861676483976
0.2520097637417688861676483976
0.2508223003616236049737933842
0.2508223003616236049737933842
0.2508223003616236049737933842
0.2508223003616236049737933842
0.2491409857465528897637576766
0.2491409857465528897637576766
0.2491409857465528897637576766
0.2497681711488282777438697339
0.2497681711488282777438697339
0.2497681711488282777438697339
0.2498218536013908575380403218
0.2498218536013908575380403218
0.2498218536013908575380403218
0.2513119914808653262611754829
0.2513119914808653262611754829
0.2513119914808653262611754829
0.2514017702023244805184719852
0.2514017702023244805184719852
0.2514017702023244805184719852
0.2521280336453631379603188298
0.2521280336453631379603188298
0.2521280336453631379603188298
0.2519843219712601627855298303
0.2519843219712601627855298303
0.2519843219712601627855298303
0.2519325874766933322459052569
0.2519325874766933322459052569
0.2519325874766933322459052569
0.2519325874766933322459052569
0.2512830267117327539731279221
0.2512830267117327539731279221
0.2512830267117327539731279221
0.2521827729856882068723329016
0.2521827729856882068723329016
0.2521827729856882068723329016
0.2534176139827429260674459176
0.2534176139827429260674459176
0.2534176139827429260674459176
0.2527437223182349228492747465
0.2527437223182349228492747465
0.2527437223182349228492747465
0.2534748728832567800094119200
0.2534748728832567800094119200
0.2534748728832567800094119200
0.2533563981242242541513501294
0.2533563981242242541513501294
0.2533563981242242541513501294
0.2529603895810801476417690004
0.2529603895810801476417690004
0.2529603895810801476417690004
0.2533652646595936069870882023
0.2533652646595936069870882023
0.2533652646595936069870882023
0.2531001008725223424015414159
0.2531001008725223424015414159
0.2531001008725223424015414159
0.2531001008725223424015414159
0.2532368368363437334171311261
0.2532368368363437334171311261
0.2532368368363437334171311261
0.2536703665578556783957519083
0.2536703665578556783957519083
0.2536703665578556783957519083
0.2533771595379575380490068016
0.2533771595379575380490068016
0.2533771595379575380490068016
0.2537230130122137388167732312
0.2537230130122137388167732312
0.2537230130122137388167732312
0.2533787994948733622421532432
0.2533787994948733622421532432
0.2533787994948733622421532432
0.2526938047008851008597117687
0.2526938047008851008597117687
0.2526938047008851008597117687
0.2529735098342830222113941429
0.2529735098342830222113941429
0.2529735098342830222113941429
0.2529812237726750176840213083
0.2529812237726750176840213083
0.2529812237726750176840213083
0.2529812237726750176840213083
0.2524290670138064410287833915
0.2524290670138064410287833915
0.2524290670138064410287833915
0.2526536314011684098132383878
0.2526536314011684098132383878
0.2526536314011684098132383878
0.2528163965732311819630216519
0.2528163965732311819630216519
0.2528163965732311819630216519
0.2526110104824614754643322876
0.2526110104824614754643322876
0.2526110104824614754643322876
0.2531430744580464544840696957
0.2531430744580464544840696957
0.2531430744580464544840696957
0.2526250562113259127510729002
0.2526250562113259127510729002
0.2526250562113259127510729002
0.2527023227633269045042619215
0.2527023227633269045042619215
0.2527023227633269045042619215
0.2528026256834558953275900716
0.2528026256834558953275900716
0.2528026256834558953275900716
0.2528026256834558953275900716
0.2527547004757495517803239106
0.2527547004757495517803239106
0.2527547004757495517803239106
0.2527782863012362003157040354
0.2527782863012362003157040354
0.2527782863012362003157040354
0.2526453487158414742672379840
0.2526453487158414742672379840
0.2526453487158414742672379840
0.2529796067340494338309433087
0.2529796067340494338309433087
0.2529796067340494338309433087
0.2528077568204027030571377163
0.2528077568204027030571377163
0.2528077568204027030571377163
0.2529345213979336903050142526
0.2529345213979336903050142526
0.2529345213979336903050142526
0.2525072865616658374118647355
0.2525072865616658374118647355
0.2525072865616658374118647355
0.2523181076992182885389312841
0.2523181076992182885389312841
0.2523181076992182885389312841
0.2518837981015855943577731880
0.2518837981015855943577731880
0.2518837981015855943577731880
0.2518837981015855943577731880
0.2516792207421125794734088994
0.2516792207421125794734088994
0.2516792207421125794734088994
0.2518587575694916791811991059
0.2518587575694916791811991059
0.2518587575694916791811991059
0.2515497529553537190458940771
0.2515497529553537190458940771
0.2515497529553537190458940771
0.2513303721359758368342077864
0.2513303721359758368342077864
0.2513303721359758368342077864
0.2507407193619182217338637548
0.2507407193619182217338637548
0.2507407193619182217338637548
0.2508078173863523586542378260
0.2501483360455546345799459060
0.2501483360455546345799459060
0.2501483360455546345799459060
0.2504792716756880983959477166
0.2504792716756880983959477166
0.2504792716756880983959477166
0.2503072131543360695255362721
0.2503072131543360695255362721
0.2503072131543360695255362721
0.2502230804629027201011198017
0.2502230804629027201011198017
0.2502230804629027201011198017
0.2502062051737049335251154035
0.2502062051737049335251154035
0.2502062051737049335251154035
0.2501702554032204617178517592
0.2501702554032204617178517592
0.2501702554032204617178517592
0.2503638474587337124297290631
0.2503638474587337124297290631
0.2503638474587337124297290631
0.2503898873395893228587911719
0.2503898873395893228587911719
0.2503898873395893228587911719
0.2503898873395893228587911719
0.2502251847013791204352098962
0.2502251847013791204352098962
0.2502251847013791204352098962
0.2501097971944615109308182434
0.2501097971944615109308182434
0.2501097971944615109308182434
0.2494858489202274174125205493
0.2494858489202274174125205493
0.2494858489202274174125205493
0.2494501017755009135780019042
0.2494501017755009135780019042
0.2494501017755009135780019042
0.2499029572545486723644192688
0.2499029572545486723644192688
0.2499029572545486723644192688
0.2499301702930713689266657318
0.2499301702930713689266657318
0.2499301702930713689266657318
0.2498207145868800983784263390
0.2498207145868800983784263390
0.2498207145868800983784263390
0.2499224885344198061781908048
0.2499224885344198061781908048
0.2499224885344198061781908048
0.2499224885344198061781908048
0.2500688334497750470397830641
0.2500688334497750470397830641
0.2500688334497750470397830641
0.2497182789874506131659363987
0.2497182789874506131659363987
0.2497182789874506131659363987
0.2494157516036434005549960046
0.2494157516036434005549960046
0.2494157516036434005549960046
0.2494516794659301869799522878
0.2494516794659301869799522878
0.2494516794659301869799522878
0.2494274614833429741674819154
0.2494274614833429741674819154
0.2494274614833429741674819154
0.2496097889341525281019007913
0.2496097889341525281019007913
0.2496097889341525281019007913
0.2495155917849533249470780312
0.2495155917849533249470780312
0.2495155917849533249470780312
0.2493205402489703123441878873
0.2493205402489703123441878873
0.2493205402489703123441878873
0.2492119603066800091908289597
0.2492119603066800091908289597
0.2492119603066800091908289597
0.2492119603066800091908289597
0.2493204161315165848135123916
0.2493204161315165848135123916
0.2493204161315165848135123916
0.2494100013610920404663486058
0.2494100013610920404663486058
0.2494100013610920404663486058
0.2497907497526370799034392962
0.2497907497526370799034392962
0.2497907497526370799034392962
0.2496667734249538485211494448
0.2496667734249538485211494448
0.2496667734249538485211494448
0.2497876932507790194691432959
0.2497876932507790194691432959
0.2497876932507790194691432959
0.2497982081467516642400443052
0.2497982081467516642400443052
0.2497982081467516642400443052
0.2498770435279170154760696494
0.2498770435279170154760696494
0.2498770435279170154760696494
0.2499769649952044509561113500
0.2499769649952044509561113500
0.2499769649952044509561113500
0.2499769649952044509561113500
0.2500260091219558443072962439
0.2500260091219558443072962439
0.2500260091219558443072962439
0.2500744914362847612564219395
0.2500744914362847612564219395
0.2500744914362847612564219395
0.2498879405053095554530313790
0.2498879405053095554530313790
0.2498879405053095554530313790
0.2499366667381488926618209569
0.2499366667381488926618209569
0.2499366667381488926618209569
0.2496930208056498562080384901
0.2496930208056498562080384901
0.2496930208056498562080384901
0.2495880979542500492984031699
0.2495880979542500492984031699
0.2495880979542500492984031699
0.2495792136216162946688106426
0.2495792136216162946688106426
0.2495792136216162946688106426
0.2495063222765097921604411594
0.2495063222765097921604411594
0.2495063222765097921604411594
0.2495063222765097921604411594
0.2496148936806191725576495904
0.2496148936806191725576495904
0.2496148936806191725576495904
0.2496433870693803297723190502
0.2496433870693803297723190502
0.2496433870693803297723190502
0.2497062883112913278471927742
0.2497062883112913278471927742
0.2497062883112913278471927742
0.2495961115876943118386737009
0.2495961115876943118386737009
0.2495961115876943118386737009
0.2496903990689784796425949232
0.2496903990689784796425949232
0.2496903990689784796425949232
0.2494926966243955256005338348
0.2494926966243955256005338348
0.2494926966243955256005338348
0.2496073597678567633970635066
0.2496073597678567633970635066
0.2496073597678567633970635066
0.2494089603228343570971576813
0.2494089603228343570971576813
0.2494089603228343570971576813
0.2493453513829406016399340505
0.2493453513829406016399340505
0.2493453513829406016399340505
0.2493453513829406016399340505
0.2496368702623056482316639544
0.2496368702623056482316639544
0.2496368702623056482316639544
0.2498863976860628418020152328
0.2498863976860628418020152328
0.2498863976860628418020152328
0.2497513561771240047641504391
0.2497513561771240047641504391
0.2497513561771240047641504391
0.2497717148289706021188046362
0.2497717148289706021188046362
0.2497717148289706021188046362
0.2496982920342978473187112963
0.2496982920342978473187112963
0.2496982920342978473187112963
0.2496861746997423486697219233
0.2496861746997423486697219233
0.2496861746997423486697219233
0.2495209301342964261938262139
0.2495209301342964261938262139
0.2495209301342964261938262139
0.2497013911540751782804551451
0.2497013911540751782804551451
0.2497013911540751782804551451
0.2497013911540751782804551451
0.2498346479111450822487866421
0.2498346479111450822487866421
0.2498346479111450822487866421
0.2498180461617844839441491315
0.2498180461617844839441491315
0.2498180461617844839441491315
0.2495455480874462010481360586
0.2495455480874462010481360586
0.2495455480874462010481360586
0.2496813972028464513495974064
0.2496813972028464513495974064
0.2496813972028464513495974064
0.2496448976965390007370106193
0.2496448976965390007370106193
0.2496448976965390007370106193
0.2497510573660205045056161390
0.2497510573660205045056161390
0.2497510573660205045056161390
0.2497225690170247100651372254
0.2497225690170247100651372254
0.2497225690170247100651372254
0.2498182135712765797652934114
0.2498182135712765797652934114
0.2498182135712765797652934114
0.2498182135712765797652934114
0.2498728835270523776158811973
0.2498728835270523776158811973
0.2498728835270523776158811973
0.2501356551375853724536385589
0.2501356551375853724536385589
0.2501356551375853724536385589
0.2501809736900622552913636465
0.2501809736900622552913636465
0.2501809736900622552913636465
0.2502947202138175924643781778
0.2502947202138175924643781778
0.2502947202138175924643781778
0.2502009027794313728861595070
0.2502009027794313728861595070
0.2502009027794313728861595070
0.2501129594549858185819125438
0.2501129594549858185819125438
0.2501129594549858185819125438
0.2500645276108891887078702150
0.2500645276108891887078702150
0.2500645276108891887078702150
0.2501400795905159770432546035
0.2501400795905159770432546035
0.2501400795905159770432546035
0.2500765952250775227717567761
0.2500765952250775227717567761
0.2500765952250775227717567761
0.2500765952250775227717567761
0.2501170059090981527442367748
0.2501170059090981527442367748
0.2501170059090981527442367748
0.2500208367585525409528750644
0.2500208367585525409528750644
0.2500208367585525409528750644
0.2500678927542393382091725593
0.2500678927542393382091725593
0.2500678927542393382091725593
0.2501645329810171197898921026
0.2501645329810171197898921026
0.2501645329810171197898921026
0.2502851800297271038281936397
0.2502851800297271038281936397
0.2502851800297271038281936397
0.2501057264541373287185762876
0.2501057264541373287185762876
0.2501057264541373287185762876
0.2501368156152865589515286258
0.2501864135761953714170344377
0.2501864135761953714170344377
0.2501864135761953714170344377
0.2503421495416266813563301235
0.2503421495416266813563301235
0.2503421495416266813563301235
0.2503063278157653693158590917
0.2503063278157653693158590917
0.2503063278157653693158590917
0.2502032988328071883795194156
0.2502032988328071883795194156
0.2502032988328071883795194156
0.2504046495047647967405307652
0.2504046495047647967405307652
0.2504046495047647967405307652
0.2503686685472000683924958431
0.2503686685472000683924958431
0.2503686685472000683924958431
0.2502066585031745290157349986
0.2502066585031745290157349986
0.2502066585031745290157349986
0.2502066585031745290157349986
0.2500023617992570431803291331
0.2500023617992570431803291331
0.2500023617992570431803291331
0.2497708549262351756979691734
0.2497708549262351756979691734
0.2497708549262351756979691734
0.2497530510763687619335136788
0.2497530510763687619335136788
0.2497530510763687619335136788
0.2498434590783693983779102994
0.2498434590783693983779102994
0.2498434590783693983779102994
0.2498092305630028265607162198
0.2498092305630028265607162198
0.2498092305630028265607162198
0.2497344548992821274364682874
0.2497344548992821274364682874
0.2497344548992821274364682874
0.2495245487960875606588666800
0.2495245487960875606588666800
0.2495245487960875606588666800
0.2495005524421855443631861113
0.2495005524421855443631861113
0.2495005524421855443631861113
0.2495005524421855443631861113
