0.2704976623487888833704177422
0.2704976623487888833704177422
0.2704976623487888833704177422
0.2610684714459472858778540600
0.2610684714459472858778540600
0.2610684714459472858778540600
0.2539926727336446817938891012
0.2539926727336446817938891012
0.2539926727336446817938891012
0.2524417173428735868603429579
0.2524417173428735868603429579
0.2524417173428735868603429579
0.2546502452433978807665591119
0.2546502452433978807665591119
0.2546502452433978807665591119
0.2550869805385292068910303509
0.2550869805385292068910303509
0.2550869805385292068910303509
0.2553627575018896621887025755
0.2553627575018896621887025755
0.2553627575018896621887025755
0.2596105111159576354061112300
0.2596105111159576354061112300
0.2596105111159576354061112300
0.2601734906645003506704144229
0.2601734906645003506704144229
0.2601734906645003506704144229
0.2601734906645003506704144229
0.2580062848783891080198001856
0.2580062848783891080198001856
0.2580062848783891080198001856
0.2600119579797312861460083716
0.2600119579797312861460083716
0.2600119579797312861460083716
0.2587641349923469095563717865
0.2587641349923469095563717865
0.2587641349923469095563717865
0.2587830096170073784187759351
0.2587830096170073784187759351
0.2587830096170073784187759351
0.2604304685842230506318438729
0.2604304685842230506318438729
0.2604304685842230506318438729
0.2588631058085311242755781592
0.2588631058085311242755781592
0.2588631058085311242755781592
0.2583410224462968516003037466
0.2583410224462968516003037466
0.2583410224462968516003037466
0.2586051702443827009666454788
0.2586051702443827009666454788
0.2586051702443827009666454788
0.2586051702443827009666454788
0.2568793726795311049116499002
0.2568793726795311049116499002
0.2568793726795311049116499002
0.2577757612309843711607473352
0.2577757612309843711607473352
0.2577757612309843711607473352
0.2570971444786836896031184170
0.2570971444786836896031184170
0.2570971444786836896031184170
0.2573097617575881395259000222
0.2573097617575881395259000222
0.2573097617575881395259000222
0.2572411637887877363729951766
0.2572411637887877363729951766
0.2572411637887877363729951766
0.2577338257626007871769471433
0.2577338257626007871769471433
0.2577338257626007871769471433
0.2574562849715140936419501397
0.2574562849715140936419501397
0.2574562849715140936419501397
0.2569546455227793780568762252
0.2569546455227793780568762252
0.2569546455227793780568762252
0.2569546455227793780568762252
0.2565806391781311406152750599
0.2565806391781311406152750599
0.2565806391781311406152750599
0.2560192317940569239430044893
0.2560192317940569239430044893
0.2560192317940569239430044893
0.2551837664871258480429992337
0.2551837664871258480429992337
0.2551837664871258480429992337
0.2564236616239426576932248370
0.2564236616239426576932248370
0.2564236616239426576932248370
0.2557114547069803828072533058
0.2557114547069803828072533058
0.2557114547069803828072533058
0.2566096483763191362886687443
0.2566096483763191362886687443
0.2566096483763191362886687443
0.2560481694233582218885645146
0.2560481694233582218885645146
0.2560481694233582218885645146
0.2559252538076365663710958789
0.2559252538076365663710958789
0.2559252538076365663710958789
0.2561769078844015753446469452
0.2561769078844015753446469452
0.2561769078844015753446469452
0.2561769078844015753446469452
0.2561076920747567821891225988
0.2561076920747567821891225988
0.2561076920747567821891225988
0.2553688867991899838372498064
0.2553688867991899838372498064
0.2553688867991899838372498064
0.2551893896025843705049075042
0.2551893896025843705049075042
0.2551893896025843705049075042
0.2553084357752343755324358725
0.2553084357752343755324358725
0.2553084357752343755324358725
0.2547838074633162601156646288
0.2547838074633162601156646288
0.2547838074633162601156646288
0.2543459090815607962664032357
0.2543459090815607962664032357
0.2543459090815607962664032357
0.2545273654558329529408763001
0.2545273654558329529408763001
0.2545273654558329529408763001
0.2539488424214622013453225997
0.2539488424214622013453225997
0.2539488424214622013453225997
0.2539488424214622013453225997
0.2543031026200354036376148131
0.2543031026200354036376148131
0.2543031026200354036376148131
0.2547099084126482892743795963
0.2547099084126482892743795963
0.2547099084126482892743795963
0.2546421695455241196534852146
0.2546421695455241196534852146
0.2546421695455241196534852146
0.2549472527641085460475621288
0.2549472527641085460475621288
0.2549472527641085460475621288
0.2555487223984836728711301558
0.2555487223984836728711301558
0.2555487223984836728711301558
0.2555111368820180420987789358
0.2555111368820180420987789358
0.2555111368820180420987789358
0.2547538829370211652891545684
0.2547538829370211652891545684
0.2547538829370211652891545684
0.2540677885169529485524668466
0.2540677885169529485524668466
0.2540677885169529485524668466
0.2540677885169529485524668466
0.2539986830711940566290960662
0.2539986830711940566290960662
0.2539986830711940566290960662
0.2544427022143723053725207616
0.2544427022143723053725207616
0.2544427022143723053725207616
0.2538291348664926010393601643
0.2538291348664926010393601643
0.2538291348664926010393601643
0.2535186725042497981157218457
0.2535186725042497981157218457
0.2535186725042497981157218457
0.2537455509909276829981329523
0.2537455509909276829981329523
0.2537455509909276829981329523
0.2535298359091461004523452242
0.2535298359091461004523452242
0.2535298359091461004523452242
0.2531729485104186491932628695
0.2531729485104186491932628695
0.2531729485104186491932628695
0.2532002536390253344985215638
0.2532002536390253344985215638
0.2532002536390253344985215638
0.2534133508868830015479406360
0.2534133508868830015479406360
0.2534133508868830015479406360
0.2534133508868830015479406360
0.2535680750124390985278232284
0.2535680750124390985278232284
0.2535680750124390985278232284
0.2535678776922617979392045204
0.2535678776922617979392045204
0.2535678776922617979392045204
0.2532966493124870530268863914
0.2532966493124870530268863914
0.2532966493124870530268863914
0.2531161345744449754578999061
0.2531161345744449754578999061
0.2531161345744449754578999061
0.2532924796861422702514167747
0.2532924796861422702514167747
0.2532924796861422702514167747
0.2532924796861422702514167747
0.2537347843170208728177542401
0.2537347843170208728177542401
0.2537347843170208728177542401
0.2538896862534056398639330017
0.2538896862534056398639330017
0.2538896862534056398639330017
0.2535420044637463725457843444
0.2535420044637463725457843444
0.2535420044637463725457843444
0.2537615786438347912460139823
0.2537615786438347912460139823
0.2537615786438347912460139823
0.2535937920075072104503750689
0.2535937920075072104503750689
0.2535937920075072104503750689
0.2538230681480981757133950322
0.2538230681480981757133950322
0.2538230681480981757133950322
0.2535309573370298976227125340
0.2535309573370298976227125340
0.2535309573370298976227125340
0.2535350628680309893122798178
0.2535350628680309893122798178
0.2535350628680309893122798178
0.2535350628680309893122798178
0.2536564682168574055320371353
0.2536564682168574055320371353
0.2536564682168574055320371353
0.2535910092264420564582549926
0.2535910092264420564582549926
0.2535910092264420564582549926
0.2534495831067655564355884596
0.2534495831067655564355884596
0.2534495831067655564355884596
0.2538607607525906659133357034
0.2538607607525906659133357034
0.2538607607525906659133357034
0.2540876397942471370595261844
0.2540876397942471370595261844
0.2540876397942471370595261844
0.2541147919433546125542365544
0.2541147919433546125542365544
0.2541147919433546125542365544
0.2537210630652387973285313580
0.2537210630652387973285313580
0.2537210630652387973285313580
0.2538293927713337288007503095
0.2538293927713337288007503095
0.2538293927713337288007503095
0.2538293927713337288007503095
0.2539269916320319190871091822
0.2539269916320319190871091822
0.2539269916320319190871091822
0.2536891835586866046495828703
0.2536891835586866046495828703
0.2536891835586866046495828703
0.2532345958602951210899871621
0.2532345958602951210899871621
0.2532345958602951210899871621
0.2534717498504320919548667606
0.2534717498504320919548667606
0.2534717498504320919548667606
0.2535743306890458542915755575
0.2535743306890458542915755575
0.2535743306890458542915755575
0.2538888624607142181402516126
0.2538888624607142181402516126
0.2538888624607142181402516126
0.2537651350395028285574798275
0.2537651350395028285574798275
0.2537651350395028285574798275
0.2534110458916942332121712855
0.2534110458916942332121712855
0.2534110458916942332121712855
0.2532015790762636375914387322
0.2532015790762636375914387322
0.2532015790762636375914387322
0.2532015790762636375914387322
0.2531292148098573431963245716
0.2531292148098573431963245716
0.2531292148098573431963245716
0.2529193634521426056468557085
0.2529193634521426056468557085
0.2529193634521426056468557085
0.2528139639894344658161523517
0.2528139639894344658161523517
0.2528139639894344658161523517
0.2525061670739621677444036781
0.2525061670739621677444036781
0.2525061670739621677444036781
0.2524249657330289157547078905
0.2524249657330289157547078905
0.2524249657330289157547078905
0.2523247889011164576047411113
0.2523247889011164576047411113
0.2523247889011164576047411113
0.2523947295553074118774735064
0.2523947295553074118774735064
0.2523947295553074118774735064
0.2526347673362264559798970375
0.2526347673362264559798970375
0.2526347673362264559798970375
0.2526347673362264559798970375
0.2526522500675776351568457890
0.2526522500675776351568457890
0.2526522500675776351568457890
0.2524206199643054403582762162
0.2524206199643054403582762162
0.2524206199643054403582762162
0.2525267619888996046280931571
0.2525267619888996046280931571
0.2525267619888996046280931571
0.2525301635753375709705636005
0.2525301635753375709705636005
0.2525301635753375709705636005
0.2528041290059273466889097470
0.2528041290059273466889097470
0.2528041290059273466889097470
0.2525768448443758836302301509
0.2525768448443758836302301509
0.2525768448443758836302301509
0.2526416798137034351013602587
0.2526416798137034351013602587
0.2526416798137034351013602587
0.2528011800250439489979305570
0.2528011800250439489979305570
0.2528011800250439489979305570
0.2528011800250439489979305570
0.2529191212131046752293192239
0.2529191212131046752293192239
0.2529191212131046752293192239
0.2531197835017098715958809832
0.2531197835017098715958809832
0.2531197835017098715958809832
0.2526767435871376590114896666
0.2526767435871376590114896666
0.2526767435871376590114896666
0.2527506454954509360010440977
0.2527506454954509360010440977
0.2527506454954509360010440977
0.2527952042098379288730639594
0.2527952042098379288730639594
0.2527952042098379288730639594
0.2527208272770328842490146321
0.2527208272770328842490146321
0.2527208272770328842490146321
0.2524930468811960659668701462
0.2524930468811960659668701462
0.2524930468811960659668701462
0.2523838696792964180746646158
0.2523838696792964180746646158
0.2523838696792964180746646158
0.2522346455935671851724243315
0.2522346455935671851724243315
0.2522346455935671851724243315
0.2522346455935671851724243315
0.2521265051421834498229886440
0.2521265051421834498229886440
0.2521265051421834498229886440
0.2523688766658197721865942798
0.2523688766658197721865942798
0.2523688766658197721865942798
0.2525213885007536301928897633
0.2525213885007536301928897633
0.2525213885007536301928897633
0.2524132211007422495142273267
0.2524132211007422495142273267
0.2524132211007422495142273267
0.2521979059407565565109136909
0.2521979059407565565109136909
0.2521979059407565565109136909
0.2522336005203693504772303320
0.2522336005203693504772303320
0.2522336005203693504772303320
0.2522646697654000092526607390
0.2522646697654000092526607390
0.2522646697654000092526607390
0.2521971797488052577774073865
0.2521971797488052577774073865
0.2521971797488052577774073865
0.2521971797488052577774073865
0.2525528647808704003178160497
0.2525528647808704003178160497
0.2525528647808704003178160497
0.2526506290876215807510483762
0.2526506290876215807510483762
0.2526506290876215807510483762
0.2525056798433967862823980133
0.2525056798433967862823980133
0.2525056798433967862823980133
0.2524433631392633182227797472
0.2524433631392633182227797472
0.2524433631392633182227797472
0.2521510802777514608131410030
0.2521510802777514608131410030
0.2521510802777514608131410030
0.2519706934535287502041890394
0.2519706934535287502041890394
0.2519706934535287502041890394
0.2523485990037493748173108670
0.2523485990037493748173108670
0.2523485990037493748173108670
0.2524431618736220802785537804
0.2524431618736220802785537804
0.2524431618736220802785537804
0.2524431618736220802785537804
0.2523954507545168635561489489
0.2523954507545168635561489489
0.2523954507545168635561489489
0.2521611395046490553853594341
0.2521611395046490553853594341
0.2521611395046490553853594341
0.2520007369442567677411817353
0.2520007369442567677411817353
0.2520007369442567677411817353
0.2517705459497525369698773531
0.2517705459497525369698773531
0.2517705459497525369698773531
0.2517588856445376661417126614
0.2517588856445376661417126614
0.2517588856445376661417126614
0.2516202035774506865509676835
0.2516202035774506865509676835
0.2516202035774506865509676835
0.2516615757572347790130288182
0.2516615757572347790130288182
0.2516615757572347790130288182
0.2518516653568379504312052717
0.2518516653568379504312052717
0.2518516653568379504312052717
0.2516892281275773668900893875
0.2516892281275773668900893875
0.2516892281275773668900893875
0.2516892281275773668900893875
0.2516557290783295047199571600
0.2516557290783295047199571600
0.2516557290783295047199571600
0.2514812014675730766488640696
0.2514812014675730766488640696
0.2514812014675730766488640696
0.2515610935765301484334471465
0.2515610935765301484334471465
0.2515610935765301484334471465
0.2515205064149810792897340717
0.2515205064149810792897340717
0.2515205064149810792897340717
0.2514758490380845076785534199
0.2514758490380845076785534199
0.2514758490380845076785534199
0.2514758490380845076785534199
0.2516733598762607056526562088
0.2516733598762607056526562088
0.2516733598762607056526562088
0.2517269545771473672420390941
0.2517269545771473672420390941
0.2517269545771473672420390941
0.2519246251380880769916790749
0.2519246251380880769916790749
0.2519246251380880769916790749
0.2519585713040955891738772491
0.2519585713040955891738772491
0.2519585713040955891738772491
0.2516823233530812720084117973
0.2516823233530812720084117973
0.2516823233530812720084117973
0.2516998067327133997969568257
0.2516998067327133997969568257
0.2516998067327133997969568257
0.2517924465064672319017828337
0.2517924465064672319017828337
0.2517924465064672319017828337
0.2517991835189469685046080815
0.2517991835189469685046080815
0.2517991835189469685046080815
0.2517991835189469685046080815
0.2518140718678271464274235008
0.2518140718678271464274235008
0.2518140718678271464274235008
0.2515493755792083474423135199
0.2515493755792083474423135199
0.2515493755792083474423135199
0.2514719620014971347977506485
0.2514719620014971347977506485
0.2514719620014971347977506485
0.2513576044857781633114445266
0.2513576044857781633114445266
0.2513576044857781633114445266
0.2512718876774090085288642026
0.2512718876774090085288642026
0.2512718876774090085288642026
0.2512546706180972210527528973
0.2512546706180972210527528973
0.2512546706180972210527528973
0.2511758521117716096607439269
0.2511758521117716096607439269
0.2511758521117716096607439269
0.2511497433205071030483261320
0.2511497433205071030483261320
0.2511497433205071030483261320
0.2511497433205071030483261320
